1593063940397 0.30929457968367446 0
1593064755917 0.24576991346300786 0
1593065565352 0.34037070955736587 0
1593066376328 0.4483770133357031 0
1593067184892 0.34785031163861646 0
1593067996804 0.34182221673315427 0
1593068806808 0.35152548763139607 0
1593069622893 0.39542858725230196 0
1593070436465 0.44125843529820014 0
1593071250958 0.35500954717412375 0
1593072065341 0.3703187287067917 0
1593072878363 0.4351145946544891 0
1593073696741 0.39558253763467643 0
1593074759596 0.45188409274971686 0
1593075702124 0.407261262873835 0
1593076773451 0.45443274592368715 0
1593077874096 0.4245316161857662 0
1593078959472 0.3981630475537335 0
1593080034882 0.4407225072824765 0
1593081128951 0.4722594935638805 0
1593082209095 0.4280033919345078 0
1593083313350 0.4970811726758047 0
1593084413214 0.5202780131834288 0
1593085484318 0.5024491953427406 0
1593086549954 0.4712266475085432 0
1593087618601 0.46826333678858734 0
1593088693796 0.45571937986646344 0
1593089761858 0.4722623816742642 0
1593090834332 0.5374843199154146 0
1593091926879 0.4872893756206819 0
1593093006659 0.4554876353044227 0
1593094084647 0.5071128633999247 0
1593095146389 0.4995778352879104 0
1593096215105 0.49651126216842256 0
1593097261831 0.5198122370572219 0
1593098312810 0.5185831211140339 0
1593099370637 0.5270292199070071 0
1593100437759 0.5058366528598938 0
1593101517721 0.495728064865844 0
1593102567099 0.5279222922100972 0
1593103639481 0.5203177498920137 0
1593104697180 0.5235196991507999 0
1593105757758 0.531288830259336 0
1593106749085 0.525929956393739 0
1593107613906 0.5188975417245543 0
1593108525653 0.5436911719852263 0
1593109348764 0.5315617585720527 0
1593110166836 0.5220567120891492 0
1593110988759 0.5580840475141411 0
1593111806996 0.5438207001549228 0
1593112625356 0.5374808643670603 0
