1593063940401 0.28229902753562847 0
1593064755920 0.22739074790327288 0
1593065565356 0.30834932400471415 0
1593066376332 0.40396698102805007 0
1593067184898 0.31480948653591734 0
1593067996809 0.3122467409582845 0
1593068806812 0.32307871394704546 0
1593069622896 0.35668052527488897 0
1593070436469 0.3937346483312527 0
1593071250960 0.32515599653600935 0
1593072065344 0.337891796548613 0
1593072878365 0.3952055386500194 0
1593073696744 0.3576153297903553 0
1593074759600 0.41195019111568876 0
1593075702128 0.3722223524098931 0
1593076773465 0.413586187698275 0
1593077874099 0.3842688320669078 0
1593078959475 0.36261947767408187 0
1593080034889 0.4004322275797577 0
1593081128954 0.42688367498034663 0
1593082209101 0.3916216812149881 0
1593083313356 0.4553059008116949 0
1593084413217 0.47561557470441596 0
1593085484321 0.4556674260610173 0
1593086549957 0.42286146657980767 0
1593087618605 0.423948604790861 0
1593088693799 0.41466625689828873 0
1593089761881 0.42851239287619197 0
1593090834335 0.4827551559214556 0
1593091926882 0.4405178978569036 0
1593093006662 0.4120255554604509 0
1593094084652 0.45733666841671505 0
1593095146397 0.4525530672481586 0
1593096215150 0.4511783297656938 0
1593097261834 0.4706360489163404 0
1593098312822 0.46886887123711096 0
1593099370640 0.47658781719846655 0
1593100437762 0.4603963283567331 0
1593101517729 0.44886299655661355 0
1593102567107 0.475754859860622 0
1593103639484 0.46847365130035984 0
1593104697183 0.4733297331736296 0
1593105757771 0.4809573703981946 0
1593106749090 0.4735347634596697 0
1593107613909 0.4692080465659103 0
1593108525657 0.48822257075950276 0
1593109348768 0.47854845374984556 0
1593110166840 0.4728245130410868 0
1593110988763 0.5024222014433251 0
1593111807000 0.4901582323406357 0
1593112625360 0.48170734006343663 0
