1593063940403 0.545108859905585 0
1593064755921 0.5663438651555284 0
1593065565360 0.5806123327921126 0
1593066376334 0.7115794140599045 0
1593067184904 0.6093925615116738 0
1593067996812 0.5764199726069638 0
1593068806814 0.6306160135169842 0
1593069622898 0.6429973427379646 0
1593070436471 0.7024847305321442 0
1593071250978 0.619421202417463 0
1593072065346 0.6122530605719757 0
1593072878367 0.6791934671017921 0
1593073696746 0.6499255941992552 0
1593074759602 0.6559390159864714 0
1593075702139 0.6334641959265498 0
1593076773467 0.6528986424099661 0
1593077874107 0.6407820256903433 0
1593078959478 0.6723207959065631 0
1593080034902 0.6694800472942508 0
1593081128959 0.6815721933001245 0
1593082209103 0.649414023192789 0
1593083313364 0.7175197288500471 0
1593084413219 0.731322539066586 0
1593085484324 0.7035350022187311 0
1593086549961 0.6685764795127649 0
1593087618608 0.68421590412326 0
1593088693801 0.6705719963248505 0
1593089761900 0.6780700841099191 0
1593090834337 0.7401082541788861 0
1593091926884 0.7091491238296987 0
1593093006664 0.6855316619816902 0
1593094084660 0.7263480330609441 0
1593095146409 0.7193495115633658 0
1593096215165 0.7127457964395829 0
1593097261836 0.7220654277684379 0
1593098312826 0.7174677513418234 0
1593099370643 0.7252887814214998 0
1593100437768 0.7183024950463093 0
1593101517737 0.7062148330282211 0
1593102567109 0.7306129223035607 0
1593103639487 0.728433645306741 0
1593104697192 0.7305475402820457 0
1593105757779 0.7262282243654377 0
1593106749094 0.7358456713131529 0
1593107613911 0.7243374365027386 0
1593108525659 0.7466975263829252 0
1593109348771 0.7343615644756237 0
1593110166842 0.7237801391380808 0
1593110988776 0.743358247552699 0
1593111807002 0.7380759967696979 0
1593112625362 0.7309043116399838 0
