1593063940402 0.3031221654516184 0
1593064755921 0.2412887050644689 0
1593065565358 0.33284298463433587 0
1593066376333 0.4378216574874516 0
1593067184901 0.34060024701980424 0
1593067996810 0.33493105236703385 0
1593068806813 0.34543280089407763 0
1593069622897 0.3867828615238587 0
1593070436470 0.4309901029734218 0
1593071250961 0.3479298873691999 0
1593072065345 0.3640482286621085 0
1593072878366 0.4265459497329814 0
1593073696745 0.3869412030084654 0
1593074759601 0.4423044032382049 0
1593075702132 0.3986526809623904 0
1593076773466 0.4446511864215857 0
1593077874102 0.41554387159293843 0
1593078959476 0.3902357192291703 0
1593080034894 0.431004038874705 0
1593081128956 0.46258092712861004 0
1593082209102 0.4194531280686906 0
1593083313360 0.4880778948892391 0
1593084413218 0.5095917912881751 0
1593085484322 0.4916966565938743 0
1593086549958 0.46018811084283556 0
1593087618606 0.4578414346777853 0
1593088693800 0.44614540981203793 0
1593089761893 0.4614536316724016 0
1593090834336 0.5237533210516638 0
1593091926883 0.4760374421862976 0
1593093006663 0.4448991932219804 0
1593094084656 0.49518610559734083 0
1593095146405 0.4879886462179525 0
1593096215158 0.4857481138080091 0
1593097261835 0.5084334049674403 0
1593098312824 0.5072403092442671 0
1593099370642 0.51578156738291 0
1593100437765 0.49511082804312495 0
1593101517733 0.48450926836490565 0
1593102567108 0.5157734386776801 0
1593103639486 0.5079629943866559 0
1593104697191 0.5121068232729903 0
1593105757775 0.5188759664651775 0
1593106749091 0.5135534401516706 0
1593107613910 0.5080189030426129 0
1593108525658 0.5309307432195353 0
1593109348769 0.5184645210415619 0
1593110166841 0.5106454071979024 0
1593110988764 0.5447295696618273 0
1593111807001 0.5312723022731047 0
1593112625361 0.5248513795597647 0
