1593063940398 0.30335218498209476 0
1593064755918 0.24214594529794786 0
1593065565353 0.33406868745961255 0
1593066376329 0.4376449756641383 0
1593067184894 0.3415580861542402 0
1593067996806 0.33637028444507777 0
1593068806810 0.3473757874406082 0
1593069622894 0.3877306924371043 0
1593070436467 0.4320220853127151 0
1593071250959 0.348618325685452 0
1593072065342 0.3653789073536586 0
1593072878364 0.4272700525519126 0
1593073696742 0.38759193394200747 0
1593074759597 0.4426225525649004 0
1593075702125 0.3989724368824585 0
1593076773462 0.4459260721133536 0
1593077874097 0.4166408624253907 0
1593078959473 0.3906114367956131 0
1593080034883 0.43199813023948974 0
1593081128952 0.4643509414267531 0
1593082209097 0.4210294170765704 0
1593083313351 0.48969160423025815 0
1593084413215 0.5109815766388147 0
1593085484319 0.49320227802485356 0
1593086549955 0.46140540861686347 0
1593087618602 0.4592474996063041 0
1593088693797 0.44785229421067224 0
1593089761862 0.46182059664036873 0
1593090834333 0.5231381079058439 0
1593091926880 0.47666798563149676 0
1593093006660 0.4460561211861864 0
1593094084648 0.496215535785646 0
1593095146390 0.4898206840423982 0
1593096215106 0.486697831517331 0
1593097261832 0.5098109875398065 0
1593098312813 0.5065862180413423 0
1593099370638 0.5172327827275843 0
1593100437760 0.49576900838295285 0
1593101517722 0.4849219703105787 0
1593102567100 0.5161127053969542 0
1593103639482 0.5087538081083539 0
1593104697180 0.5135131224213144 0
1593105757759 0.5204483682989016 0
1593106749087 0.514387138535208 0
1593107613907 0.5086250459693984 0
1593108525654 0.5325584536843873 0
1593109348765 0.5182419532045396 0
1593110166837 0.5107332219781152 0
1593110988760 0.5456421952445987 0
1593111806998 0.5331340199032418 0
1593112625357 0.5242669881091504 0
