1593063940396 0.3125724008656298 0
1593064755917 0.24770419432341137 0
1593065565350 0.3434717588459555 0
1593066376327 0.4539588850294558 0
1593067184889 0.35313053403857253 0
1593067996803 0.3448591931629361 0
1593068806797 0.3554327104193977 0
1593069622892 0.4003389942540887 0
1593070436464 0.44865169687568 0
1593071250957 0.3582633234114732 0
1593072065340 0.37608093761266653 0
1593072878363 0.44142520446891303 0
1593073696740 0.4009596464422333 0
1593074759595 0.4569223886787566 0
1593075702123 0.41101682452167393 0
1593076773449 0.4593630618416382 0
1593077874095 0.4290304734170855 0
1593078959471 0.4035366940037526 0
1593080034881 0.4454781679718622 0
1593081128949 0.4779435172411545 0
1593082209093 0.4328013215431548 0
1593083313349 0.5037114447228291 0
1593084413213 0.5256248423906825 0
1593085484316 0.5078199143995541 0
1593086549952 0.47735677026696005 0
1593087618599 0.47340344453156163 0
1593088693795 0.46052378892490287 0
1593089761852 0.47724369146970885 0
1593090834331 0.5428391477786242 0
1593091926878 0.49263582146735757 0
1593093006658 0.4598426186789645 0
1593094084645 0.5124656148484319 0
1593095146388 0.5046755442499757 0
1593096215104 0.5017758461239198 0
1593097261830 0.5267064210473927 0
1593098312807 0.5261375748792091 0
1593099370636 0.5333342125288464 0
1593100437757 0.511955774240569 0
1593101517719 0.5011537051884701 0
1593102567098 0.5355402416122529 0
1593103639480 0.5267257785021616 0
1593104697179 0.5304019347260169 0
1593105757756 0.5368852166226233 0
1593106749083 0.5317169091649065 0
1593107613904 0.5264581612081614 0
1593108525652 0.5510941430009847 0
1593109348763 0.5374644170786327 0
1593110166835 0.528433188275175 0
1593110988758 0.5640383635459087 0
1593111806995 0.549629135327633 0
1593112625355 0.5446665702595443 0
