1593063884567 0.15145497088969656 0
1593064706834 0.14147316658812942 0
1593065517536 0.1382792923232597 0
1593066329490 0.13566806975921447 0
1593067137612 0.1340844496435514 0
1593067948213 0.13304288024929437 0
1593068758295 0.13210800474961149 0
1593069574423 0.13075874841800242 0
1593070389669 0.12977535006674853 0
1593071202803 0.12968378281220794 0
1593072015748 0.12510889178762832 0
1593072831256 0.12399336493884523 0
1593073648407 0.124021124546275 0
1593074709590 0.12326835275091456 0
1593075628185 0.12289352901279926 0
1593076698462 0.1221699150646049 0
1593077797171 0.12170672499941605 0
1593078882531 0.12146336668537873 0
1593079961605 0.12099166821236863 0
1593081057035 0.12070713141425089 0
1593082135690 0.11870221361856569 0
1593083243761 0.1179656072406832 0
1593084342191 0.11773257472580581 0
1593085414106 0.11731676194308834 0
1593086478518 0.11766767627418492 0
1593087543453 0.11703846538721611 0
1593088622574 0.11674073066167308 0
1593089688311 0.11620108608974877 0
1593090760373 0.11648723621372924 0
1593091857066 0.11626977707739129 0
1593092933519 0.1146521418157852 0
1593094010521 0.1144983924741885 0
1593095072548 0.11452333733552333 0
1593096141579 0.11404171556403692 0
1593097190563 0.11397179465910251 0
1593098241657 0.11384982034338242 0
1593099296750 0.11379085806424194 0
1593100363226 0.11308436684141104 0
1593101444551 0.11317043019119989 0
1593102495120 0.11337659268103766 0
1593103567990 0.1126021094281565 0
1593104628091 0.1125383776838355 0
1593105686484 0.11222340966659514 0
1593106702067 0.11228415077890862 0
1593107541317 0.11221287583678284 0
1593108478220 0.11202572411716435 0
1593109300654 0.11170132736195669 0
1593110120233 0.111996352376247 0
1593110940722 0.11152063399045305 0
1593111760172 0.11172290051807508 0
1593112578682 0.1112616018279258 0
