1590929252844 0.8142523698998659 0
1590930172904 0.8231181069821601 0
1590931123444 0.8071750952346362 0
1590932068300 0.821141513645317 0
1590932988518 0.8137361598737506 0
1590933940250 0.8256649652126185 0
1590934873281 0.824451449446248 0
1590935791032 0.8253625268784521 0
1590936749697 0.8308005133848729 0
1590937678326 0.8289216881981027 0
1590938601516 0.8370247570644079 0
1590939562781 0.8332046684044593 0
1590940484800 0.8388589461433652 0
1590941417852 0.825777334479484 0
1590942382382 0.8340870064299358 0
1590943308137 0.8222726071712092 0
1590944237739 0.8329863794840279 0
1590945199421 0.8219299605021474 0
1590946126818 0.8294032638533019 0
1590947060593 0.8488583051838429 0
1590948024773 0.840729102895279 0
1590948945553 0.8401148009233993 0
1590949865033 0.8405318155704187 0
1590950823334 0.8390811998933035 0
1590951749217 0.8452891619928321 0
1590952678258 0.8371131507678006 0
1590953635932 0.8430735314117402 0
1590954562674 0.8400348307376383 0
1590955494663 0.8356589352074767 0
1590956454915 0.8364704184584024 0
1590957382536 0.8411309188160335 0
1590958310884 0.838300379679489 0
1590959263458 0.8374775995031983 0
1590960195810 0.8453657203633069 0
1590961125296 0.8463568290717222 0
1590962070187 0.8373375632927517 0
1590962992413 0.8398556336546129 0
1590963947603 0.8378093926640022 0
1590964875610 0.8405065839055298 0
1590965801939 0.8423807286664017 0
1590966753385 0.8363812998273169 0
1590967688580 0.8368364375414806 0
1590968613908 0.8400060616538264 0
1590969564277 0.837051162965862 0
1590970497672 0.8398551763250445 0
1590971421229 0.8356956091346787 0
1590972382886 0.8399049083797592 0
1590973315532 0.8379110650016517 0
1590974234126 0.839973722756464 0
1590975191727 0.8416305350307023 0
1590976004566 0.8386851990440655 0
