1590929252840 0.8119516829764071 0
1590930172886 0.822376140095903 0
1590931123393 0.8047774723791797 0
1590932068292 0.8193460350769303 0
1590932988483 0.8119673016584948 0
1590933940243 0.8257919255430219 0
1590934873278 0.8227949706782574 0
1590935791029 0.8248810157633609 0
1590936749693 0.8303369847273022 0
1590937678305 0.8296203250047363 0
1590938601506 0.835856255346974 0
1590939562769 0.8315915844403914 0
1590940484781 0.8379868364550798 0
1590941417819 0.82502637348231 0
1590942382372 0.83377556810082 0
1590943308130 0.8203499984986773 0
1590944237730 0.8326554376847816 0
1590945199401 0.8213332414123317 0
1590946126812 0.8288549042219404 0
1590947060582 0.8483838081768389 0
1590948024768 0.84047942579151 0
1590948945545 0.8396861919884329 0
1590949865026 0.8408504396589521 0
1590950823326 0.8387714548471649 0
1590951749213 0.8442799819588638 0
1590952678254 0.8366820884763471 0
1590953635919 0.8429460901869067 0
1590954562670 0.8394796047942321 0
1590955494661 0.8350803941290277 0
1590956454906 0.8347202313070085 0
1590957382524 0.8399664641428285 0
1590958310881 0.8374179673285491 0
1590959263455 0.8365985952464255 0
1590960195802 0.8447784919278396 0
1590961125288 0.8464794287088881 0
1590962070179 0.8372995321903673 0
1590962992406 0.8391079952892386 0
1590963947590 0.8363163543974703 0
1590964875602 0.8403202163716648 0
1590965801935 0.8423256525954007 0
1590966753374 0.8360343796346889 0
1590967688571 0.8363060211978963 0
1590968613899 0.8395593675016275 0
1590969564249 0.836081247479153 0
1590970497666 0.8400548043860951 0
1590971421221 0.8345920022619876 0
1590972382879 0.8398021896418839 0
1590973315523 0.8379720001534391 0
1590974234121 0.8400131384809455 0
1590975191720 0.8413334189535681 0
1590976004561 0.8384087361714205 0
