1590929252827 0.7784139740355993 0
1590930172814 0.7587438011266108 0
1590931123343 0.7546714811046974 0
1590932068276 0.7953572204561675 0
1590932988470 0.7649852186830378 0
1590933940227 0.8051119516036175 0
1590934873263 0.8009918550016221 0
1590935791017 0.8045630980922399 0
1590936749679 0.8081773857929507 0
1590937678270 0.8243342341315028 0
1590938601477 0.8106707446266271 0
1590939562725 0.8169877064898801 0
1590940484736 0.8342279169435466 0
1590941417772 0.818366933867158 0
1590942382354 0.8185618803001383 0
1590943308114 0.8083435761760096 0
1590944237706 0.82189690718807 0
1590945199371 0.801105474864908 0
1590946126791 0.8059273018736636 0
1590947060558 0.8414043508542628 0
1590948024749 0.8357684775474715 0
1590948945528 0.8351371621197577 0
1590949865010 0.8426634925330221 0
1590950823309 0.83850420695361 0
1590951749183 0.849465700281133 0
1590952678241 0.8305376887067556 0
1590953635897 0.843691884932583 0
1590954562637 0.8336720108198479 0
1590955494652 0.8345406502416227 0
1590956454887 0.8295147178989972 0
1590957382510 0.8464119598078599 0
1590958310874 0.840983038403432 0
1590959263446 0.8390135593424722 0
1590960195784 0.8535298435666834 0
1590961125260 0.8487098723561873 0
1590962070162 0.8349705464073012 0
1590962992389 0.8395395862081432 0
1590963947568 0.8394269324959095 0
1590964875584 0.8450849131928689 0
1590965801922 0.841959017473296 0
1590966753349 0.8406884245360909 0
1590967688548 0.8383249807557329 0
1590968613884 0.8439989287970504 0
1590969564210 0.8407343070025581 0
1590970497653 0.8408664885563641 0
1590971421206 0.8397878058615176 0
1590972382865 0.8414154615426958 0
1590973315510 0.8432455701743264 0
1590974234058 0.849119591995813 0
1590975191703 0.8489026353787935 0
1590976004547 0.8472911443017918 0
