1590929252831 0.7414114838299731 0
1590930172834 0.7283244206560788 0
1590931123366 0.7241382092430263 0
1590932068280 0.7651293426381426 0
1590932988474 0.7357667120759472 0
1590933940231 0.7732948359781618 0
1590934873267 0.767626675494244 0
1590935791022 0.7758446350654257 0
1590936749684 0.7820978961936302 0
1590937678275 0.7923441192631385 0
1590938601481 0.7843572852572711 0
1590939562730 0.7898890883485284 0
1590940484745 0.8074637756863642 0
1590941417776 0.7896502978827922 0
1590942382357 0.7880560445213416 0
1590943308118 0.7791261342279151 0
1590944237710 0.7980188551211965 0
1590945199376 0.7788178656898797 0
1590946126795 0.7841952016483158 0
1590947060564 0.8180350237379534 0
1590948024753 0.8082220041828592 0
1590948945532 0.808276564601169 0
1590949865014 0.8158969305547532 0
1590950823313 0.812913601473923 0
1590951749201 0.8230756995430762 0
1590952678244 0.8082885482983929 0
1590953635901 0.8168111128685586 0
1590954562652 0.8106617601503222 0
1590955494655 0.8076054973931444 0
1590956454890 0.8025755612758232 0
1590957382515 0.8197861925704875 0
1590958310876 0.8146484231084757 0
1590959263449 0.8139144787348308 0
1590960195787 0.8281316384925582 0
1590961125269 0.8253021845119661 0
1590962070166 0.8107524280123346 0
1590962992393 0.8150091525740115 0
1590963947572 0.8139835664244285 0
1590964875588 0.8202622819335107 0
1590965801926 0.8174060657392088 0
1590966753353 0.8147405841479253 0
1590967688552 0.8143841618441091 0
1590968613888 0.8196138437070725 0
1590969564216 0.8146738492032204 0
1590970497656 0.8169714397633304 0
1590971421209 0.8123184870566827 0
1590972382868 0.8161962926883627 0
1590973315514 0.8180422324507953 0
1590974234088 0.8232440745539692 0
1590975191707 0.8229725748193557 0
1590976004551 0.8214384414693257 0
