1590929252832 0.7236121385808683 0
1590930172842 0.7122218499909675 0
1590931123370 0.708593312435 0
1590932068282 0.7489321388966612 0
1590932988476 0.7202596311236795 0
1590933940233 0.7550729252684847 0
1590934873269 0.7482580124665038 0
1590935791023 0.7592786409659334 0
1590936749685 0.7671177786471568 0
1590937678282 0.7741271633205985 0
1590938601482 0.7697469487148506 0
1590939562731 0.7734922212776814 0
1590940484749 0.7916182350240616 0
1590941417778 0.7719077948114903 0
1590942382360 0.7707889410435596 0
1590943308119 0.7617614044287048 0
1590944237711 0.7839700811349076 0
1590945199383 0.7652864934197807 0
1590946126796 0.7710863673908982 0
1590947060565 0.8043605609011824 0
1590948024754 0.7920926158115322 0
1590948945534 0.7921228681377438 0
1590949865015 0.7994847554223623 0
1590950823314 0.7974406895018126 0
1590951749203 0.8085249063549631 0
1590952678246 0.794737742002545 0
1590953635902 0.8011198942913396 0
1590954562653 0.7972387101172349 0
1590955494656 0.7932238050442156 0
1590956454892 0.7881740870689222 0
1590957382516 0.8042412357127078 0
1590958310877 0.7991511528569876 0
1590959263450 0.7993699539364818 0
1590960195790 0.8121401238117074 0
1590961125272 0.8110771300925096 0
1590962070167 0.7960883760973805 0
1590962992394 0.8010572549198772 0
1590963947573 0.7996906892642355 0
1590964875589 0.8059602625654532 0
1590965801927 0.802343743507027 0
1590966753354 0.7998725738490949 0
1590967688553 0.7995479996682532 0
1590968613889 0.8049657587633676 0
1590969564220 0.8001843500786445 0
1590970497658 0.8021480808772268 0
1590971421211 0.7972477563420217 0
1590972382870 0.8003690424967441 0
1590973315515 0.801962949710626 0
1590974234093 0.8072994711753403 0
1590975191708 0.8079182703063167 0
1590976004552 0.8060883737320005 0
