1590929252838 0.8276167119589644 0
1590930172880 0.8370150009718261 0
1590931123387 0.8199499534485891 0
1590932068290 0.8342459097762931 0
1590932988482 0.8276019578596638 0
1590933940241 0.83961801215575 0
1590934873276 0.8390345102482639 0
1590935791029 0.8386154212973503 0
1590936749692 0.8431193811335082 0
1590937678301 0.8440325400398058 0
1590938601503 0.8492722890539044 0
1590939562741 0.8464434046311861 0
1590940484775 0.8505780667579274 0
1590941417814 0.8399582076151096 0
1590942382369 0.847695964394567 0
1590943308128 0.8366276618325271 0
1590944237729 0.8448884377847062 0
1590945199400 0.8328836357208386 0
1590946126810 0.8406487239399353 0
1590947060578 0.8600893742935475 0
1590948024766 0.8535863907558298 0
1590948945543 0.8533211639183484 0
1590949865023 0.8533946202092852 0
1590950823324 0.8514622357443715 0
1590951749211 0.8569426411914711 0
1590952678252 0.8481166861476136 0
1590953635915 0.8555782262676819 0
1590954562660 0.8508340339408468 0
1590955494660 0.8482374870637265 0
1590956454905 0.8488798781093578 0
1590957382522 0.8535530019384616 0
1590958310881 0.8501862498556506 0
1590959263454 0.8490388034008826 0
1590960195799 0.8568014079404976 0
1590961125285 0.857097178916881 0
1590962070176 0.8484231489992753 0
1590962992403 0.8518385638413046 0
1590963947587 0.849574417861519 0
1590964875599 0.8521843970333621 0
1590965801934 0.8544496845023484 0
1590966753371 0.8481285484239476 0
1590967688570 0.848932162762533 0
1590968613897 0.8523703224553669 0
1590969564245 0.8497470427592816 0
1590970497664 0.8515323584407678 0
1590971421218 0.8482779271118063 0
1590972382876 0.8522015773083444 0
1590973315521 0.8507594778332117 0
1590974234120 0.852737923791783 0
1590975191717 0.8539218423179042 0
1590976004559 0.8514157583752572 0
