1590929031022 0.2860144845562983 0
1590929957764 0.2544263873130219 0
1590930928997 0.2462551861184917 0
1590931861797 0.24103503289832373 0
1590932779064 0.23507230820721142 0
1590933745754 0.23439950679671273 0
1590934669423 0.230949252775815 0
1590935592398 0.231818985721292 0
1590936551572 0.22972876714653076 0
1590937475389 0.22536135131501717 0
1590938405883 0.21593075368094117 0
1590939355520 0.21450873910019932 0
1590940279326 0.2111767012302734 0
1590941224892 0.21192080789505074 0
1590942168195 0.21037958521549016 0
1590943089088 0.2119986099875681 0
1590944047646 0.2084334048370248 0
1590944982074 0.21068271331182897 0
1590945906228 0.20842287985429372 0
1590946875224 0.20637560499721466 0
1590947807974 0.20424877331681449 0
1590948730883 0.2006199085345007 0
1590949683753 0.19906971576415242 0
1590950608833 0.2004944318097476 0
1590951532303 0.20076142860465943 0
1590952494326 0.1998137398601667 0
1590953419493 0.19847691695303676 0
1590954342930 0.19854700715030166 0
1590955314914 0.19458874808326704 0
1590956233556 0.19900744194037293 0
1590957162347 0.19820140713834328 0
1590958125436 0.19763896206062134 0
1590959045662 0.19464079341659807 0
1590959983074 0.19581879144662048 0
1590960931831 0.1955824928468765 0
1590961852235 0.1919476256522958 0
1590962776000 0.19337714844506626 0
1590963742768 0.19241615956368513 0
1590964659805 0.19322459726300958 0
1590965583178 0.19571329748521657 0
1590966546258 0.19357441964486963 0
1590967470977 0.19348125258401105 0
1590968401156 0.1926902871766047 0
1590969350876 0.19375750157114577 0
1590970279190 0.19272159448225204 0
1590971217089 0.19249277657161565 0
1590972165369 0.19294811669549986 0
1590973096853 0.19231087792681778 0
1590974034957 0.19161037291021651 0
1590974976070 0.19245371700489902 0
1590975842999 0.19096208697176414 0
