1590812576764 0.6315995637157228 0
1590812995176 0.7053704822752459 0
1590813413587 0.693840734534357 0
1590813832709 0.6732996859309706 0
1590814251574 0.7278232147269477 0
1590814670980 0.7247988430187255 0
1590815090163 0.687280066867988 0
1590815509944 0.7650946796115317 0
1590815930036 0.8170068593693998 0
1590816349586 0.7741477078915038 0
1590816769448 0.7971545146429663 0
1590817189484 0.8181033067188601 0
1590817609817 0.7749732534258088 0
1590818030705 0.8217588470067937 0
1590818450535 0.8495462785642156 0
1590818871433 0.8219720281134318 0
1590819292020 0.8273488576011327 0
1590819712707 0.8461735798293762 0
1590820133296 0.8254715515862149 0
1590820554400 0.8193833590128011 0
1590820975315 0.8387826973576671 0
1590821396507 0.8376299358093824 0
1590821817446 0.8310030562754829 0
1590822238437 0.8392624170838683 0
1590822659475 0.8334335938109858 0
1590823081384 0.8334191206809729 0
1590823502856 0.8325151487749353 0
1590823924332 0.8314048523433163 0
1590824345269 0.833579255919042 0
1590824766392 0.8346140703421593 0
1590825187641 0.8335385171735413 0
1590825609791 0.8362469065765565 0
1590826030363 0.8370360405302479 0
1590826451349 0.8368788883409404 0
1590826871911 0.8377226154677371 0
1590827293686 0.8373051013227524 0
1590827714394 0.8376257004472617 0
1590828135546 0.8375209167162148 0
1590828556527 0.8374266415624375 0
1590828978042 0.8376956952387921 0
1590829399439 0.8378363449409778 0
1590829821212 0.837577233306343 0
1590830242437 0.83749562268515 0
1590830664127 0.837059281206751 0
1590831085393 0.8373027040286883 0
1590831506421 0.8370396025499971 0
