1590812576762 0.6377508490235707 0
1590812995174 0.7128238375846387 0
1590813413584 0.6994262976648639 0
1590813832707 0.6779855850511247 0
1590814251570 0.734193289332725 0
1590814670979 0.7306571604446862 0
1590815090160 0.6934040855829012 0
1590815509942 0.7721227971514306 0
1590815930034 0.8243048343101864 0
1590816349584 0.7809233528098901 0
1590816769446 0.8040098908883506 0
1590817189482 0.824917910611319 0
1590817609814 0.7808482869453948 0
1590818030704 0.8284970745881294 0
1590818450534 0.8554865944454723 0
1590818871430 0.8291642818033089 0
1590819292018 0.8346331981288524 0
1590819712705 0.852253737846386 0
1590820133294 0.8321319254027602 0
1590820554398 0.8255645166513618 0
1590820975313 0.8464581821545624 0
1590821396505 0.8450670640610407 0
1590821817442 0.8384900590027865 0
1590822238435 0.8456817328499631 0
1590822659473 0.8409816365538278 0
1590823081382 0.8402219221249634 0
1590823502854 0.8393050522389962 0
1590823924330 0.8383172547962907 0
1590824345267 0.8408297417129353 0
1590824766389 0.8420843437864788 0
1590825187639 0.8408156731403685 0
1590825609789 0.8434646054489099 0
1590826030361 0.8442241573788637 0
1590826451347 0.8441016765662233 0
1590826871909 0.8449494702012129 0
1590827293683 0.8444346929248165 0
1590827714392 0.8447380405962451 0
1590828135544 0.8446454866616679 0
1590828556522 0.8445389817114213 0
1590828978039 0.8449245696995465 0
1590829399437 0.8449865286549791 0
1590829821210 0.844772459927093 0
1590830242435 0.8446796153013065 0
1590830664125 0.8441784786798294 0
1590831085391 0.8444389367519816 0
1590831506419 0.8441865785785685 0
