1590812576770 0.6005439822578749 0
1590812995182 0.668886538713591 0
1590813413593 0.6620214040889907 0
1590813832715 0.6468501448647378 0
1590814251582 0.6978945825463613 0
1590814670986 0.695481417680265 0
1590815090169 0.6548798100756658 0
1590815509950 0.7314855193549158 0
1590815930042 0.7834225140310178 0
1590816349593 0.7445463113043513 0
1590816769454 0.7663248923786269 0
1590817189490 0.781792503884826 0
1590817609828 0.7448602363784821 0
1590818030711 0.789677334762672 0
1590818450541 0.8182149806606264 0
1590818871438 0.7893181904149246 0
1590819292025 0.7966752956750297 0
1590819712713 0.8135638369008628 0
1590820133302 0.7925834751402825 0
1590820554406 0.7863036452784246 0
1590820975320 0.8045878944263185 0
1590821396512 0.8061153168741185 0
1590821817455 0.7984041411474972 0
1590822238444 0.8079090551259707 0
1590822659481 0.8024820105702773 0
1590823081390 0.8009510595257583 0
1590823502862 0.8007795551230241 0
1590823924338 0.7998958558359319 0
1590824345275 0.8016190256332801 0
1590824766398 0.8019435944294525 0
1590825187647 0.801247865074525 0
1590825609800 0.8038501254633804 0
1590826030368 0.8046197876264776 0
1590826451355 0.8046839375430243 0
1590826871917 0.8053693051625407 0
1590827293692 0.8049666722139764 0
1590827714400 0.8053081193755124 0
1590828135552 0.8051050743682093 0
1590828556538 0.8050536330876139 0
1590828978048 0.8054436229337312 0
1590829399445 0.8055323718241313 0
1590829821218 0.8052316032862642 0
1590830242443 0.8050347391790779 0
1590830664133 0.8045415640150166 0
1590831085399 0.8048676973059478 0
1590831506427 0.8045634561442754 0
