1590812493992 0.30531922423627955 0
1590812916362 0.2815730557639218 0
1590813334529 0.2776750316898498 0
1590813753750 0.27231790323758265 0
1590814172588 0.2698597747105113 0
1590814592102 0.2662600675189989 0
1590815011137 0.26579349580601125 0
1590815431078 0.259588596471668 0
1590815851253 0.25830764768744363 0
1590816270646 0.25657454437229055 0
1590816690484 0.2570656654838274 0
1590817110737 0.2531943888618396 0
1590817530830 0.25195613256572974 0
1590817951784 0.24719090477602015 0
1590818371850 0.24884581671663997 0
1590818792478 0.24821224694068617 0
1590819213305 0.24730366036384063 0
1590819633876 0.24721373278184755 0
1590820054470 0.2478978477815199 0
1590820475472 0.24626299822647896 0
1590820896409 0.24588354976748575 0
1590821317614 0.24549324065446854 0
1590821738526 0.2463656980434113 0
1590822159602 0.24643073755608508 0
1590822580621 0.2455196695832106 0
1590823002406 0.2480210160186305 0
1590823423961 0.245555859477915 0
1590823845297 0.245223693064684 0
1590824266278 0.2467006035369529 0
1590824687553 0.24394771315642363 0
1590825108742 0.24587833550731106 0
1590825530803 0.24318449040489085 0
1590825951404 0.24403687253506226 0
1590826372470 0.2444668123443451 0
1590826793010 0.24413666812449517 0
1590827214742 0.24495877030156774 0
1590827635442 0.24494346645633144 0
1590828056590 0.24694038539595858 0
1590828477617 0.245201980221201 0
1590828899000 0.24465525150299072 0
1590829320518 0.24561851771449197 0
1590829742371 0.24396598696179644 0
1590830163417 0.24522089817114837 0
1590830585142 0.246338930576158 0
1590831006405 0.2454155143901441 0
1590831427510 0.2446639886974583 0
