1590812494001 0.2563996871371241 0
1590812916368 0.24122702330350876 0
1590813334535 0.2363566605473411 0
1590813753755 0.233662053722249 0
1590814172597 0.2329635717547857 0
1590814592106 0.23109230976661987 0
1590815011142 0.22941429229706703 0
1590815431085 0.2235892512918224 0
1590815851258 0.2240684076967324 0
1590816270653 0.2201815330417904 0
1590816690489 0.22213553919418325 0
1590817110741 0.21616508344397742 0
1590817530842 0.21937662407138644 0
1590817951788 0.21377797803935214 0
1590818371854 0.2140020449045142 0
1590818792488 0.2132001848086803 0
1590819213310 0.21552172779331547 0
1590819633883 0.2122651964602386 0
1590820054474 0.21307760816530363 0
1590820475476 0.21436069830811236 0
1590820896414 0.21208746069987144 0
1590821317622 0.21154907685236113 0
1590821738530 0.2135883404834736 0
1590822159610 0.2126142943840055 0
1590822580629 0.21419417849306524 0
1590823002412 0.21745615602421337 0
1590823423968 0.21382711007750246 0
1590823845302 0.21171390075655377 0
1590824266282 0.21155495985725223 0
1590824687562 0.21063648481693495 0
1590825108753 0.21324105353574074 0
1590825530808 0.2145560236548531 0
1590825951413 0.2116701490074925 0
1590826372475 0.21093085514017818 0
1590826793016 0.20809115949996124 0
1590827214746 0.20969863623909696 0
1590827635451 0.20996068713404017 0
1590828056597 0.21156789873831372 0
1590828477625 0.21168414679681055 0
1590828899005 0.2114838151448577 0
1590829320522 0.21331892925253987 0
1590829742375 0.21463777340904494 0
1590830163426 0.2120289981541549 0
1590830585147 0.21399581136964482 0
1590831006410 0.2121614197478492 0
1590831427515 0.21221972543459672 0
