1590171186943 0.09769235361940784 0
1590172031436 0.12037110521510995 0
1590172881956 0.12761191879222772 0
1590173729222 0.13040052064459554 0
1590174578086 0.14846392767035616 0
1590175424449 0.17250827816336003 0
1590176273010 0.17442281450585434 0
1590177119038 0.1740348596429562 0
1590177969250 0.1797594710190535 0
1590178820006 0.16518001085178477 0
1590179673585 0.1368401841924397 0
1590180520134 0.14224887592714752 0
1590181367672 0.14346169324672803 0
1590182220021 0.1845864273796489 0
1590183070665 0.17401080212262465 0
1590183917629 0.19204791679672584 0
1590184766839 0.20608888992616003 0
1590185618024 0.18885507831405668 0
1590186460028 0.2050126635219904 0
1590187313529 0.21125731594953195 0
1590188160657 0.16596446968185516 0
1590189004232 0.16797768805899863 0
1590189860289 0.17074556069603616 0
1590190709996 0.17675344663394393 0
1590191519754 0.1712192388086159 0
1590192328596 0.18539734692578747 0
1590193135538 0.20038755214899825 0
1590193945165 0.20385925631464286 0
1590194755136 0.20167204847306278 0
1590195556905 0.20182308417958542 0
1590196362709 0.1927233972827028 0
1590197169997 0.19641690883568577 0
1590197974206 0.19831499801134447 0
1590198779523 0.20017761635634607 0
1590199587831 0.20142269080718123 0
1590200393436 0.20493291649290668 0
1590201196992 0.20054883015860328 0
1590202004006 0.20058991259013823 0
1590202811690 0.1935497468928006 0
