1590171186942 0.16452489954151972 0
1590172031424 0.20062954773565178 0
1590172881955 0.21219717837383864 0
1590173729220 0.20717534780692257 0
1590174578085 0.24073111811861683 0
1590175424446 0.26982390529862843 0
1590176273008 0.27124326396518067 0
1590177119036 0.2674701750777438 0
1590177969241 0.2780829894118955 0
1590178820002 0.2646882675090387 0
1590179673581 0.23608769970667084 0
1590180520133 0.23681302894614684 0
1590181367670 0.23676954357619479 0
1590182220019 0.2829600743496285 0
1590183070663 0.27480149754088234 0
1590183917627 0.2926175935249108 0
1590184766837 0.30019522850461716 0
1590185618022 0.28147602221303863 0
1590186460027 0.2953723390028447 0
1590187313527 0.30299206262129497 0
1590188160655 0.26368436545814977 0
1590189004231 0.2651833510761854 0
1590189860287 0.26999513938718167 0
1590190709994 0.2763488509685244 0
1590191519752 0.2705993466173261 0
1590192328592 0.28399167976556255 0
1590193135525 0.2989655349226739 0
1590193945163 0.3001862297782244 0
1590194755134 0.3002519339968836 0
1590195556902 0.2996381981688608 0
1590196362707 0.2922894334457667 0
1590197169996 0.2939453390207188 0
1590197974203 0.29605226722713474 0
1590198779522 0.29832469320292193 0
1590199587830 0.2997359953755099 0
1590200393432 0.3037866170267262 0
1590201196991 0.2988298728644659 0
1590202004002 0.2996045079283497 0
1590202811689 0.2936015277716066 0
