1590171186950 0.12039364211155315 0
1590172031463 0.13662052933760202 0
1590172881962 0.14306548974447791 0
1590173729230 0.1479577213882303 0
1590174578091 0.16441839018706575 0
1590175424456 0.1847559711284088 0
1590176273017 0.1826031651954588 0
1590177119044 0.1822879988987405 0
1590177969276 0.19030521140671913 0
1590178820019 0.1731381095486697 0
1590179673602 0.14317010444440215 0
1590180520139 0.14881181443595157 0
1590181367682 0.1473739749930845 0
1590182220027 0.18923537961849202 0
1590183070673 0.1780241493121011 0
1590183917634 0.1960384834494381 0
1590184766845 0.21008017550483266 0
1590185618028 0.19582214884944005 0
1590186460034 0.20895121613595033 0
1590187313534 0.21390107197005065 0
1590188160663 0.1680801757451704 0
1590189004240 0.16891281490383567 0
1590189860294 0.17250349507740612 0
1590190710002 0.17766648420004855 0
1590191519759 0.17276390071158007 0
1590192328608 0.18636395443297846 0
1590193135561 0.20147989247390363 0
1590193945170 0.2045350509095885 0
1590194755141 0.20280867567373612 0
1590195556922 0.2032715615999139 0
1590196362716 0.19353782995680946 0
1590197170002 0.19722567888498121 0
1590197974219 0.1993709550971828 0
1590198779529 0.2006537906357873 0
1590199587836 0.2034352005239942 0
1590200393450 0.20620690392246455 0
1590201196998 0.20272485774902835 0
1590202004024 0.2024731694965461 0
1590202811695 0.1952781095266693 0
