1590171186948 0.1951753586239138 0
1590172031456 0.22269705827859695 0
1590172881960 0.2347331160411902 0
1590173729227 0.2298886330220822 0
1590174578090 0.2630869857875295 0
1590175424454 0.284937988047428 0
1590176273015 0.2819167224782784 0
1590177119042 0.2784295601723004 0
1590177969267 0.2918210556676061 0
1590178820015 0.2738241343301101 0
1590179673598 0.24427991722390113 0
1590180520138 0.245020128271555 0
1590181367679 0.24158858199007247 0
1590182220026 0.28850196732658945 0
1590183070671 0.27936225361109446 0
1590183917633 0.2974413706137321 0
1590184766844 0.3047785258746513 0
1590185618027 0.29012392527639813 0
1590186460032 0.299615083891984 0
1590187313532 0.30600395744069286 0
1590188160662 0.26592531403381225 0
1590189004238 0.266293889659717 0
1590189860292 0.2721762000292337 0
1590190710001 0.27729137453090763 0
1590191519757 0.2723172720235043 0
1590192328605 0.2851095665804029 0
1590193135557 0.3001028640948903 0
1590193945169 0.3006497785032687 0
1590194755139 0.30134057754121185 0
1590195556917 0.30102214202022753 0
1590196362714 0.29312091450724753 0
1590197170000 0.2947026243659242 0
1590197974216 0.2971279778466859 0
1590198779528 0.2988220112391353 0
1590199587835 0.302022766432308 0
1590200393446 0.3051222174357413 0
1590201196996 0.30127239743346773 0
1590202004020 0.30188596998964806 0
