1590171186952 0.14166853666320442 0
1590172031475 0.16043056006767242 0
1590172881964 0.1685846870838884 0
1590173729234 0.16810272686576125 0
1590174578093 0.19024505483472795 0
1590175424458 0.2079544871897523 0
1590176273020 0.2048315986751751 0
1590177119046 0.20378996713973743 0
1590177969289 0.21264042991889773 0
1590178820025 0.19840766802815868 0
1590179673614 0.1730559347605415 0
1590180520142 0.1757949011024268 0
1590181367688 0.1739086263067834 0
1590182220029 0.21236220150291543 0
1590183070677 0.20264987407707502 0
1590183917637 0.21746837168118657 0
1590184766848 0.22815163553288764 0
1590185618030 0.2157949344381599 0
1590186460036 0.22729481819731664 0
1590187313536 0.23260845384803408 0
1590188160666 0.1937791415493063 0
1590189004243 0.1946303796055985 0
1590189860296 0.19850482344846032 0
1590190710004 0.20263268319160485 0
1590191519761 0.19827874198834708 0
1590192328614 0.21010683518895087 0
1590193135566 0.2226121282780229 0
1590193945173 0.22468103398287356 0
1590194755143 0.22356544049283353 0
1590195556928 0.22433018274707464 0
1590196362719 0.216998702392584 0
1590197170004 0.21948356933656774 0
1590197974226 0.22122274292717078 0
1590198779532 0.2228786635003479 0
1590199587838 0.2251688501499632 0
1590200393456 0.22751029881061313 0
1590201197001 0.22466894337265833 0
1590202004031 0.2247191679970062 0
1590202811697 0.2185300262938946 0
