1590170981552 0.1343476213180562 0
1590171826903 0.0615943070914335 0
1590172676601 0.044407532951486146 0
1590173524752 0.048597659286701074 0
1590174374623 0.03417909697767767 0
1590175218268 0.025822802353726297 0
1590176068897 0.02000951309092829 0
1590176916112 0.016418567041450196 0
1590177763057 0.01286317031273351 0
1590178615976 0.011934561427127338 0
1590179468249 0.008160085502196655 0
1590180318464 0.005395694170408308 0
1590181163389 0.003919292780598508 0
1590182013542 0.0031537167597098692 0
1590182865704 0.0026688512122492324 0
1590183714561 0.002258327633462376 0
1590184560714 0.0019378324745297562 0
1590185411247 0.001871926559196659 0
1590186259308 0.0015181750081442328 0
1590187108015 0.0015071336751235258 0
1590187958030 0.0014360474018918633 0
1590188802443 0.0008619793287631645 0
1590189654273 0.0006752476758122969 0
1590190506474 0.0006211822304142694 0
1590191327716 0.0005262141079358152 0
1590192135207 0.0005418917537342656 0
1590192943516 0.0005819356412363111 0
1590193751896 0.00047392917298756226 0
1590194562254 0.00047591276683273565 0
1590195367093 0.0004927485126013847 0
1590196170348 0.0004804408502320656 0
1590196979137 0.00039988038492644264 0
1590197782739 0.00036001342540350665 0
1590198587600 0.0002906338970686691 0
1590199395715 0.000323073671337132 0
1590200202330 0.00032017027083985054 0
1590201004069 0.0002762086885679731 0
1590201811932 0.0002522369462061031 0
1590202618636 0.00025570410547943377 0
