1590170981551 0.2809945753688938 0
1590171826902 0.21798507866812764 0
1590172676600 0.20134917175059996 0
1590173524752 0.19542292427715235 0
1590174374622 0.18331417786549978 0
1590175218267 0.17088643675381363 0
1590176068893 0.15998830573350725 0
1590176916111 0.1498452582036496 0
1590177763056 0.1389526297895885 0
1590178615975 0.13127199665538444 0
1590179468248 0.1127307744784855 0
1590180318463 0.09633134655520734 0
1590181163384 0.0848608993382769 0
1590182013542 0.07582145207067785 0
1590182865703 0.06932253876570339 0
1590183714560 0.06299872068934398 0
1590184560713 0.05808014811592429 0
1590185411245 0.053403126212599614 0
1590186259308 0.05016624187476337 0
1590187108014 0.048023419080949335 0
1590187958029 0.04267042587992855 0
1590188802441 0.033596193326749575 0
1590189654272 0.028934223488501925 0
1590190506473 0.02656589856760221 0
1590191327715 0.024899139795239656 0
1590192135206 0.023746056169222853 0
1590192943515 0.022549137108477644 0
1590193751895 0.02181298887056297 0
1590194562249 0.020858162071337075 0
1590195367092 0.020095660079264523 0
1590196170347 0.020366495557214464 0
1590196979136 0.016886951041758837 0
1590197782738 0.0148566715369156 0
1590198587600 0.014080263324063666 0
1590199395714 0.013246629574012504 0
1590200202329 0.012852481298595302 0
1590201004068 0.012543988660612975 0
1590201811931 0.012155307013599194 0
1590202618634 0.01165141469835445 0
