1590170981550 0.31570686147127414 0
1590171826900 0.23256182303533662 0
1590172676598 0.21405509233377498 0
1590173524748 0.2109199071859069 0
1590174374621 0.19366187601066143 0
1590175218262 0.18284396125918306 0
1590176068888 0.17021485560894206 0
1590176916110 0.16194220458508315 0
1590177763055 0.1519219310221917 0
1590178615961 0.14540921322405825 0
1590179468247 0.12654144175314203 0
1590180318461 0.11353244573534216 0
1590181163378 0.1018429304462467 0
1590182013540 0.09251850651999477 0
1590182865702 0.08606504626742292 0
1590183714558 0.0790539925848096 0
1590184560712 0.07139409941485908 0
1590185411244 0.06698719167179423 0
1590186259306 0.06565438918647817 0
1590187108012 0.06187228182388461 0
1590187958027 0.05780364005092598 0
1590188802430 0.048453810313324554 0
1590189654271 0.043727765485741574 0
1590190506472 0.0415593430454589 0
1590191327714 0.03946027050909949 0
1590192135204 0.03845929731212277 0
1590192943513 0.036795116287958465 0
1590193751894 0.037123088135428084 0
1590194562246 0.035281217878845444 0
1590195367090 0.0343747636193917 0
1590196170346 0.03478141982400058 0
1590196979135 0.02922646586781711 0
1590197782737 0.026853642822964933 0
1590198587598 0.025518274443682896 0
1590199395713 0.025158268789993218 0
1590200202328 0.02434453439061662 0
1590201004066 0.024037283802705818 0
1590201811929 0.02381964008814578 0
1590202618632 0.02296414020658147 0
