1592709474764 0.6002555133250738 0
1592710189758 0.5703605649156551 0
1592710903462 0.5856698948485415 0
1592711615721 0.6075023992980529 0
1592712330277 0.6934772104307171 0
1592713043445 0.5980836746481284 0
1592713752910 0.6256373368983982 0
1592714423627 0.6917803986462443 0
1592715093631 0.6935923281423266 0
1592715765436 0.7363196261817616 0
1592716437346 0.6870766593703619 0
1592717108563 0.6932875210668674 0
1592717776669 0.7011583843494151 0
1592718448509 0.7331004000874243 0
1592719121247 0.7248963951437059 0
1592719791551 0.710849544718127 0
1592720460732 0.7510027307548182 0
1592721132560 0.71793739362979 0
1592721804029 0.7011767928290592 0
1592722473864 0.7396765560439367 0
1592723144240 0.7508509626746518 0
1592723815409 0.7496625633148033 0
1592724485818 0.7620902881126679 0
1592725156773 0.735366569068963 0
1592725817799 0.7586433777760827 0
1592726452077 0.7542204542406323 0
1592727083318 0.7469641689928419 0
1592727715832 0.7512916166732334 0
1592728345297 0.7308455927437586 0
1592728978342 0.7405797655853957 0
1592729612449 0.7620541885459661 0
1592730246930 0.75251700154384 0
1592730878232 0.7616828456409229 0
1592731511507 0.7682403544765146 0
1592732145734 0.7595126780833762 0
1592732777882 0.7600394096924558 0
1592733412089 0.7638129237650764 0
1592734045881 0.7565890149654066 0
1592734678597 0.7696046911529084 0
1592735309288 0.7708641830494946 0
1592735942262 0.7718103528048846 0
1592736574604 0.7796711134884976 0
1592737206283 0.782745473785188 0
1592737838029 0.7752717693428506 0
1592738470677 0.7651447840633857 0
1592739104818 0.7727885169133424 0
1592739736074 0.7716983386817147 0
1592740367825 0.766696991941299 0
1592740999165 0.7781426319917687 0
1592741630837 0.7802651538037063 0
1592742264902 0.7659069163264862 0
