1592709356724 0.8404730954269568 0
1592710073224 0.7362930931813187 0
1592710787333 0.7056406280067232 0
1592711500241 0.6769607664479149 0
1592712214249 0.6669304289213486 0
1592712925587 0.6514761177367634 0
1592713641026 0.644212150035633 0
1592714311552 0.6335315393987629 0
1592714981876 0.620955225204428 0
1592715653150 0.6142046013143327 0
1592716324981 0.5839434101556739 0
1592716996499 0.5721182556036446 0
1592717664972 0.5674072056636215 0
1592718336556 0.5616102444049385 0
1592719008928 0.5567095590341422 0
1592719680006 0.5528278437856998 0
1592720349122 0.5440190645679831 0
1592721021119 0.5422747663574087 0
1592721691742 0.5397036716673109 0
1592722362137 0.5325606456398964 0
1592723032528 0.5148759439215064 0
1592723704401 0.5078958293795586 0
1592724374500 0.5032587348090278 0
1592725045216 0.501516419822971 0
1592725709586 0.5000635890372925 0
1592726343988 0.49357470535362763 0
1592726975401 0.4898169332390858 0
1592727607678 0.4866882678990563 0
1592728237261 0.4830807174659438 0
1592728870188 0.4843076165392995 0
1592729504000 0.471590343500591 0
1592730138871 0.46853482194658785 0
1592730770271 0.4670791173271007 0
1592731403415 0.4666159917062355 0
1592732037355 0.466088854374571 0
1592732669709 0.46404372287396756 0
1592733303663 0.4628289228460441 0
1592733937463 0.4595740659390059 0
1592734570287 0.45811717428473964 0
1592735201143 0.4586207112649249 0
1592735833986 0.45309399590517085 0
1592736466220 0.4490812339654399 0
1592737098153 0.4493791165616777 0
1592737729973 0.4488721609529522 0
1592738362502 0.4484942995115287 0
1592738997026 0.4444883562210533 0
1592739627748 0.44626465627302725 0
1592740259750 0.4434213940468099 0
1592740891159 0.4431063164729211 0
1592741522739 0.4426240891590714 0
1592742156340 0.43727654423978596 0
