1595411909242 0.5872671705505838 0
1595413464085 0.5903219541758942 0
1595415010598 0.6492016632133484 0
1595416550962 0.6890088660364379 0
1595418097254 0.6543243566689424 0
1595419665164 0.6675334662925763 0
1595421228474 0.6784412043868384 0
1595422814584 0.6920824317373311 0
1595424384435 0.7190236553363989 0
1595425974413 0.6730539455205926 0
1595427544558 0.6762498685281723 0
1595429104720 0.7389657175373517 0
1595430697597 0.7342399282142393 0
1595432277561 0.7578335616636804 0
1595433843801 0.7594107470170445 0
1595435406308 0.7348125501058705 0
1595436986648 0.7552454047925012 0
1595438556389 0.7446696410808776 0
1595440115090 0.743914341583211 0
1595441686012 0.751753804208639 0
1595443236316 0.7451322988453947 0
1595444793442 0.7221508407711905 0
1595446321212 0.7462030395010122 0
1595447848807 0.7397845197403757 0
1595449370446 0.739914020043054 0
1595450891252 0.7589783043959379 0
1595452413340 0.7458065785131869 0
1595453935801 0.7601771856652801 0
1595455459114 0.743220527836941 0
1595456978200 0.7429317861366644 0
1595458502150 0.7626991799286029 0
1595460018376 0.7531616640346116 0
1595461541800 0.7599445910917956 0
1595463057623 0.7546814977129939 0
1595464585070 0.7501580433481666 0
1595466100513 0.7512938330063852 0
1595467622443 0.7465647841591951 0
1595469156291 0.760677606579046 0
1595470676735 0.7530291319136149 0
1595472199740 0.7573959987221256 0
1595473721097 0.7547776813172895 0
1595475243424 0.7542544615201039 0
1595476766747 0.7527606251391187 0
1595478308363 0.7498848523148477 0
1595479846149 0.7548500424884983 0
1595481388594 0.7559233601326578 0
1595482923775 0.7484950807405594 0
1595484454736 0.7510554091506304 0
1595486007710 0.7490114890314749 0
1595487548900 0.7506804085874346 0
1595489094444 0.7512707578725801 0
1595490643712 0.7529381669367737 0
1595492203566 0.7548688904113379 0
1595493756127 0.7530800976877399 0
1595495306862 0.7519513741104338 0
1595496873242 0.7525051652574898 0
1595498415651 0.7496100208368938 0
1595499980952 0.7524797540709546 0
1595501527426 0.7517701123068045 0
1595503057988 0.7582012110038666 0
1595504593024 0.7520536714899422 0
1595506126907 0.7532008193701704 0
1595507656726 0.7549718621006047 0
1595509170022 0.7554220172603899 0
1595510697313 0.7525962558147832 0
1595512221615 0.7533601054188941 0
