1595411909330 0.6599789291179262 0
1595413464138 0.7644280972620149 0
1595415010656 0.7922311949783576 0
1595416551007 0.7737400419862136 0
1595418097336 0.7962172347740454 0
1595419665225 0.8048678603699124 0
1595421228501 0.7900365717940038 0
1595422814642 0.7798164762833663 0
1595424384537 0.7909599142777743 0
1595425974432 0.8106646426457012 0
1595427544625 0.8040973405588829 0
1595429104782 0.786487713848779 0
1595430697672 0.8147371099637911 0
1595432277678 0.8103035042195844 0
1595433843818 0.8055419722664975 0
1595435406352 0.8098208465895665 0
1595436986691 0.7995122864837286 0
1595438556444 0.8169066841499992 0
1595440115228 0.8148712354603104 0
1595441686031 0.8099894926436093 0
1595443236360 0.8115325679618292 0
1595444793499 0.8086904783408345 0
1595446321225 0.8053492609783034 0
1595447848854 0.8113133845467658 0
1595449370502 0.8049328618304238 0
1595450891277 0.8115055477580163 0
1595452413369 0.8097701901512622 0
1595453935851 0.8109427640375255 0
1595455459167 0.8091805446187773 0
1595456978247 0.8140805226588052 0
1595458502199 0.8048630990139628 0
1595460018450 0.8092426114301426 0
1595461541856 0.8080605109023099 0
1595463057676 0.8069189602995893 0
1595464585108 0.8084899086227271 0
1595466100549 0.805748225209897 0
1595467622505 0.8066339391627805 0
1595469156310 0.810425519658409 0
1595470676747 0.8119099770763153 0
1595472199762 0.809187762779327 0
1595473721119 0.8103350860495033 0
1595475243462 0.8101800366686079 0
1595476766804 0.8106768050599248 0
1595478308472 0.8122766490650997 0
1595479846210 0.8095113854724726 0
1595481388680 0.8100772740354273 0
1595482923829 0.8111767235179977 0
1595484454808 0.8102646446319653 0
1595486007958 0.81122984246575 0
1595487548919 0.8103482819449145 0
1595489094472 0.8109781959748962 0
1595490643777 0.811398231249572 0
1595492203629 0.8101323291739618 0
1595493756196 0.8106284840356199 0
1595495306930 0.8100055345604146 0
1595496873258 0.8112391368903918 0
1595498415766 0.8123969212887489 0
1595499980985 0.8115361935768548 0
1595501527449 0.8102665522788343 0
1595503058011 0.8092290236966955 0
1595504593056 0.8100077495731163 0
1595506126924 0.8105742134734122 0
1595507656745 0.811156579812304 0
1595509170034 0.8113851661705233 0
1595510697339 0.8111766716224321 0
1595512221633 0.8107683249663853 0
