1595411909247 0.575276024212284 0
1595413464096 0.5802230251520502 0
1595415010609 0.63927245559305 0
1595416550977 0.6773122427922512 0
1595418097259 0.6437491599859145 0
1595419665181 0.6577324441881413 0
1595421228478 0.6665216742948934 0
1595422814597 0.6796978707707049 0
1595424384442 0.7074495469866454 0
1595425974418 0.6625963596860805 0
1595427544577 0.6645743564344092 0
1595429104735 0.7265257357945573 0
1595430697602 0.7226797019317625 0
1595432277575 0.7450483614314901 0
1595433843806 0.7469466397061465 0
1595435406319 0.7222751995897855 0
1595436986665 0.7434175508720315 0
1595438556406 0.7336180311634931 0
1595440115098 0.7323025062617997 0
1595441686018 0.7390955831447094 0
1595443236321 0.7328005645983433 0
1595444793449 0.7111016611726583 0
1595446321217 0.7343327352185093 0
1595447848819 0.7285896067096007 0
1595449370455 0.7276210144297952 0
1595450891256 0.7470900191218117 0
1595452413345 0.7332685011354125 0
1595453935812 0.7481978183616791 0
1595455459127 0.731769595401751 0
1595456978213 0.7319108045227137 0
1595458502154 0.7510250315113373 0
1595460018381 0.7418066753431107 0
1595461541815 0.7476220295409638 0
1595463057637 0.742861105833453 0
1595464585079 0.7383359640794175 0
1595466100522 0.7394845844041186 0
1595467622447 0.735488705268574 0
1595469156295 0.749248230844298 0
1595470676739 0.7416172914584994 0
1595472199745 0.7457255093214754 0
1595473721102 0.7432636228726063 0
1595475243437 0.7427779469978613 0
1595476766752 0.7412320574921818 0
1595478308373 0.7384182015201679 0
1595479846157 0.7427352787964844 0
1595481388606 0.7445229160144073 0
1595482923785 0.7369635011312997 0
1595484454746 0.7396399813289984 0
1595486007782 0.7374977842200564 0
1595487548905 0.7391692148766108 0
1595489094455 0.7400538614596431 0
1595490643723 0.7413323572700743 0
1595492203572 0.7435171816637092 0
1595493756131 0.7416770777767167 0
1595495306867 0.7407010270176926 0
1595496873246 0.7412892891809594 0
1595498415661 0.7386279504574862 0
1595499980959 0.7412119899875081 0
1595501527430 0.7405344606612155 0
1595503057993 0.7468413966878505 0
1595504593029 0.7405068375033931 0
1595506126911 0.741761198080988 0
1595507656730 0.7436552236009132 0
1595509170027 0.7440022049783569 0
1595510697317 0.741433935227254 0
1595512221619 0.7420757937563865 0
