1595411909245 0.5543215379978359 0
1595413464088 0.5638061991245742 0
1595415010601 0.6222336789875336 0
1595416550964 0.6580331454310526 0
1595418097257 0.6268609728695069 0
1595419665167 0.6426482597005746 0
1595421228476 0.6473751601691347 0
1595422814587 0.6593074820482936 0
1595424384438 0.6886631708789857 0
1595425974415 0.646648517923146 0
1595427544568 0.6462903345567345 0
1595429104723 0.7065672950851347 0
1595430697599 0.7039460770579844 0
1595432277563 0.7257101234103687 0
1595433843803 0.7278569300852814 0
1595435406311 0.7034607048804267 0
1595436986655 0.7238082856066511 0
1595438556391 0.7166031749157057 0
1595440115092 0.7139116426637695 0
1595441686014 0.7198298123306139 0
1595443236319 0.7134318588839526 0
1595444793444 0.693916915817268 0
1595446321214 0.7158423784431001 0
1595447848810 0.7112768739211816 0
1595449370448 0.7081142560089246 0
1595450891254 0.7290724052558993 0
1595452413342 0.7144721788989649 0
1595453935803 0.7297776661032748 0
1595455459116 0.7148812343062431 0
1595456978202 0.7154134289790893 0
1595458502152 0.7331271297579799 0
1595460018378 0.7244153355724107 0
1595461541803 0.7295265495576572 0
1595463057625 0.7256933134904535 0
1595464585077 0.7199826002089219 0
1595466100515 0.7216060375813687 0
1595467622445 0.7185333777959626 0
1595469156293 0.7318710667170197 0
1595470676737 0.7243797250191303 0
1595472199743 0.728541991983949 0
1595473721100 0.7262693372797536 0
1595475243427 0.7262652712108475 0
1595476766749 0.7238567943215949 0
1595478308365 0.7211743826245874 0
1595479846151 0.7253960390935354 0
1595481388602 0.7270728259056088 0
1595482923777 0.7195883780782578 0
1595484454740 0.722530463718902 0
1595486007780 0.7203248407489682 0
1595487548903 0.7224028248043604 0
1595489094447 0.7229681651905607 0
1595490643715 0.723890239113836 0
1595492203568 0.7262314987014863 0
1595493756129 0.7241648310195464 0
1595495306864 0.7232250545605926 0
1595496873244 0.7243427203063054 0
1595498415653 0.7218060206395684 0
1595499980954 0.7241759993943083 0
1595501527428 0.7231476812430967 0
1595503057990 0.7295993043714848 0
1595504593027 0.7232188361479596 0
1595506126909 0.7244437802899296 0
1595507656728 0.7265560972670084 0
1595509170024 0.7268312746558954 0
1595510697315 0.7242101141807737 0
1595512221617 0.7247047205538604 0
