1595411909230 0.6082916638390421 0
1595413464083 0.6069204203259627 0
1595415010596 0.6666846415648845 0
1595416550959 0.7083062913542464 0
1595418097247 0.6705297718997302 0
1595419665162 0.6823425720435773 0
1595421228471 0.6969795389998021 0
1595422814582 0.7116433097549241 0
1595424384433 0.7376461748552768 0
1595425974411 0.688426383032169 0
1595427544555 0.6941689306569355 0
1595429104717 0.7581441122004278 0
1595430697589 0.7519999099687276 0
1595432277559 0.7753979246665943 0
1595433843799 0.7779598511826766 0
1595435406305 0.7518360329866532 0
1595436986646 0.7737913956214494 0
1595438556386 0.7612281982963578 0
1595440115088 0.76210609302685 0
1595441686010 0.7698910252617613 0
1595443236314 0.7640231956817818 0
1595444793440 0.7391709980113528 0
1595446321210 0.7646401395911235 0
1595447848805 0.7563934626256181 0
1595449370443 0.7581338209538954 0
1595450891250 0.7765077149147318 0
1595452413338 0.7633506271812853 0
1595453935799 0.7779897455442939 0
1595455459111 0.7602160665070269 0
1595456978198 0.7585549697126418 0
1595458502148 0.7810058563768317 0
1595460018374 0.7707689939626442 0
1595461541798 0.7768016702996391 0
1595463057620 0.771824424228546 0
1595464585068 0.7678976432086184 0
1595466100511 0.7690615175635029 0
1595467622440 0.7638482803662228 0
1595469156289 0.77817974422926 0
1595470676733 0.7696760985045542 0
1595472199737 0.7748322182479612 0
1595473721095 0.7719717494003068 0
1595475243422 0.7710640861373883 0
1595476766745 0.7700321514778042 0
1595478308360 0.7668637796656029 0
1595479846146 0.7712607949873258 0
1595481388585 0.7732863631411002 0
1595482923772 0.7657394263634564 0
1595484454731 0.7678444604467117 0
1595486007702 0.7654838984406734 0
1595487548896 0.7669979482283386 0
1595489094442 0.7681231095129679 0
1595490643710 0.769738622281746 0
1595492203563 0.7717761642379134 0
1595493756124 0.769559151001877 0
1595495306860 0.7690746105770119 0
1595496873240 0.7693853008664175 0
1595498415648 0.7663514195829838 0
1595499980950 0.769218774125603 0
1595501527424 0.7688912994955581 0
1595503057985 0.7753120371708814 0
1595504593021 0.7689630978866411 0
1595506126905 0.7702079195452551 0
1595507656724 0.772028480853377 0
1595509170020 0.7723605768888884 0
1595510697311 0.7697318445385836 0
1595512221612 0.7702195681447712 0
