1595411909291 0.6603652368997766 0
1595413464123 0.764427929375739 0
1595415010631 0.792176723193494 0
1595416551002 0.773749434389057 0
1595418097316 0.7969297351152489 0
1595419665210 0.8051296628522606 0
1595421228491 0.7903598779657973 0
1595422814616 0.7804349813799092 0
1595424384487 0.7917229441686081 0
1595425974423 0.8102559294401075 0
1595427544619 0.8043842457554252 0
1595429104742 0.7872296485064844 0
1595430697647 0.815360611971597 0
1595432277639 0.8110196074062294 0
1595433843812 0.8059973495062112 0
1595435406339 0.8105746141006613 0
1595436986678 0.7998130007223008 0
1595438556428 0.8170687810110714 0
1595440115112 0.8154957858146478 0
1595441686024 0.8106745535101227 0
1595443236329 0.8122803974505455 0
1595444793462 0.8083624837138562 0
1595446321222 0.8060019231820004 0
1595447848840 0.8123953057023938 0
1595449370483 0.8054795737338437 0
1595450891270 0.8125625724937728 0
1595452413360 0.81112808023587 0
1595453935837 0.8120898204222976 0
1595455459148 0.8096514363806068 0
1595456978233 0.8149189565715845 0
1595458502179 0.8055384405615381 0
1595460018427 0.8103329556213282 0
1595461541831 0.8083222922448556 0
1595463057659 0.8078272940124869 0
1595464585105 0.8097805491313195 0
1595466100536 0.8067586549611397 0
1595467622487 0.8076323899119126 0
1595469156303 0.8113104645431337 0
1595470676744 0.8126670407181873 0
1595472199755 0.8091902769619695 0
1595473721108 0.8109238200470078 0
1595475243450 0.8104129550814211 0
1595476766761 0.8112009691225053 0
1595478308380 0.8129436465878508 0
1595479846179 0.8102262698861582 0
1595481388644 0.8110781032801048 0
1595482923807 0.8119108140937745 0
1595484454781 0.8109812683259892 0
1595486007850 0.8119836309894135 0
1595487548912 0.8113381544576967 0
1595489094461 0.8117142633481281 0
1595490643748 0.8122940999923123 0
1595492203614 0.811268755869495 0
1595493756174 0.8116113319881514 0
1595495306879 0.811190865545445 0
1595496873252 0.8122784011238083 0
1595498415689 0.8131927258594819 0
1595499980973 0.8125846390706464 0
1595501527442 0.8110014750280073 0
1595503057999 0.810095920149534 0
1595504593045 0.8109963183368483 0
1595506126917 0.811435034131083 0
1595507656738 0.8116661384330558 0
1595509170031 0.8121143631586387 0
1595510697326 0.8117024320330314 0
1595512221626 0.8114549749471666 0
