1595411909241 0.5988689690686521 0
1595413464084 0.5993920016516704 0
1595415010597 0.6592223965931572 0
1595416550961 0.6995930663963338 0
1595418097248 0.6633262900493864 0
1595419665163 0.6755566184015701 0
1595421228473 0.6892585184227574 0
1595422814583 0.7027936471950432 0
1595424384434 0.7298217234155848 0
1595425974412 0.6816518507442122 0
1595427544557 0.6864304675413084 0
1595429104718 0.749984480151573 0
1595430697594 0.7441203436222615 0
1595432277560 0.7680840665116729 0
1595433843800 0.7701115232185203 0
1595435406306 0.7450997735215745 0
1595436986647 0.7659945492427966 0
1595438556388 0.7542452485430059 0
1595440115089 0.754284923274575 0
1595441686011 0.7620018125235736 0
1595443236315 0.7560457109470851 0
1595444793441 0.7322984217236408 0
1595446321211 0.7567106343282816 0
1595447848806 0.7495054054606375 0
1595449370444 0.7504854412472615 0
1595450891251 0.7693392953109756 0
1595452413339 0.7554811735442026 0
1595453935800 0.770373959821069 0
1595455459112 0.7525935318106853 0
1595456978199 0.7521372011302675 0
1595458502149 0.7731494192010383 0
1595460018375 0.7633955032120279 0
1595461541799 0.7691676392561827 0
1595463057622 0.7640795623063288 0
1595464585069 0.7601577844416215 0
1595466100512 0.7608396423277854 0
1595467622442 0.7559708451076304 0
1595469156290 0.7707756362212013 0
1595470676734 0.7626092010949128 0
1595472199739 0.7671091087719137 0
1595473721096 0.7644984641121308 0
1595475243423 0.7633226617573131 0
1595476766746 0.7625053488651564 0
1595478308362 0.759062276017369 0
1595479846147 0.7639014835104813 0
1595481388590 0.7658272962759067 0
1595482923774 0.757598280699555 0
1595484454733 0.760193668780137 0
1595486007706 0.7584419805662932 0
1595487548899 0.7597737473169128 0
1595489094443 0.7609992325766058 0
1595490643711 0.7622805060971873 0
1595492203565 0.7644744834495374 0
1595493756126 0.7625023119190885 0
1595495306861 0.7616915832565193 0
1595496873240 0.761993486440254 0
1595498415650 0.7594209573979219 0
1595499980951 0.7618792340250574 0
1595501527425 0.761538739651713 0
1595503057987 0.7681309781636274 0
1595504593023 0.761746525270292 0
1595506126906 0.7629244972541468 0
1595507656725 0.7644712402890155 0
1595509170021 0.7649066368153298 0
1595510697312 0.7624395079453687 0
1595512221614 0.7631969020273066 0
