1595411909284 0.6804363311284549 0
1595413464114 0.7861287474484836 0
1595415010621 0.8139346074378842 0
1595416550991 0.7960131599283666 0
1595418097305 0.8162531907590984 0
1595419665191 0.8255514800197266 0
1595421228484 0.8134438172312404 0
1595422814606 0.8012989067298705 0
1595424384484 0.8117215650374804 0
1595425974420 0.8318144731820292 0
1595427544586 0.8271201188837176 0
1595429104738 0.8077619173006196 0
1595430697609 0.8369039281383693 0
1595432277582 0.8320445384066053 0
1595433843808 0.8279260664498344 0
1595435406328 0.8323750813548215 0
1595436986672 0.8213774804469679 0
1595438556417 0.8388537139273943 0
1595440115104 0.8371280019710049 0
1595441686020 0.8336627284246175 0
1595443236323 0.835199181593853 0
1595444793455 0.8304179392683568 0
1595446321219 0.8264858408438228 0
1595447848830 0.8330206971249219 0
1595449370461 0.8284154975548698 0
1595450891259 0.8327926610472012 0
1595452413351 0.8331410124678247 0
1595453935825 0.8329852353931556 0
1595455459138 0.831231263437837 0
1595456978220 0.8361396738694815 0
1595458502157 0.8261396703602891 0
1595460018388 0.831096570051546 0
1595461541825 0.8294403013994628 0
1595463057646 0.8287367838776046 0
1595464585097 0.8301549883700803 0
1595466100530 0.8268082628638308 0
1595467622452 0.8276762355207726 0
1595469156299 0.8316123440294907 0
1595470676741 0.8330602800915681 0
1595472199750 0.8309181084450458 0
1595473721104 0.831419090777405 0
1595475243439 0.8310526547775824 0
1595476766754 0.8320947968237564 0
1595478308375 0.833480989973744 0
1595479846177 0.8304562734733414 0
1595481388642 0.8310428051285985 0
1595482923795 0.8324882244193351 0
1595484454775 0.8309100103141603 0
1595486007787 0.8322191157873452 0
1595487548908 0.8313350776055194 0
1595489094457 0.8318344544560567 0
1595490643734 0.8325743925889146 0
1595492203577 0.8309499042776322 0
1595493756134 0.8315756973744161 0
1595495306869 0.8313833977689046 0
1595496873248 0.8323320176262117 0
1595498415672 0.8336753531810063 0
1595499980967 0.8324395981375694 0
1595501527432 0.8311775203931675 0
1595503057995 0.8297546078927599 0
1595504593032 0.8309991109578327 0
1595506126914 0.8314424537144106 0
1595507656734 0.8321350483160018 0
1595509170029 0.832387020892114 0
1595510697320 0.8322014952422985 0
1595512221622 0.8314783448792005 0
