1595411909250 0.6869747465228209 0
1595413464101 0.7934696245978693 0
1595415010613 0.8212806775864031 0
1595416550983 0.8023933874400684 0
1595418097266 0.8223259909701813 0
1595419665189 0.8319967210979154 0
1595421228480 0.8206763951952624 0
1595422814602 0.8076763336878241 0
1595424384444 0.8179298422082444 0
1595425974419 0.83888887134493 0
1595427544581 0.8345966034163297 0
1595429104737 0.8134807714287935 0
1595430697606 0.843874667541759 0
1595432277579 0.8386363663906504 0
1595433843807 0.8342799793881442 0
1595435406324 0.8390801939110236 0
1595436986669 0.8276362730644492 0
1595438556412 0.8446891509908993 0
1595440115101 0.8442787587209762 0
1595441686019 0.8405872474710496 0
1595443236322 0.8412113773519501 0
1595444793452 0.8372639699664809 0
1595446321218 0.833732649300046 0
1595447848824 0.8392893266261698 0
1595449370458 0.8345343850557988 0
1595450891257 0.8386188732548637 0
1595452413348 0.8389488704719844 0
1595453935817 0.8392036730273524 0
1595455459133 0.837888768231697 0
1595456978216 0.8419326916121394 0
1595458502155 0.8327540250866325 0
1595460018382 0.8381377345128975 0
1595461541818 0.8361283445277091 0
1595463057642 0.8354419530294954 0
1595464585096 0.8375581463176383 0
1595466100526 0.8336523226283281 0
1595467622449 0.8343427452395582 0
1595469156298 0.8377178563659088 0
1595470676740 0.8391222077489727 0
1595472199747 0.8376055635204331 0
1595473721103 0.8374980056599717 0
1595475243438 0.8382510693107976 0
1595476766753 0.838714287745136 0
1595478308374 0.8405837844521877 0
1595479846175 0.8365501206625838 0
1595481388610 0.8374555810612997 0
1595482923790 0.8388068235466686 0
1595484454750 0.8375253910677871 0
1595486007783 0.8387080158632713 0
1595487548906 0.8376723059294389 0
1595489094456 0.8384284338578467 0
1595490643730 0.8387282431555263 0
1595492203576 0.8369796648578781 0
1595493756132 0.8375763988732747 0
1595495306868 0.8373436387990478 0
1595496873247 0.8383786306254063 0
1595498415668 0.8397776820714822 0
1595499980964 0.8385985217880295 0
1595501527431 0.8375121788690256 0
1595503057994 0.8357630176548348 0
1595504593030 0.8371172355356157 0
1595506126913 0.8378375840775288 0
1595507656732 0.8382625875867914 0
1595509170028 0.8383600938602868 0
1595510697318 0.8383482284219707 0
1595512221621 0.8377971072653804 0
