1595411610240 0.2660410088955322 0
1595413162336 0.24546060820043233 0
1595414703685 0.23819215779064315 0
1595416237243 0.23422914112185172 0
1595417768946 0.22898369620251913 0
1595419313502 0.22467959344288616 0
1595420854671 0.22192835935770627 0
1595422401900 0.21707437583033848 0
1595423950812 0.21315255372313602 0
1595425501128 0.21191371336247092 0
1595427051499 0.20979924086545934 0
1595428598339 0.20777286519623314 0
1595430165784 0.19471621280805224 0
1595431741859 0.1855436396515143 0
1595433302778 0.18176676343409706 0
1595434876582 0.17975066351211336 0
1595436451540 0.17589977522043035 0
1595438026250 0.17275779462372537 0
1595439586959 0.16730843260453615 0
1595441163442 0.16498252865723792 0
1595442725656 0.16126564030037943 0
1595444306525 0.15747729164696644 0
1595445859276 0.15894427810642564 0
1595447398324 0.15627984705663336 0
1595448929061 0.14810652411323652 0
1595450466310 0.1416316978282716 0
1595451986308 0.14012644052025605 0
1595453524581 0.13806358989078973 0
1595455055948 0.1373326840797404 0
1595456576978 0.13491331122378789 0
1595458103235 0.129558283008149 0
1595459621768 0.1265597561763447 0
1595461138758 0.1240365357160519 0
1595462658215 0.12494834935451027 0
1595464178255 0.12166913586471023 0
1595465695541 0.12207725458308549 0
1595467211974 0.1202801494550769 0
1595468742580 0.1191837096388408 0
1595470261431 0.11913968344441285 0
1595471782269 0.11736590437388046 0
1595473307848 0.1168971099882309 0
1595474831045 0.11642313981774816 0
1595476352670 0.11547649942467668 0
1595477879096 0.11533969092551191 0
1595479408156 0.11441828044397491 0
1595480934031 0.11552207936508954 0
1595482472196 0.1147920057565146 0
1595483991594 0.11463018017955598 0
1595485533217 0.11383324853682154 0
1595487076331 0.11410698284026663 0
1595488613630 0.11361165041247002 0
1595490155733 0.11242338724612796 0
1595491711147 0.1136453070444794 0
1595493259378 0.11241222960792918 0
1595494804783 0.11289478552510038 0
1595496367677 0.11302219469693946 0
1595497914200 0.11326582738429825 0
1595499467383 0.11143516006392698 0
1595501025471 0.11307882243716623 0
1595502580520 0.11065256151945187 0
1595504120892 0.11315289623635451 0
1595505669745 0.11292801603281134 0
1595507223716 0.11168139947933613 0
1595508753615 0.11220430123175992 0
1595510284606 0.113071199649565 0
1595511812840 0.11240252314256942 0
