1595411610242 0.16534294180024467 0
1595413162338 0.15481695113511346 0
1595414703687 0.15224048436229431 0
1595416237247 0.15041759310860855 0
1595417768948 0.1475777352685578 0
1595419313504 0.14648708842639388 0
1595420854673 0.1441237138358155 0
1595422401902 0.14155594296722646 0
1595423950814 0.14007797908010214 0
1595425501130 0.13925122890796768 0
1595427051502 0.13786585892463743 0
1595428598341 0.13721718069728892 0
1595430165786 0.1293943907564135 0
1595431741861 0.1257345439277091 0
1595433302780 0.12453185524530001 0
1595434876584 0.12286900670492974 0
1595436451542 0.12107680636149709 0
1595438026253 0.11957544318464154 0
1595439586961 0.11816862765715005 0
1595441163444 0.11882791463916308 0
1595442725658 0.1160210698018578 0
1595444306527 0.11531165408925712 0
1595445859278 0.11450492134156255 0
1595447398326 0.1133304585039025 0
1595448929063 0.1085163350167056 0
1595450466312 0.10645363108861751 0
1595451986310 0.10477737803396658 0
1595453524583 0.10392899820804104 0
1595455055950 0.10328865627751284 0
1595456576980 0.10317328670558164 0
1595458103237 0.10062318491810221 0
1595459621770 0.09889475998032644 0
1595461138760 0.0975384405459578 0
1595462658218 0.09725396035194496 0
1595464178257 0.09589213185769088 0
1595465695543 0.09531254373939937 0
1595467211976 0.09416443845957001 0
1595468742582 0.09379415071787026 0
1595470261433 0.09292054846636723 0
1595471782271 0.09237071111626019 0
1595473307850 0.0912422189576679 0
1595474831047 0.09130446253379793 0
1595476352672 0.09081020186986685 0
1595477879098 0.09006764366146112 0
1595479408158 0.09025132108839655 0
1595480934034 0.08972183863834642 0
1595482472199 0.08882601557316414 0
1595483991596 0.090296166771323 0
1595485533220 0.08931166132485985 0
1595487076333 0.08918760324236925 0
1595488613632 0.0886077265648139 0
1595490155735 0.0882445978497568 0
1595491711150 0.08868798066136711 0
1595493259380 0.08845103828161094 0
1595494804786 0.08742834024537358 0
1595496367679 0.08922321037608517 0
1595497914202 0.08786485344325334 0
1595499467385 0.08756126745655506 0
1595501025473 0.08856448964588806 0
1595502580522 0.08718616130871777 0
1595504120894 0.08856286266457188 0
1595505669747 0.08806391538087736 0
1595507223718 0.08692015217144956 0
1595508753617 0.088180012471857 0
1595510284608 0.08717591473163651 0
1595511812844 0.08739227971675768 0
