1595411610243 2.7434506812213644 0
1595413162340 2.6537325751085623 0
1595414703690 2.6277080066502094 0
1595416237249 2.6200975350225013 0
1595417768950 2.598782670320397 0
1595419313508 2.5850974168308527 0
1595420854675 2.569398917491578 0
1595422401904 2.557234638140627 0
1595423950816 2.5646247433277014 0
1595425501132 2.561287686765166 0
1595427051505 2.541361143646422 0
1595428598343 2.5275049165035823 0
1595430165788 2.487964591270576 0
1595431741864 2.462691737533086 0
1595433302783 2.442896744408618 0
1595434876587 2.4247509178880087 0
1595436451544 2.414533767995904 0
1595438026255 2.4056181640173504 0
1595439586963 2.389171011225666 0
1595441163447 2.3842960644061937 0
1595442725661 2.3791652304719455 0
1595444306530 2.3659777212570767 0
1595445859280 2.371346333525955 0
1595447398328 2.3702317026788315 0
1595448929065 2.3400296643680125 0
1595450466314 2.332084588466741 0
1595451986312 2.322066090991036 0
1595453524586 2.3203681188075658 0
1595455055952 2.3121351703288515 0
1595456576982 2.3041355320572405 0
1595458103239 2.2977155152668685 0
1595459621772 2.2920417655528538 0
1595461138763 2.2857795625849695 0
1595462658220 2.2830523946631085 0
1595464178260 2.2705872103617653 0
1595465695545 2.2721643116594117 0
1595467211978 2.2640627115612277 0
1595468742584 2.262986466407289 0
1595470261436 2.2625553882888476 0
1595471782273 2.253240283615164 0
1595473307852 2.255954608750225 0
1595474831049 2.2606455683813937 0
1595476352674 2.257393035273534 0
1595477879101 2.260637812494838 0
1595479408160 2.2517930690230283 0
1595480934036 2.2505367099667777 0
1595482472201 2.244229264507373 0
1595483991598 2.2503159558767734 0
1595485533222 2.2521914176125324 0
1595487076335 2.2504194834410702 0
1595488613634 2.2491274289729137 0
1595490155737 2.2463561049268392 0
1595491711152 2.253544340364852 0
1595493259382 2.245922246065589 0
1595494804789 2.248983699635354 0
1595496367681 2.250048609619555 0
1595497914205 2.249805966550488 0
1595499467387 2.251739636508184 0
1595501025475 2.248142810483424 0
1595502580524 2.2399428873076808 0
1595504120896 2.2538923891430414 0
1595505669749 2.245353978076868 0
1595507223720 2.2440808905120537 0
1595508753619 2.2436715137097343 0
1595510284610 2.249163786407128 0
1595511812846 2.249788932628202 0
