1595411610242 1.896215550669159 0
1595413162339 1.8899468549709493 0
1595414703688 1.8923036421162347 0
1595416237248 1.9009983551393945 0
1595417768949 1.8998477626299681 0
1595419313506 1.901962228789987 0
1595420854674 1.8994789254458653 0
1595422401903 1.9001987670493659 0
1595423950815 1.9182732612214533 0
1595425501131 1.9219176679677357 0
1595427051503 1.9112653181042973 0
1595428598342 1.9014011083015423 0
1595430165787 1.905791545878945 0
1595431741863 1.905447369661339 0
1595433302782 1.8915876081224121 0
1595434876586 1.8804139266025912 0
1595436451543 1.8836340119679245 0
1595438026254 1.880572807779005 0
1595439586962 1.8742225732220588 0
1595441163445 1.8719659774978725 0
1595442725659 1.8762516351301348 0
1595444306528 1.8725270885362002 0
1595445859279 1.8747085361417712 0
1595447398327 1.882592096297235 0
1595448929064 1.876614070450541 0
1595450466313 1.8816624239000972 0
1595451986311 1.8753694131490517 0
1595453524584 1.879882664645043 0
1595455055951 1.8748139185318762 0
1595456576981 1.8710104302863855 0
1595458103238 1.8801553943352105 0
1595459621771 1.8784182273485166 0
1595461138761 1.8791181217236128 0
1595462658219 1.8761813923113608 0
1595464178258 1.870094174102355 0
1595465695544 1.8736341703440118 0
1595467211977 1.8707164362577442 0
1595468742583 1.8737228742618388 0
1595470261434 1.8727379223219527 0
1595471782272 1.86943642134316 0
1595473307851 1.875384200711963 0
1595474831048 1.8797693587255124 0
1595476352673 1.8785992838153163 0
1595477879100 1.8849162565195097 0
1595479408159 1.8765594780100563 0
1595480934035 1.8740532531116147 0
1595482472200 1.871466195455373 0
1595483991597 1.875303227777426 0
1595485533221 1.8791331698538152 0
1595487076334 1.8775871503855157 0
1595488613633 1.8782174079305962 0
1595490155736 1.876882675263037 0
1595491711151 1.8819679289588644 0
1595493259381 1.8769844591273048 0
1595494804788 1.8825792226783506 0
1595496367680 1.8801476903241297 0
1595497914203 1.8797403303283389 0
1595499467386 1.8863444183603189 0
1595501025474 1.8789895671542078 0
1595502580523 1.8770587405914319 0
1595504120895 1.8826587864626152 0
1595505669748 1.8764153160800823 0
1595507223719 1.8795395877910586 0
1595508753618 1.8764684165833314 0
1595510284609 1.8805074038139362 0
1595511812845 1.8840201470007294 0
