1595411610239 0.29541210465988377 0
1595413162334 0.2722993589796181 0
1595414703683 0.2648196042962157 0
1595416237242 0.257609252689497 0
1595417768944 0.25200176424816756 0
1595419313500 0.24605946203433807 0
1595420854669 0.24160406955700095 0
1595422401898 0.23862797323334423 0
1595423950809 0.23581382937415585 0
1595425501127 0.23198725302218406 0
1595427051497 0.22876897705280516 0
1595428598338 0.2274014416752917 0
1595430165781 0.21236704162558084 0
1595431741858 0.2042463445446887 0
1595433302777 0.20240430457595948 0
1595434876580 0.20043307139817396 0
1595436451538 0.19425146019010875 0
1595438026249 0.19290865381255218 0
1595439586957 0.1888149035533138 0
1595441163440 0.18829758907033825 0
1595442725654 0.18658561258277648 0
1595444306523 0.18186331502201142 0
1595445859275 0.18255725358385966 0
1595447398322 0.18103984158261566 0
1595448929059 0.1715564379802329 0
1595450466308 0.16753039939727396 0
1595451986306 0.1663936165236029 0
1595453524580 0.16496581713415984 0
1595455055946 0.16283748649571378 0
1595456576976 0.161611652843082 0
1595458103234 0.15461878421924805 0
1595459621766 0.15480695946048253 0
1595461138757 0.15262613180966342 0
1595462658214 0.15318857879677064 0
1595464178253 0.15029547242009375 0
1595465695539 0.14968653455450454 0
1595467211972 0.1468256875798783 0
1595468742578 0.1452048506301656 0
1595470261430 0.14619928590098163 0
1595471782267 0.14382900137063592 0
1595473307847 0.1430489938124756 0
1595474831043 0.14162038109772074 0
1595476352668 0.1417513417493795 0
1595477879094 0.14105535204146244 0
1595479408154 0.1404889008656304 0
1595480934029 0.1411965505999046 0
1595482472194 0.1405227931230202 0
1595483991593 0.13994003586551063 0
1595485533216 0.1394450993459398 0
1595487076329 0.13897110164030144 0
1595488613628 0.13886361330144667 0
1595490155732 0.13831617741312593 0
1595491711145 0.13956347306302813 0
1595493259377 0.1384810811873067 0
1595494804782 0.13738969730983874 0
1595496367675 0.13779990551308793 0
1595497914198 0.13865225607703088 0
1595499467381 0.13702935639316635 0
1595501025469 0.13808988421712406 0
1595502580518 0.13559203035360423 0
1595504120891 0.13929344940404573 0
1595505669743 0.13824875807831052 0
1595507223714 0.13657801898240945 0
1595508753614 0.1372829019057416 0
1595510284604 0.13813325330848836 0
1595511812838 0.1370599278972525 0
