1595411610241 0.12043907519654486 0
1595413162337 0.09120880182244924 0
1595414703686 0.08015211808482149 0
1595416237244 0.07684319296314955 0
1595417768947 0.07037171197118443 0
1595419313503 0.06590904413724763 0
1595420854672 0.062263849295189716 0
1595422401901 0.059777579060351915 0
1595423950813 0.0573071199288541 0
1595425501129 0.056217823504807904 0
1595427051501 0.05366174869922249 0
1595428598340 0.053712320633226444 0
1595430165785 0.045695400201584024 0
1595431741860 0.04171983974783518 0
1595433302779 0.042606213030849084 0
1595434876583 0.04128424967020061 0
1595436451541 0.039671714255943104 0
1595438026252 0.039803464617426364 0
1595439586960 0.040656474188606934 0
1595441163443 0.040222054541581655 0
1595442725657 0.03904127265679674 0
1595444306526 0.03879837196264155 0
1595445859277 0.04063134435233587 0
1595447398325 0.036989459238445016 0
1595448929062 0.03523629680729658 0
1595450466311 0.034806436252481095 0
1595451986309 0.03539924276415889 0
1595453524582 0.03352704892953216 0
1595455055949 0.03386242494400834 0
1595456576979 0.033426850998403486 0
1595458103236 0.03275986878615885 0
1595459621769 0.033362062587183584 0
1595461138759 0.03246033278968367 0
1595462658216 0.03148011384852166 0
1595464178256 0.03263629611691538 0
1595465695542 0.03145380843841047 0
1595467211975 0.03207599980895839 0
1595468742581 0.03108088115857365 0
1595470261432 0.03155794815513329 0
1595471782270 0.03023824541122767 0
1595473307849 0.029382085279887657 0
1595474831046 0.031528226206614385 0
1595476352671 0.03075570841429449 0
1595477879097 0.029258869346892608 0
1595479408157 0.030075088614970137 0
1595480934033 0.03004298825182242 0
1595482472197 0.028622254599301063 0
1595483991595 0.030146345282957867 0
1595485533219 0.030468238551095806 0
1595487076332 0.030566645332617482 0
1595488613631 0.029827030763586847 0
1595490155734 0.030489267154791316 0
1595491711148 0.02967965063711276 0
1595493259379 0.029593437861437387 0
1595494804784 0.028691653876690752 0
1595496367678 0.02985560870931263 0
1595497914201 0.030282699317566768 0
1595499467384 0.029369434234217073 0
1595501025472 0.029420047029037673 0
1595502580521 0.029453393534474955 0
1595504120893 0.030224394375453746 0
1595505669746 0.0296979725047866 0
1595507223717 0.029361732087800206 0
1595508753616 0.029535881517044307 0
1595510284607 0.030276014903501833 0
1595511812841 0.028914054870893095 0
