1590208211032 0.20028989445226034 0
1590208235322 0.26270641857308374 0
1590208257344 0.2832924419974646 0
1590208280795 0.3055416427462528 0
1590208307057 0.30310824731094277 0
1590208332116 0.2788910205165291 0
1590208357339 0.31595447166504287 0
1590208384363 0.3054097084531924 0
1590208408938 0.2929981987986583 0
1590208434015 0.30497910556273744 0
1590208460806 0.30716867534382675 0
1590208485935 0.2988578916555006 0
1590208511474 0.29371384659631355 0
1590208539015 0.3109542384673034 0
1590208563378 0.2974541320935195 0
1590208588502 0.30345274857067955 0
1590208615301 0.31242129437590066 0
1590208639716 0.3025920081107991 0
1590208663620 0.3024751799937134 0
1590208689921 0.29956362587071833 0
