1590208211030 0.11015679378374664 0
1590208235319 0.15831630085253198 0
1590208257342 0.18246047377366192 0
1590208280793 0.20338050918099793 0
1590208307055 0.21471561507718215 0
1590208332108 0.19601308324804315 0
1590208357336 0.2418651071478383 0
1590208384361 0.22885702321562207 0
1590208408935 0.21255050591939506 0
1590208434008 0.24298160513876235 0
1590208460795 0.23440667272711616 0
1590208485922 0.23720669805581038 0
1590208511471 0.23227435135514932 0
1590208539011 0.25506562101475455 0
1590208563376 0.24481448888274202 0
1590208588500 0.246141323012127 0
1590208615298 0.2631328474748302 0
1590208639713 0.24458516384655185 0
1590208663616 0.2656600480687374 0
1590208689919 0.250074925636878 0
