1590208211031 0.22431183713429556 0
1590208235321 0.2967509646862347 0
1590208257344 0.3102116185455268 0
1590208280795 0.33873758996970543 0
1590208307057 0.333051272517305 0
1590208332113 0.31508918014174014 0
1590208357338 0.3470299806342172 0
1590208384362 0.3386622812542079 0
1590208408937 0.3236717099978854 0
1590208434012 0.33470149237623664 0
1590208460799 0.3373355894752293 0
1590208485931 0.3348940668567832 0
1590208511473 0.3288098815524983 0
1590208539014 0.34032955550014393 0
1590208563377 0.3280552200969627 0
1590208588502 0.33558361674519005 0
1590208615300 0.34531367284694775 0
1590208639715 0.33116098484928697 0
1590208663619 0.34380775804836056 0
1590208689920 0.3294635377429461 0
