1590208211028 0.08450077459459103 0
1590208235317 0.13372273145141048 0
1590208257341 0.14953749967139499 0
1590208280792 0.17063999020104323 0
1590208307054 0.17620362673435497 0
1590208332102 0.1590648978989574 0
1590208357335 0.2021879301796828 0
1590208384359 0.18775988458432993 0
1590208408933 0.16311540812466765 0
1590208434004 0.20797294706365022 0
1590208460786 0.19643637937532776 0
1590208485913 0.1901783045545865 0
1590208511469 0.18902333189027068 0
1590208539009 0.2035852468812751 0
1590208563374 0.19529308330264258 0
1590208588498 0.19858647985836808 0
1590208615297 0.20921157586617078 0
1590208639712 0.19504751165639575 0
1590208663613 0.22041052678353568 0
1590208689917 0.19999393151787173 0
