1590208202851 0.4013459407366239 0
1590208231166 0.27790810053165144 0
1590208253713 0.2251481654552313 0
1590208277043 0.20002323045180395 0
1590208302621 0.19415348252424827 0
1590208326335 0.18046278678453886 0
1590208351472 0.17746588645073083 0
1590208378231 0.16072556376457214 0
1590208403463 0.1500716255261348 0
1590208428438 0.1404771483861483 0
1590208455598 0.12216013268782543 0
1590208480904 0.10704477245991047 0
1590208506582 0.0940408892929554 0
1590208535064 0.08520454856065604 0
1590208559633 0.07547236405886136 0
1590208584140 0.07164722308516502 0
1590208611203 0.06800890169464625 0
1590208635538 0.06868727648487458 0
1590208659815 0.07680530187029105 0
1590208685658 0.06994063349870536 0
