1590208202852 0.4721530687350493 0
1590208231166 0.059450340672181204 0
1590208253715 0.03418070980562614 0
1590208277044 0.025083168051563777 0
1590208302625 0.01785577733356219 0
1590208326339 0.014706752800311033 0
1590208351477 0.012888068333268166 0
1590208378236 0.010481415388102714 0
1590208403464 0.010089363938627334 0
1590208428439 0.00793833790633541 0
1590208455599 0.005789871094748378 0
1590208480908 0.004826038260944188 0
1590208506583 0.004753287702512283 0
1590208535065 0.003320097797908462 0
1590208559634 0.0037977535125369635 0
1590208584141 0.00272699342503284 0
1590208611204 0.0024702677574868384 0
1590208635539 0.00286131627105463 0
1590208659816 0.0025188874077195157 0
1590208685659 0.002443783334456384 0
