1590467676322 0.21023655930784613 0
1590468107555 0.29209959977882816 0
1590468538723 0.1428222414270903 0
1590468968909 0.32208168898259726 0
1590469399228 0.33135868304152694 0
1590469830375 0.3305601801619088 0
1590470259570 0.32677313974908084 0
1590470690433 0.31480220716561536 0
1590471119931 0.33986757489028907 0
1590471550428 0.3003912450058322 0
1590471980501 0.3602712434032632 0
1590472412342 0.3559448772628317 0
1590472841991 0.36114565447877306 0
1590473272332 0.3467043060096333 0
1590473702177 0.3542607372366063 0
1590474131410 0.3649795281101765 0
1590474561080 0.3436743123660428 0
1590474991191 0.34445377061586685 0
1590475420500 0.33932513992691543 0
1590475850527 0.35741715236407107 0
1590476281017 0.35508609573564254 0
1590476711595 0.34413913166649 0
1590477140797 0.3671484666556137 0
