1590467676311 0.1495575439638574 0
1590468107544 0.1809708382629102 0
1590468538711 0.1051854567529711 0
1590468968898 0.20452463269263182 0
1590469399217 0.20792335168971438 0
1590469830364 0.19383549255101698 0
1590470259552 0.22037189294273954 0
1590470690422 0.21603053212850573 0
1590471119921 0.22999882723040815 0
1590471550415 0.19721780241355555 0
1590471980491 0.25236553986964255 0
1590472412332 0.2439337578945082 0
1590472841981 0.2632963103816593 0
1590473272320 0.23607853699977488 0
1590473702167 0.25645539872592027 0
1590474131400 0.26755067785290054 0
1590474561070 0.23227134804612712 0
1590474991180 0.24292082325508804 0
1590475420489 0.23228159894771638 0
1590475850516 0.25925289465477597 0
1590476281005 0.2585568170483456 0
1590476711584 0.23547306691298237 0
1590477140787 0.2701899520954187 0
