1590467676327 0.1731238262643268 0
1590468107562 0.23560421237735987 0
1590468538731 0.09931539562680376 0
1590468968916 0.25059604503306415 0
1590469399234 0.2623643529445235 0
1590469830382 0.2635443214027872 0
1590470259576 0.2617795232886684 0
1590470690439 0.2590878280881911 0
1590471119938 0.27568258053318867 0
1590471550435 0.24960429386792063 0
1590471980508 0.2898797415752363 0
1590472412348 0.2806037264880037 0
1590472841996 0.2894434294823867 0
1590473272339 0.2773252038028504 0
1590473702183 0.2874248098522285 0
1590474131417 0.29218991152351936 0
1590474561085 0.27585501538649415 0
1590474991197 0.2792632336265851 0
1590475420506 0.2749765856094169 0
1590475850534 0.28892491024917116 0
1590476281023 0.28788655087145193 0
1590476711601 0.27469140277181997 0
1590477140803 0.29134782723938396 0
