1590467676314 0.11819219830727784 0
1590468107548 0.14476581594182453 0
1590468538716 0.073752176934622 0
1590468968903 0.159293338365292 0
1590469399221 0.16011446582386915 0
1590469830369 0.157616132239139 0
1590470259558 0.1749635866257613 0
1590470690427 0.176038151165324 0
1590471119925 0.1841264290403652 0
1590471550422 0.16194243893276053 0
1590471980496 0.199193982280636 0
1590472412336 0.189389685753996 0
1590472841985 0.2049717647992708 0
1590473272325 0.18376628839621137 0
1590473702171 0.20541280860646188 0
1590474131404 0.2077216415331031 0
1590474561074 0.18190512012811788 0
1590474991185 0.1914260724846644 0
1590475420493 0.1860399194021506 0
1590475850521 0.20656674606495098 0
1590476281010 0.20319610013763215 0
1590476711589 0.18143627309176072 0
1590477140791 0.20598452941575598 0
