1590467676334 0.1737837638051812 0
1590468107568 0.23895421811917086 0
1590468538738 0.10490697035901575 0
1590468968923 0.25566855427210206 0
1590469399241 0.2648263992065938 0
1590469830390 0.2690179328103734 0
1590470259582 0.2650619800625765 0
1590470690445 0.26162040830407957 0
1590471119944 0.27848800956751335 0
1590471550442 0.25137427795589246 0
1590471980515 0.2934912982683453 0
1590472412353 0.2848782207873442 0
1590472842003 0.2923730303187695 0
1590473272346 0.28001438346750385 0
1590473702190 0.29111732297527426 0
1590474131423 0.2944540324783957 0
1590474561091 0.2779820219797991 0
1590474991202 0.2811081901558245 0
1590475420512 0.2778679893690801 0
1590475850542 0.29261185274442897 0
1590476281029 0.290151195902607 0
1590476711607 0.2768211101794195 0
1590477140808 0.2939160615092013 0
