1590467676313 0.1363472469337344 0
1590468107546 0.1656946038487187 0
1590468538713 0.09068855554620489 0
1590468968901 0.18580909525517217 0
1590469399219 0.18796473607462205 0
1590469830367 0.17828915718501545 0
1590470259554 0.20164958648012826 0
1590470690424 0.19898142465887372 0
1590471119923 0.21045055402614665 0
1590471550419 0.1823193185806424 0
1590471980494 0.22960859137240544 0
1590472412334 0.22012005342215438 0
1590472841983 0.23913215370623153 0
1590473272322 0.21469718488074754 0
1590473702169 0.234716989411699 0
1590474131402 0.24281601536095565 0
1590474561072 0.2114468466910316 0
1590474991183 0.22185180259119233 0
1590475420491 0.2125634968719129 0
1590475850519 0.23695217432145035 0
1590476281008 0.2352164838595477 0
1590476711587 0.21323581276993667 0
1590477140789 0.24309705282373906 0
