1590467676329 0.15044904078793817 0
1590468107564 0.20434622116569381 0
1590468538733 0.08102060447424696 0
1590468968918 0.21295138301327426 0
1590469399236 0.2204921840403665 0
1590469830385 0.22945409680544618 0
1590470259578 0.2250836536600845 0
1590470690441 0.22759501281509192 0
1590471119940 0.23884721197442482 0
1590471550437 0.2197119091309315 0
1590471980511 0.24885351922105964 0
1590472412350 0.23859870966696076 0
1590472841998 0.24600409152504837 0
1590473272341 0.23473390931585195 0
1590473702185 0.24903253703715245 0
1590474131419 0.24711971545371736 0
1590474561087 0.23482744832646923 0
1590474991199 0.23811922074839978 0
1590475420508 0.23792193651507382 0
1590475850537 0.24930268771501907 0
1590476281025 0.2462188579494582 0
1590476711603 0.23073833018364537 0
1590477140805 0.24507653115809686 0
