1590467676308 0.15943041746899203 0
1590468107542 0.19180077574187704 0
1590468538708 0.11844856312169334 0
1590468968896 0.2187612820574797 0
1590469399215 0.22078701888967775 0
1590469830362 0.2047299648411834 0
1590470259550 0.2343916604656232 0
1590470690420 0.2276756000109167 0
1590471119919 0.24294583279252954 0
1590471550411 0.20776167868635215 0
1590471980489 0.2667337901642476 0
1590472412330 0.25952961267017255 0
1590472841979 0.2794643015442811 0
1590473272317 0.2505889284324975 0
1590473702165 0.2724170554180439 0
1590474131398 0.28396996657299156 0
1590474561068 0.24604142829748263 0
1590474991178 0.2577001685857599 0
1590475420487 0.24644345919764907 0
1590475850511 0.2750471065860451 0
1590476281003 0.27361659160629237 0
1590476711582 0.24936486524234716 0
1590477140785 0.2883166393525934 0
