1590467676325 0.1895726307800626 0
1590468107559 0.25951943078870743 0
1590468538729 0.11505268114613816 0
1590468968914 0.27889925335369076 0
1590469399232 0.29385520967081646 0
1590469830380 0.29022791614684457 0
1590470259574 0.2882877628041891 0
1590470690437 0.28357878610175175 0
1590471119936 0.30413168667473783 0
1590471550433 0.2717892625351373 0
1590471980506 0.32237026769212984 0
1590472412346 0.31448724741776957 0
1590472841994 0.32094689332099935 0
1590473272336 0.3080995142460245 0
1590473702181 0.3165808782738775 0
1590474131415 0.3250612081470998 0
1590474561083 0.3054702197848944 0
1590474991195 0.3085771243043815 0
1590475420504 0.3029037421313357 0
1590475850532 0.3188588343327644 0
1590476281021 0.3187404599240154 0
1590476711599 0.3070996471812015 0
1590477140801 0.3247784654979684 0
