1590467676324 0.2013311381926215 0
1590468107557 0.27786743510310313 0
1590468538726 0.12953769086346212 0
1590468968911 0.3025541470600789 0
1590469399230 0.3154058108673486 0
1590469830378 0.3120143883452437 0
1590470259572 0.31046510719078574 0
1590470690435 0.3019393143855982 0
1590471119933 0.32510402358086854 0
1590471550430 0.288415715508225 0
1590471980504 0.34399930256018946 0
1590472412344 0.33891511867148777 0
1590472841992 0.3442631524612711 0
1590473272334 0.3305696243981514 0
1590473702179 0.33952072754200113 0
1590474131412 0.34801806961163817 0
1590474561082 0.3272934236362335 0
1590474991193 0.3299540434523232 0
1590475420502 0.32409950788370456 0
1590475850529 0.34250717580882417 0
1590476281018 0.34039187512354485 0
1590476711597 0.328802387909219 0
1590477140799 0.34989317895539196 0
