1590467588795 0.3449458461365051 0
1590468024338 0.29830523756657834 0
1590468455679 0.2861072180362848 0
1590468886969 0.27786259719076944 0
1590469316878 0.26820944743396263 0
1590469747554 0.26449865080724805 0
1590470177644 0.26002613437422634 0
1590470608022 0.2556814058909755 0
1590471038021 0.2541820242031086 0
1590471467908 0.24865481954001817 0
1590471898269 0.23992035123547154 0
1590472330131 0.2353204238785089 0
1590472760620 0.2334860610891376 0
1590473190699 0.2316489296375647 0
1590473620428 0.2300441884518375 0
1590474049871 0.22730849634789857 0
1590474479342 0.22478594220954284 0
1590474909426 0.22198014962073614 0
1590475338493 0.22118514278054943 0
1590475768962 0.22118727664446688 0
1590476199265 0.21576282569378086 0
1590476629721 0.21217685668955188 0
1590477059621 0.21347972591953165 0
