1594920820457 0.6009659951934797 0
1594923074266 0.5884918850551291 0
1594925295951 0.7351239780406819 0
1594927527996 0.7165930909490534 0
1594929775572 0.7383456485864642 0
1594932018716 0.722685431125567 0
1594934250090 0.7426815976886311 0
1594936493872 0.7580539042099477 0
1594938726654 0.7614832745104412 0
1594940975497 0.7903735071804807 0
1594943205770 0.7636290134404293 0
1594945439360 0.7758427278466942 0
1594947659397 0.7600761978408234 0
1594949887892 0.8026196344012448 0
1594952111680 0.7828185705613881 0
1594954335282 0.7758012674623793 0
1594956560395 0.7730938270044605 0
1594958771181 0.7709370470612188 0
1594960996300 0.777692636310471 0
1594963224196 0.7718947082201676 0
1594965452732 0.7904494093158868 0
1594967691776 0.7749750659986747 0
1594969913592 0.7874404586975775 0
1594972128462 0.791145786724853 0
1594974337453 0.7721545409684565 0
1594976547015 0.7777473420568661 0
1594978770797 0.7812473552842728 0
1594980989418 0.7745200194259974 0
1594983216607 0.7838293246446563 0
1594985426610 0.7903812280526601 0
1594987629270 0.7811114333916431 0
1594989838183 0.7829336843318515 0
1594992050535 0.7829764286083548 0
1594994258669 0.7878436655865926 0
1594996454534 0.786576053574143 0
1594998652622 0.7887635024568018 0
1595000886172 0.7852934277328287 0
1595003083468 0.7751597309267805 0
1595005296807 0.7766355907758579 0
1595007499414 0.7821281938466059 0
1595009702056 0.7819963053817648 0
1595011905063 0.7832080864152468 0
1595014099342 0.7748057662513752 0
1595016321627 0.7771969406114968 0
1595018523921 0.7767311490118771 0
1595020731989 0.7887869750818461 0
1595022940206 0.7854073286080465 0
1595025158535 0.780718888529624 0
1595027371044 0.7815577837047359 0
1595029601360 0.7778080239058895 0
1595031821914 0.7791386332180151 0
1595034036212 0.7838172700899619 0
1595036241664 0.7776594098672597 0
1595038448129 0.7825535739344144 0
1595040676894 0.7809019346293905 0
1595042916006 0.7744851606515315 0
1595045151189 0.7785238751210204 0
1595047372998 0.7845211391092377 0
1595049605735 0.7832683342937459 0
1595051813477 0.7829322036941132 0
1595054032509 0.7810493329883219 0
1595056235850 0.7752463374862477 0
1595058454368 0.7865016910180179 0
1595060660409 0.7746378869493191 0
1595062859666 0.7836214663607388 0
1595065078359 0.7791286554498157 0
1595067303777 0.7863106333137424 0
1595069527180 0.7855210005687694 0
1595071751999 0.7861281133984547 0
1595074006521 0.7860706708493946 0
1595076231246 0.7749225709398867 0
1595078462964 0.782816427980247 0
