1594920820455 0.3551042778290529 0
1594923074265 0.3605290054204229 0
1594925295949 0.36126083570347506 0
1594927527995 0.36140499393882 0
1594929775571 0.3593035851426772 0
1594932018715 0.3676802965006181 0
1594934250089 0.3670506408605221 0
1594936493871 0.36444138155571565 0
1594938726653 0.36806452562159997 0
1594940975496 0.37153687509198124 0
1594943205768 0.3662761895450853 0
1594945439358 0.3647883161073162 0
1594947659396 0.3637537039451663 0
1594949887891 0.3613058433780103 0
1594952111679 0.3624202833377285 0
1594954335280 0.362029340746953 0
1594956560394 0.3614863217457656 0
1594958771180 0.3638977297889268 0
1594960996299 0.36281741361881475 0
1594963224195 0.36373457593374936 0
1594965452730 0.3635828068586351 0
1594967691775 0.3625815131702883 0
1594969913591 0.36334009507442805 0
1594972128460 0.36280015768152923 0
1594974337451 0.3622963503286612 0
1594976547014 0.3620749187527279 0
1594978770796 0.3622438582166621 0
1594980989408 0.362702492222485 0
1594983216606 0.36283149474237053 0
1594985426609 0.3630942492702167 0
1594987629267 0.3621137300341655 0
1594989838182 0.36292146198656744 0
1594992050533 0.36236459986098657 0
1594994258668 0.36278677503049933 0
1594996454532 0.3629047751288618 0
1594998652620 0.36279937050256056 0
1595000886171 0.36263734999639485 0
1595003083467 0.3622131021996379 0
1595005296805 0.3616018760627136 0
1595007499413 0.362639118736885 0
1595009702055 0.3629313318973051 0
1595011905062 0.36289699823538046 0
1595014099341 0.3631325698449171 0
1595016321625 0.36255275779258295 0
1595018523920 0.36266080981213006 0
1595020731987 0.3632112124871796 0
1595022940204 0.3629757381763857 0
1595025158534 0.3623542656012542 0
1595027371043 0.3624647835967543 0
1595029601358 0.36263880757684247 0
1595031821913 0.3634711554945019 0
1595034036211 0.36282089137629603 0
1595036241663 0.36231762813864155 0
1595038448127 0.36274378897483484 0
1595040676892 0.36292855868005214 0
1595042916004 0.36259933061217126 0
1595045151187 0.3621161667996067 0
1595047372996 0.36268397624360516 0
1595049605733 0.3631958537773992 0
1595051813476 0.36286476628946995 0
1595054032508 0.36286815690103974 0
1595056235848 0.3627132891063776 0
1595058454367 0.3633336724477616 0
1595060660407 0.3622447781257348 0
1595062859662 0.36261532934833623 0
1595065078358 0.3632729914579298 0
1595067303776 0.36245968407278467 0
1595069527178 0.36266832293301676 0
1595071751998 0.36322348914313496 0
1595074006519 0.36340850084581194 0
1595076231244 0.36308874988801865 0
1595078462963 0.3628247058035918 0
