1594920820450 0.3597197850002266 0
1594923074260 0.36429317531420696 0
1594925295945 0.3644480933023173 0
1594927527991 0.36457553974281953 0
1594929775566 0.36298695731191616 0
1594932018710 0.3707837120917265 0
1594934250084 0.3698601524937991 0
1594936493865 0.3676932221416579 0
1594938726647 0.37091776747821165 0
1594940975491 0.37455478734970926 0
1594943205764 0.3690910741961555 0
1594945439354 0.3677752371600965 0
1594947659390 0.36680765640231966 0
1594949887886 0.3644933792815679 0
1594952111675 0.365858855896577 0
1594954335276 0.36536749788121875 0
1594956560375 0.3648350203117539 0
1594958771176 0.3671923231698905 0
1594960996295 0.3660206750974338 0
1594963224188 0.3669921110012899 0
1594965452724 0.3668327323052178 0
1594967691770 0.36590862989288764 0
1594969913586 0.36654911194207374 0
1594972128456 0.3661748448058228 0
1594974337447 0.3655776712500762 0
1594976547009 0.3655109686381252 0
1594978770791 0.3655621680118801 0
1594980989403 0.3660739699927687 0
1594983216600 0.3660997701330994 0
1594985426602 0.3662540302672702 0
1594987629258 0.3654946766024496 0
1594989838176 0.3662186229204603 0
1594992050528 0.3658431944690226 0
1594994258662 0.36615286022054605 0
1594996454528 0.36625110983816805 0
1594998652616 0.36609820622315453 0
1595000886168 0.36599958190864773 0
1595003083462 0.36562421313576987 0
1595005296800 0.36514130066791506 0
1595007499410 0.3659490123991325 0
1595009702050 0.366158031607389 0
1595011905058 0.36624162414730593 0
1595014099337 0.36648415640836396 0
1595016321621 0.36593723429733727 0
1595018523915 0.36596415165117674 0
1595020731978 0.36660310800880586 0
1595022940195 0.36633333548318386 0
1595025158531 0.3658017514071067 0
1595027371038 0.36581925728712955 0
1595029601354 0.36594561123594765 0
1595031821909 0.36690378928716416 0
1595034036207 0.36612217185552365 0
1595036241658 0.36583777162116005 0
1595038448122 0.3662668220664271 0
1595040676888 0.36625085005301145 0
1595042916000 0.36593935441518644 0
1595045151182 0.3653630413085411 0
1595047372992 0.3661293431963758 0
1595049605729 0.3664162054521402 0
1595051813470 0.3663038581066051 0
1595054032503 0.366222100270967 0
1595056235844 0.36599074981825097 0
1595058454363 0.3667049666672167 0
1595060660403 0.3656985561415387 0
1595062859658 0.3660517182118266 0
1595065078354 0.36650628014565245 0
1595067303772 0.3656174533543222 0
1595069527171 0.3659694601905916 0
1595071751992 0.36652967458833147 0
1595074006514 0.366826351691411 0
1595076231239 0.36650941728748887 0
1595078462960 0.36606182764534456 0
