1594920820465 0.5849289328942059 0
1594923074273 0.5788368650255779 0
1594925295958 0.719319687444723 0
1594927528003 0.7020766137162088 0
1594929775577 0.7224234479892407 0
1594932018729 0.7074280533778433 0
1594934250097 0.7291369245808209 0
1594936493879 0.7422405192212929 0
1594938726662 0.7447364329552055 0
1594940975504 0.7730887412975117 0
1594943205777 0.7483380000333749 0
1594945439367 0.7605364729647911 0
1594947659405 0.746698432328362 0
1594949887901 0.7853339372988472 0
1594952111689 0.7668406003085632 0
1594954335289 0.7607207412598197 0
1594956560402 0.7577040289852879 0
1594958771199 0.7558242032341354 0
1594960996308 0.7621399300207755 0
1594963224204 0.7568556396139575 0
1594965452759 0.7746144197613735 0
1594967691783 0.7596611274766443 0
1594969913624 0.771230780523764 0
1594972128469 0.7748123026357326 0
1594974337460 0.7569281448810651 0
1594976547022 0.7610742665419457 0
1594978770804 0.7659939911282886 0
1594980989425 0.7593042905577163 0
1594983216614 0.7679582924638391 0
1594985426619 0.774556007752886 0
1594987629286 0.763698953493685 0
1594989838201 0.7672968690067097 0
1594992050585 0.7671018134173778 0
1594994258676 0.7719803356678737 0
1594996454541 0.7696500429265892 0
1594998652629 0.7730237353664332 0
1595000886177 0.7691965040330516 0
1595003083475 0.7599207457848296 0
1595005296814 0.7613681453342828 0
1595007499419 0.7664015659406626 0
1595009702071 0.7660486634714588 0
1595011905072 0.7674179562026425 0
1595014099349 0.7591643196698822 0
1595016321634 0.7615417426601826 0
1595018523929 0.7609903818254015 0
1595020732008 0.772904370847396 0
1595022940212 0.7698212257339613 0
1595025158540 0.7646350182282994 0
1595027371052 0.765858055033832 0
1595029601367 0.7616494776967532 0
1595031821921 0.7639706870377733 0
1595034036220 0.767595813243438 0
1595036241671 0.7623152042339952 0
1595038448137 0.766674722279607 0
1595040676910 0.7652036550758178 0
1595042916021 0.7581009826799402 0
1595045151196 0.7625062048597303 0
1595047373058 0.7686600727966854 0
1595049605742 0.7677159718630984 0
1595051813484 0.7667654757102175 0
1595054032522 0.7658130621607896 0
1595056235866 0.7592391140488152 0
1595058454380 0.7708106525874623 0
1595060660417 0.7594885968627548 0
1595062859679 0.7679324879775132 0
1595065078367 0.7634272642802027 0
1595067303785 0.7701876862032323 0
1595069527187 0.769679495163583 0
1595071752006 0.7701639749462418 0
1595074006528 0.7706938111861564 0
1595076231254 0.7594565473967906 0
1595078462969 0.767168150128564 0
