1591346049398 0.3955368349028473 0
1591346821144 0.6587250397812303 0
1591347594559 0.6735271107952888 0
1591348364796 0.6269803132575955 0
1591349135121 0.6544184147650701 0
1591349905341 0.6563802765749917 0
1591350675929 0.6894111292936086 0
1591351446132 0.681005087737774 0
1591352216092 0.6685164362831414 0
1591352985772 0.7417753068388476 0
1591353756703 0.6617088723244534 0
1591354527253 0.6935369813574515 0
1591355298955 0.7048753182731885 0
1591356069386 0.7250603521379629 0
1591356839993 0.7396701789172097 0
1591357610094 0.7331930663989094 0
1591358378873 0.7472274272445038 0
1591359148710 0.7593349205905613 0
1591359918830 0.7253844908889716 0
1591360688300 0.7509572392780812 0
1591361457602 0.7476057867949608 0
1591362227536 0.7265328217622841 0
1591362997086 0.7419483541176252 0
1591363765558 0.743284481328204 0
1591364535421 0.7414289750502006 0
1591365306528 0.7506420266357656 0
1591366075793 0.7436619385760088 0
1591366843588 0.7474213271546831 0
1591367612396 0.7433785623763763 0
1591368381496 0.7561119138253315 0
1591369149046 0.7514413880966462 0
1591369915906 0.7626987550602511 0
1591370683280 0.7516999653424008 0
1591371450494 0.7554793092090453 0
1591372217656 0.7501315544404029 0
1591372984616 0.7538936127049566 0
1591373751762 0.7535402956294739 0
1591374519379 0.7577377895056108 0
1591375285704 0.7577641941612945 0
1591376051469 0.7588837630024126 0
1591376818553 0.7532909247058873 0
1591377585500 0.7552897972883532 0
1591378352472 0.7473011756935716 0
1591379119069 0.7517066350482446 0
1591379886604 0.7586106594716241 0
1591380653081 0.7529607590416296 0
1591381419722 0.7491583584631563 0
1591382186777 0.7511271769605526 0
1591382952498 0.7518786237381566 0
1591383719490 0.748818398691689 0
