1591346049405 0.3710271156765389 0
1591346821150 0.6200747224150742 0
1591347594566 0.6314341511722158 0
1591348364802 0.5895551989418703 0
1591349135127 0.6115147836973593 0
1591349905347 0.6168664925201438 0
1591350675935 0.6480917658489902 0
1591351446138 0.6451977974312546 0
1591352216098 0.6293108122725726 0
1591352985779 0.6966899107084307 0
1591353756709 0.6215958973107435 0
1591354527260 0.6506657541987951 0
1591355298961 0.6644356230758387 0
1591356069392 0.6821498989275855 0
1591356840000 0.6955615588492481 0
1591357610100 0.6908020917830172 0
1591358378879 0.7030132541296278 0
1591359148721 0.7124056020176014 0
1591359918836 0.6795246584971029 0
1591360688307 0.7076831521757413 0
1591361457609 0.7028306975280354 0
1591362227545 0.6842425950290542 0
1591362997098 0.696909610771044 0
1591363765565 0.6976705166825959 0
1591364535428 0.696876014508727 0
1591365306534 0.70562856164687 0
1591366075805 0.699898562617999 0
1591366843595 0.7018218109556933 0
1591367612403 0.6984487175425614 0
1591368381506 0.7106046061863726 0
1591369149053 0.7065402921877405 0
1591369915914 0.7166769249402591 0
1591370683286 0.7078054922623753 0
1591371450500 0.7103766239579815 0
1591372217662 0.7061786242531811 0
1591372984623 0.7096768261982651 0
1591373751770 0.7096610571379864 0
1591374519388 0.7129715435705425 0
1591375285710 0.7129574956634561 0
1591376051476 0.7137877489394391 0
1591376818560 0.7092478491823427 0
1591377585507 0.7101390190487205 0
1591378352479 0.7031599385322899 0
1591379119076 0.7075733955379221 0
1591379886611 0.7133382319363623 0
1591380653088 0.7083064741246485 0
1591381419729 0.7044838890561335 0
1591382186783 0.707243210495634 0
1591382952505 0.7080970037109549 0
1591383719496 0.7050115021863486 0
