1591346049396 0.40035624692863203 0
1591346821142 0.6648789421765647 0
1591347594557 0.6795940439170031 0
1591348364794 0.6328668436460161 0
1591349135118 0.6609238912865373 0
1591349905339 0.6635430756390256 0
1591350675927 0.6956390475311727 0
1591351446130 0.6867260365118764 0
1591352216090 0.6754539403522251 0
1591352985770 0.7480823533387888 0
1591353756701 0.6675311439570732 0
1591354527251 0.7002898283413963 0
1591355298952 0.7113522740958694 0
1591356069383 0.7321207308415033 0
1591356839991 0.745996577441504 0
1591357610091 0.7403386142514953 0
1591358378870 0.7542463663038574 0
1591359148707 0.7657074135655719 0
1591359918828 0.7314857964613347 0
1591360688298 0.7581383054520936 0
1591361457600 0.7543343798128218 0
1591362227533 0.7333550683811242 0
1591362997083 0.7484404585695522 0
1591363765556 0.7496153058909509 0
1591364535419 0.747800702283793 0
1591365306526 0.7572700552314684 0
1591366075790 0.7493503661645841 0
1591366843586 0.7535587589175106 0
1591367612394 0.7498941857113517 0
1591368381494 0.7626902014277384 0
1591369149044 0.7579244457664233 0
1591369915903 0.7697997514537822 0
1591370683278 0.7580851623346329 0
1591371450492 0.7623515809058836 0
1591372217654 0.7568546882994827 0
1591372984614 0.7605875605165365 0
1591373751760 0.7598342699942828 0
1591374519377 0.764637635657686 0
1591375285702 0.764569966558656 0
1591376051467 0.7655053465687712 0
1591376818551 0.7598713443549525 0
1591377585498 0.7618888431343143 0
1591378352470 0.7533605470789119 0
1591379119067 0.7586241666625106 0
1591379886602 0.7652337524698526 0
1591380653079 0.7593745149310459 0
1591381419720 0.7553979248462139 0
1591382186775 0.7577007405040533 0
1591382952496 0.758554127247287 0
1591383719488 0.755347098376493 0
