1591346049400 0.3901422504107079 0
1591346821146 0.6504057557376759 0
1591347594561 0.6646467087567342 0
1591348364798 0.6192950228248731 0
1591349135123 0.6449285159700082 0
1591349905343 0.6472105696226468 0
1591350675931 0.680843082747711 0
1591351446134 0.6736791973231266 0
1591352216094 0.6605118484524719 0
1591352985774 0.7318828102106437 0
1591353756705 0.6535248701431327 0
1591354527255 0.6849704712403311 0
1591355298957 0.6950586653897053 0
1591356069388 0.7152359732440735 0
1591356839996 0.7303547585788557 0
1591357610096 0.7250051087819557 0
1591358378875 0.7379320973329299 0
1591359148713 0.7491801997293988 0
1591359918832 0.7159597160176153 0
1591360688302 0.7415410073218619 0
1591361457604 0.7377755686123859 0
1591362227539 0.7180432077957478 0
1591362997090 0.7330203508201698 0
1591363765560 0.7338731207856602 0
1591364535423 0.7323339240833963 0
1591365306530 0.7412621233885263 0
1591366075797 0.7343938076130181 0
1591366843590 0.7391078488153366 0
1591367612398 0.7340507625757074 0
1591368381499 0.7470663260318537 0
1591369149048 0.7422175145155656 0
1591369915910 0.7536347848855479 0
1591370683282 0.7432010830128623 0
1591371450496 0.7465060499777197 0
1591372217658 0.7404783931059252 0
1591372984618 0.7453384627289181 0
1591373751764 0.7450989535227783 0
1591374519381 0.7488829882945329 0
1591375285706 0.7486572888970876 0
1591376051472 0.7492284102498831 0
1591376818555 0.7447589924198369 0
1591377585503 0.7466896804400991 0
1591378352474 0.7381870250119079 0
1591379119071 0.7434984849641988 0
1591379886607 0.7498171278732457 0
1591380653083 0.7444273068619938 0
1591381419725 0.7407202581111476 0
1591382186779 0.74309167010862 0
1591382952500 0.7430616411537041 0
1591383719492 0.7401622414919479 0
