1591346049385 0.3242975382824786 0
1591346821133 0.3608211926754917 0
1591347594548 0.3589850555360773 0
1591348364785 0.3575798658621529 0
1591349135110 0.35682069268437383 0
1591349905329 0.3557193403392346 0
1591350675918 0.35982396338193456 0
1591351446121 0.35986676129878226 0
1591352216080 0.3586909040990839 0
1591352985761 0.36127506211456856 0
1591353756693 0.35829248990565954 0
1591354527242 0.3591831748442734 0
1591355298942 0.3614840648889727 0
1591356069375 0.3631770302687353 0
1591356839982 0.3635013194815284 0
1591357610082 0.3633082778159361 0
1591358378862 0.3675849203234117 0
1591359148698 0.36459977448989295 0
1591359918818 0.36134687965269624 0
1591360688289 0.3661773091775839 0
1591361457587 0.36758305673778274 0
1591362227522 0.36561486847145114 0
1591362997074 0.3660802609384164 0
1591363765547 0.36778046031007594 0
1591364535410 0.3649195106435397 0
1591365306517 0.367990326689702 0
1591366075781 0.36743257750727604 0
1591366843578 0.3710168667314456 0
1591367612383 0.3674764865639718 0
1591368381486 0.3697535084427279 0
1591369149035 0.3674095761469516 0
1591369915893 0.3707560762816246 0
1591370683269 0.36745939548625994 0
1591371450483 0.36743639032118985 0
1591372217645 0.3676342624065495 0
1591372984604 0.36773582300968866 0
1591373751751 0.3690103306724896 0
1591374519367 0.36775039951732863 0
1591375285692 0.3692863478480332 0
1591376051459 0.36828294004259343 0
1591376818542 0.3688410265715491 0
1591377585490 0.3691211792299471 0
1591378352462 0.3669807869099768 0
1591379119058 0.36878848335069553 0
1591379886594 0.36986658879870926 0
1591380653070 0.36786059943813393 0
1591381419711 0.3677653111656801 0
1591382186766 0.3691163952672126 0
1591382952487 0.3684866904609646 0
1591383719478 0.3681004266060159 0
