1591346049391 0.3308354984415653 0
1591346821138 0.36449731108026134 0
1591347594552 0.36318399247815053 0
1591348364790 0.36170182808630674 0
1591349135114 0.3614550736523781 0
1591349905334 0.3602951903659324 0
1591350675922 0.3633362263021176 0
1591351446125 0.36359070781245867 0
1591352216085 0.3623690389616763 0
1591352985766 0.3648269405909607 0
1591353756697 0.36203817018041917 0
1591354527246 0.36297616429085816 0
1591355298948 0.3648981133444351 0
1591356069379 0.36663979057079016 0
1591356839987 0.36705851761736535 0
1591357610087 0.36683005236579413 0
1591358378866 0.3710987383834405 0
1591359148702 0.368109617778498 0
1591359918823 0.36499899466474434 0
1591360688294 0.3695502455783102 0
1591361457592 0.3710971042302704 0
1591362227527 0.36903537254215507 0
1591362997078 0.36945082168639937 0
1591363765552 0.3712363206752341 0
1591364535414 0.36845659583836166 0
1591365306522 0.3713342250481018 0
1591366075785 0.3707192051859443 0
1591366843582 0.3745461713033211 0
1591367612389 0.3708597895041284 0
1591368381490 0.3733037255864973 0
1591369149040 0.3709530076869385 0
1591369915898 0.3742230205350676 0
1591370683273 0.3709004538552781 0
1591371450487 0.37100717900266855 0
1591372217649 0.3712042438590976 0
1591372984609 0.3712507112964542 0
1591373751755 0.3724084735635738 0
1591374519372 0.37137676309204637 0
1591375285697 0.37270561322015444 0
1591376051463 0.37167064207537287 0
1591376818546 0.3724278536693986 0
1591377585494 0.37264662096241224 0
1591378352466 0.37039324071960883 0
1591379119063 0.37229111985126034 0
1591379886598 0.37329257594096116 0
1591380653075 0.37142151834327214 0
1591381419716 0.3711908771363129 0
1591382186770 0.37256601233227027 0
1591382952491 0.3718636917705693 0
1591383719483 0.3715742552064656 0
