1591345869114 1.6443517849180433 0
1591346645770 0.653786581048259 0
1591347418437 0.619745866810834 0
1591348189397 0.5978572618519818 0
1591348959561 0.5832511082843498 0
1591349729715 0.5684618221830439 0
1591350500118 0.5397111800423375 0
1591351270875 0.5255715751647949 0
1591352040507 0.51876504112173 0
1591352810561 0.5108507808932552 0
1591353580803 0.4981161791748471 0
1591354351268 0.48591453115145367 0
1591355122983 0.47375422415909946 0
1591355894427 0.4694385085724018 0
1591356664911 0.4636947187670955 0
1591357434720 0.4593011803097195 0
1591358204605 0.4561209143091131 0
1591358973628 0.45278666650807414 0
1591359743555 0.44775219590575605 0
1591360513304 0.43940053392339634 0
1591361283027 0.43704949383382447 0
1591362052886 0.43555793512750557 0
1591362822430 0.42853635752642594 0
1591363591386 0.42708812369240656 0
1591364360390 0.4259552792487321 0
1591365131154 0.42375458145583117 0
1591365901405 0.424538050448453 0
1591366669769 0.4209737644151405 0
1591367437979 0.42015879017335395 0
1591368208515 0.4185018446268859 0
1591368975201 0.4195143997227704 0
1591369742488 0.41790701649807116 0
1591370509335 0.4158580399001086 0
1591371276716 0.41637872958624805 0
1591372043979 0.4142679051558177 0
1591372810917 0.4148925480577681 0
1591373577876 0.4167248030282833 0
1591374345790 0.4157275630368127 0
1591375112409 0.4143904510692314 0
1591375878144 0.4142525502928981 0
1591376645255 0.41516008381490355 0
1591377412131 0.4161436520682441 0
1591378178467 0.41564665392593103 0
1591378945768 0.4157213444621475 0
1591379713255 0.4143839897049798 0
1591380479813 0.41421466321856887 0
1591381246098 0.41580362035168544 0
1591382013349 0.41621888288745174 0
1591382779016 0.4156194403436449 0
1591383545643 0.41546956883536446 0
