1590208297646 0.0005222922502334267 0
1590208324622 0.004762208277833278 0
1590208350439 0.03429394541422825 0
1590208376383 0.06589120687525214 0
1590208404142 0.08368550256955914 0
1590208430600 0.0913928076131852 0
1590208456655 0.12181822730426821 0
1590208484819 0.1124349469171118 0
1590208511542 0.1761407994619791 0
1590208538349 0.2006436071458653 0
1590208569582 0.23301597631375248 0
1590208595584 0.2400801961653453 0
1590208622483 0.23658040524718346 0
1590208648915 0.2523229418764496 0
1590208675009 0.1890125080173656 0
1590208699294 0.25790182030788444 0
1590208724806 0.2701208294169309 0
1590208748849 0.27089410755876114 0
1590208773144 0.2685005006521259 0
1590208799094 0.26654068028548394 0
