1590208297641 0.0001721763085399449 0
1590208324618 0.000974025974025974 0
1590208350435 0.02367725577869159 0
1590208376378 0.0464541985839071 0
1590208404127 0.054634643377088475 0
1590208430595 0.0630344485525415 0
1590208456637 0.07181104010884912 0
1590208484815 0.08015174358545489 0
1590208511537 0.09476271048682688 0
1590208538344 0.10655850933205835 0
1590208569575 0.12847221153664748 0
1590208595578 0.13279244503731005 0
1590208622470 0.13668666340676242 0
1590208648910 0.14390234457118745 0
1590208675004 0.10396345566265545 0
1590208699290 0.15217259804598038 0
1590208724800 0.1727082873407431 0
1590208748845 0.16531051262098112 0
1590208773139 0.16023462218335535 0
1590208799090 0.1747348945717692 0
