1590208297649 0.00045262230979261167 0
1590208324625 0.0030707885782679536 0
1590208350442 0.03097766947195425 0
1590208376387 0.056213739014282844 0
1590208404149 0.07093148897291475 0
1590208430603 0.08027995468326683 0
1590208456671 0.1057240574396171 0
1590208484822 0.09861039103767881 0
1590208511545 0.15689087602944796 0
1590208538352 0.1757097052006696 0
1590208569586 0.201921565819833 0
1590208595589 0.21297995526377736 0
1590208622491 0.21098229269266022 0
1590208648918 0.22081262640227153 0
1590208675012 0.1592647531757731 0
1590208699298 0.23088082946441646 0
1590208724809 0.23732776625703333 0
1590208748852 0.24428104593966013 0
1590208773147 0.23946489404711724 0
1590208799097 0.23646580337595266 0
