1590208297642 0.0 0
1590208324619 0.0 0
1590208350435 0.014145248730646388 0
1590208376379 0.028336849341846354 0
1590208404129 0.03512659400401624 0
1590208430596 0.045385544340581334 0
1590208456640 0.051037215387390256 0
1590208484816 0.06106426647381289 0
1590208511538 0.07696430619887576 0
1590208538345 0.08282417524135745 0
1590208569576 0.09933081297130243 0
1590208595579 0.1071981281866335 0
1590208622472 0.10410264834161138 0
1590208648911 0.11657961494221063 0
1590208675005 0.07529557699974591 0
1590208699290 0.12562751424238297 0
1590208724801 0.13708892559833605 0
1590208748845 0.13842303915875678 0
1590208773140 0.13031514730307522 0
1590208799090 0.13926087386858568 0
