1590208297647 0.0 0
1590208324624 0.0 0
1590208350441 0.013964089310356531 0
1590208376385 0.028336849341846354 0
1590208404146 0.03949991119644274 0
1590208430601 0.052246937120291735 0
1590208456662 0.06765517652066953 0
1590208484821 0.07225306084755735 0
1590208511544 0.12553927187023292 0
1590208538350 0.12691920321132358 0
1590208569584 0.14998047352798305 0
1590208595586 0.16489884493876272 0
1590208622487 0.1555556232939507 0
1590208648916 0.17099686026884844 0
1590208675010 0.10632363256255865 0
1590208699296 0.18522819303030966 0
1590208724808 0.18411737562030464 0
1590208748851 0.19239766095531752 0
1590208773145 0.1821961034303068 0
1590208799096 0.17886404576044837 0
