1590208297647 0.0001721763085399449 0
1590208324623 0.000974025974025974 0
1590208350440 0.023977673751523352 0
1590208376384 0.0464541985839071 0
1590208404144 0.06052052457723279 0
1590208430600 0.07240457728356907 0
1590208456659 0.09458304194338919 0
1590208484820 0.09426474788172319 0
1590208511543 0.1569084642168334 0
1590208538349 0.16413686473376402 0
1590208569583 0.19614672906812225 0
1590208595585 0.20746880025601924 0
1590208622485 0.20836199044168988 0
1590208648915 0.21197322215674744 0
1590208675009 0.14995648494597733 0
1590208699295 0.2264460380949969 0
1590208724807 0.2355185185249732 0
1590208748850 0.23375203790835294 0
1590208773145 0.22432644765926366 0
1590208799095 0.228259118540743 0
