1590208297644 0.0010106326499911493 0
1590208324621 0.007926288939915191 0
1590208350438 0.05849791634739147 0
1590208376382 0.09636029745153739 0
1590208404136 0.11596377484175525 0
1590208430598 0.12398827877995443 0
1590208456651 0.1652220959927906 0
1590208484818 0.13586172824872844 0
1590208511541 0.20471657323619585 0
1590208538347 0.24782048876545967 0
1590208569579 0.27276818179444967 0
1590208595581 0.28571440335087334 0
1590208622478 0.2889573865391293 0
1590208648913 0.29734285801055144 0
1590208675007 0.23129118053014427 0
1590208699293 0.29516294429255124 0
1590208724805 0.31228838705251444 0
1590208748848 0.3187454762728749 0
1590208773142 0.32028663558180653 0
1590208799093 0.31946644759886716 0
