1590208297640 0.0010106326499911493 0
1590208324616 0.004762208277833278 0
1590208350433 0.04742426215004361 0
1590208376377 0.08389280457189914 0
1590208404122 0.09214335478721192 0
1590208430594 0.09662341657466966 0
1590208456627 0.10824881368758471 0
1590208484814 0.10575389494069794 0
1590208511536 0.11808171898159649 0
1590208538343 0.1467742165983524 0
1590208569573 0.16345664888331982 0
1590208595577 0.16656313361690991 0
1590208622467 0.17449408348611647 0
1590208648908 0.18062994252732698 0
1590208675003 0.14119908993219552 0
1590208699288 0.18921152499466432 0
1590208724798 0.21026433234755604 0
1590208748843 0.21321016860565947 0
1590208773138 0.20718618444191247 0
1590208799088 0.22797989654335268 0
