1590208289296 1.396507624214372 0
1590208320676 0.5635222675135503 0
1590208346123 1.1114687163096209 0
1590208372256 1.2590472933191519 0
1590208399769 1.1044013640628412 0
1590208426224 1.0608761642987912 0
1590208452267 0.9662135896774439 0
1590208480138 1.0119448602199554 0
1590208506518 0.8889027272279446 0
1590208533607 0.8151563947590498 0
1590208563354 0.7289082045451953 0
1590208589804 0.6759274402776589 0
1590208617263 0.6413634400814772 0
1590208644720 0.624883329639068 0
1590208670386 0.6099524861918046 0
1590208695170 0.6004404282340636 0
1590208720589 0.5538501903558006 0
1590208744912 0.5279651238368108 0
1590208768875 0.5735394686747056 0
1590208794910 0.5105655503530915 0
