1590208289286 0.5670602115300986 0
1590208320672 0.22517669659394485 0
1590208346119 0.4679555617845975 0
1590208372252 0.5273869931697845 0
1590208399765 0.46450056708776033 0
1590208426220 0.4506643070624425 0
1590208452263 0.41644811630249023 0
1590208480134 0.4216704758313986 0
1590208506513 0.39552944898605347 0
1590208533603 0.3629123751933758 0
1590208563350 0.3376213518472818 0
1590208589800 0.3177554171818953 0
1590208617232 0.30630424389472377 0
1590208644717 0.29679438930291396 0
1590208670382 0.29335519671440125 0
1590208695166 0.29225871769281536 0
1590208720585 0.2693046342868071 0
1590208744908 0.2554403073512591 0
1590208768871 0.28053195774555206 0
1590208794906 0.24959960235999182 0
