1590546223609 0.38092599066432076 0
1590546860802 0.4723152099029706 0
1590547498494 0.44476638877016517 0
1590548135684 0.5037357690344614 0
1590548773417 0.5234500528640871 0
1590549411357 0.5642135440105223 0
1590550046983 0.5553648843345689 0
1590550684195 0.5214873705602983 0
1590551322152 0.4415463587100095 0
1590551959940 0.5283682781573354 0
1590552597264 0.6327920005393546 0
1590553233703 0.6863025664504656 0
1590553869895 0.6573135434417985 0
1590554506854 0.6321840570386401 0
1590555142940 0.6259510859665237 0
1590555780023 0.6910586482307044 0
1590556417188 0.6654134699890146 0
1590557054409 0.683097117571692 0
1590557692164 0.6809275796387101 0
1590558329026 0.7092272499982967 0
1590558965948 0.72154081452318 0
1590559603650 0.6971304064203306 0
1590560241034 0.7073369921963131 0
1590560878279 0.722437871954164 0
1590561516270 0.7165922584211115 0
1590562154844 0.6943643158739726 0
1590562792292 0.6882444937662923 0
1590563430445 0.722575343509313 0
1590564068274 0.7183137837843214 0
1590564706395 0.7490648081283999 0
1590565344511 0.7108096509878454 0
1590565982563 0.7119552976134587 0
1590566620814 0.7058466582221928 0
1590567259725 0.7190020231215808 0
1590567897675 0.708818977879309 0
1590568535998 0.7083919350506391 0
1590569173617 0.7143756730684757 0
1590569811320 0.7174350037275271 0
1590570447965 0.7275806717118459 0
1590571085760 0.7258227689697238 0
1590571723317 0.7125144540725451 0
1590572361035 0.729307585183887 0
1590573000405 0.7230116351756719 0
