1590546223615 0.38056132513369234 0
1590546860810 0.47372645445575423 0
1590547498500 0.4451922936056804 0
1590548135690 0.5033449208730457 0
1590548773427 0.5231574043935632 0
1590549411364 0.5634143167932849 0
1590550046989 0.5555885056733525 0
1590550684201 0.5211338733750701 0
1590551322158 0.4409419356796294 0
1590551959946 0.5283816822883101 0
1590552597270 0.6323001243913989 0
1590553233709 0.6862773839861293 0
1590553869900 0.6570890298990815 0
1590554506860 0.6318313560681018 0
1590555142946 0.6259703562935869 0
1590555780030 0.6910130357550942 0
1590556417194 0.6648355823661638 0
1590557054418 0.6823994346304688 0
1590557692171 0.6808436297599488 0
1590558329032 0.7087664370016918 0
1590558965954 0.7209985327989493 0
1590559603656 0.6964862196916878 0
1590560241040 0.7078785809670071 0
1590560878284 0.7224640415234717 0
1590561516282 0.7167297770366791 0
1590562154851 0.6945671309643736 0
1590562792299 0.6884219927304033 0
1590563430453 0.7220863144145122 0
1590564068280 0.7179117902140694 0
1590564706401 0.74907734373501 0
1590565344517 0.7097835895147959 0
1590565982570 0.711799651693552 0
1590566620820 0.7052853057367279 0
1590567259732 0.7187658900222021 0
1590567897681 0.7089400703885427 0
1590568536004 0.7079767993878759 0
1590569173628 0.71444022389046 0
1590569811329 0.7174478359625889 0
1590570447971 0.7278362469229714 0
1590571085766 0.726254606153482 0
1590571723323 0.7127970592230725 0
1590572361042 0.729359324911961 0
1590573000411 0.7231347408100541 0
