1590546223628 0.4106127635097047 0
1590546860817 0.5049146769325163 0
1590547498508 0.48345030100603015 0
1590548135699 0.5272191612805534 0
1590548773436 0.5492934560574846 0
1590549411372 0.5807455609921304 0
1590550046997 0.5790942310063361 0
1590550684213 0.5404773416731582 0
1590551322166 0.465012182317817 0
1590551959953 0.5499879530079667 0
1590552597278 0.6521224417059008 0
1590553233718 0.7016361196544635 0
1590553869908 0.6769059740614237 0
1590554506868 0.6486689170068287 0
1590555142954 0.6452670094364429 0
1590555780039 0.7044969892426518 0
1590556417202 0.6824018696936206 0
1590557054426 0.6960172063488164 0
1590557692179 0.6971323922139842 0
1590558329041 0.7209968825884288 0
1590558965963 0.732737847626975 0
1590559603663 0.7095624542967507 0
1590560241047 0.7226115060099078 0
1590560878296 0.7322589003583029 0
1590561516290 0.7283329233884438 0
1590562154859 0.7088866014231802 0
1590562792307 0.7011740393614689 0
1590563430461 0.7349172712406961 0
1590564068288 0.729559713130218 0
1590564706408 0.7583050321753302 0
1590565344525 0.7236437202636785 0
1590565982578 0.7248524130340679 0
1590566620835 0.7189274321718757 0
1590567259740 0.7315366966542718 0
1590567897689 0.7234240331356016 0
1590568536011 0.7213737739922933 0
1590569173638 0.7282164274316264 0
1590569811342 0.7305778681736481 0
1590570447978 0.7376480423173163 0
1590571085780 0.7366061486944117 0
1590571723331 0.7252182063706998 0
1590572361050 0.7410350358488993 0
1590573000419 0.7353832522049625 0
