1590546223635 0.41022614223530396 0
1590546860823 0.5069855243205699 0
1590547498513 0.48379168407812934 0
1590548135705 0.5269101347172301 0
1590548773444 0.5489239238072456 0
1590549411379 0.5798980262075988 0
1590550047003 0.5793249788162579 0
1590550684219 0.5402115033167768 0
1590551322172 0.46435758452622045 0
1590551959959 0.54992818673447 0
1590552597283 0.6516237359165927 0
1590553233724 0.7015153123475111 0
1590553869914 0.6765418731240241 0
1590554506879 0.6483234897159565 0
1590555142960 0.645179694033226 0
1590555780045 0.7044852195854193 0
1590556417208 0.6819384894591405 0
1590557054432 0.6950510266277684 0
1590557692185 0.6970543972899743 0
1590558329047 0.7204302014007036 0
1590558965969 0.7319291488394851 0
1590559603669 0.7089377012090257 0
1590560241053 0.7232507103277023 0
1590560878308 0.7324596217872927 0
1590561516296 0.7284397643497559 0
1590562154864 0.7089964267237567 0
1590562792313 0.701373757212628 0
1590563430467 0.7341743376281 0
1590564068293 0.7292824770387015 0
1590564706414 0.758352954939762 0
1590565344532 0.7225247475170695 0
1590565982583 0.7246469202397668 0
1590566620844 0.718308378383799 0
1590567259746 0.731234370730478 0
1590567897696 0.7234757280498866 0
1590568536017 0.7210200090989035 0
1590569173645 0.7281950895855326 0
1590569811347 0.7305412927188902 0
1590570447988 0.7380065176280594 0
1590571085788 0.7369104430946157 0
1590571723344 0.7253858617840389 0
1590572361055 0.7410835072931302 0
1590573000424 0.7353339184911475 0
