1590546223624 0.41544396954726825 0
1590546860815 0.5164109587069866 0
1590547498506 0.4907685235201959 0
1590548135697 0.5328156382540934 0
1590548773433 0.554826246290055 0
1590549411370 0.5871146251814992 0
1590550046995 0.5863938148848991 0
1590550684209 0.5463763962246326 0
1590551322164 0.46974147018626966 0
1590551959951 0.5560017576690521 0
1590552597276 0.6594017541854204 0
1590553233716 0.7092815583772186 0
1590553869906 0.6845563662491142 0
1590554506866 0.6553016144046958 0
1590555142952 0.6521011238250789 0
1590555780037 0.7127514339811766 0
1590556417200 0.6902226298721782 0
1590557054424 0.7034543333803839 0
1590557692177 0.704360979884136 0
1590558329039 0.7294709784875374 0
1590558965961 0.7411457324024149 0
1590559603661 0.7174051278967885 0
1590560241046 0.7320071863924231 0
1590560878290 0.741852696222373 0
1590561516288 0.736351657891857 0
1590562154857 0.7166910811899317 0
1590562792305 0.7098283803798522 0
1590563430459 0.7427579893718004 0
1590564068286 0.7382766925612408 0
1590564706407 0.7675543092538604 0
1590565344523 0.7308780243570405 0
1590565982576 0.7327306255152172 0
1590566620832 0.7259593118343449 0
1590567259738 0.7392799872173207 0
1590567897687 0.7318606546768006 0
1590568536009 0.7290956490396385 0
1590569173635 0.7361858199984253 0
1590569811340 0.739187750540202 0
1590570447976 0.7465594067212872 0
1590571085778 0.7455096637284621 0
1590571723329 0.7333903901913891 0
1590572361048 0.7496991891226112 0
1590573000417 0.7436182834951112 0
