1590546223620 0.41800386141561596 0
1590546860813 0.5246450181661518 0
1590547498504 0.4958733928778753 0
1590548135694 0.5375729394500105 0
1590548773431 0.5595374453376133 0
1590549411368 0.5921729375750864 0
1590550046993 0.5911798620681517 0
1590550684206 0.5500218480944621 0
1590551322162 0.4730780837906195 0
1590551959949 0.5604981036639091 0
1590552597274 0.665535864544295 0
1590553233713 0.7157458756555066 0
1590553869904 0.6898358318712241 0
1590554506864 0.6604103907187385 0
1590555142950 0.6563600190242792 0
1590555780035 0.7192626477014322 0
1590556417198 0.6952957057500144 0
1590557054422 0.7086946106744864 0
1590557692175 0.710335791033398 0
1590558329036 0.735017019170116 0
1590558965958 0.7467431946651096 0
1590559603660 0.722358343361605 0
1590560241044 0.737811165711268 0
1590560878288 0.7475182762640752 0
1590561516286 0.7420133701960271 0
1590562154855 0.7223308265775454 0
1590562792303 0.7146863875355387 0
1590563430457 0.7487384157125426 0
1590564068284 0.7440037435094077 0
1590564706405 0.7736622725609034 0
1590565344521 0.7364071581878099 0
1590565982574 0.7386977738842516 0
1590566620829 0.7319496432554113 0
1590567259736 0.7455528045145463 0
1590567897685 0.7378472388786357 0
1590568536008 0.734104731728589 0
1590569173633 0.7428053219837031 0
1590569811337 0.7449562880759163 0
1590570447975 0.7533785687617618 0
1590571085774 0.7518306219510523 0
1590571723328 0.7395367811407666 0
1590572361046 0.7557264537491161 0
1590573000415 0.7502960095312767 0
