1590546223611 0.3748934163866106 0
1590546860805 0.4598811047771204 0
1590547498496 0.4362373670693568 0
1590548135686 0.4959764709549682 0
1590548773420 0.5156397776343239 0
1590549411359 0.554124458634506 0
1590550046985 0.5464872910489529 0
1590550684196 0.514127924679048 0
1590551322154 0.43476457324899664 0
1590551959942 0.5206505248368597 0
1590552597266 0.621849007421418 0
1590553233705 0.6748306737117353 0
1590553869896 0.6474326559194347 0
1590554506856 0.6227085824179232 0
1590555142942 0.6172278161111977 0
1590555780025 0.6792577079861177 0
1590556417190 0.6541742512351526 0
1590557054413 0.6706229383703579 0
1590557692166 0.6702065433152549 0
1590558329028 0.6974801755177904 0
1590558965950 0.7090124265160194 0
1590559603652 0.685778739895366 0
1590560241036 0.69643302409088 0
1590560878281 0.7102681675072839 0
1590561516273 0.7063634422060079 0
1590562154846 0.6839672530552092 0
1590562792294 0.6785117057949056 0
1590563430447 0.710672483978492 0
1590564068276 0.706150687300442 0
1590564706397 0.7366258650601166 0
1590565344513 0.6989980733003964 0
1590565982565 0.7013276942656056 0
1590566620816 0.6947947012289618 0
1590567259727 0.7078309559568998 0
1590567897677 0.6980320989473822 0
1590568536000 0.6973175915662242 0
1590569173621 0.7030313069525116 0
1590569811322 0.7065382897954663 0
1590570447967 0.7162856890904163 0
1590571085763 0.7145200775442226 0
1590571723319 0.7020372038990231 0
1590572361038 0.7175527077404945 0
1590573000407 0.7111748085662412 0
