1590546223605 0.38735539384652323 0
1590546860796 0.4892694068304332 0
1590547498490 0.45560745081728854 0
1590548135680 0.5130994228272511 0
1590548773410 0.5329157744818619 0
1590549411353 0.5750364716031061 0
1590550046979 0.566767034144764 0
1590550684191 0.5301895813165638 0
1590551322147 0.4488640926093119 0
1590551959936 0.5382492979689524 0
1590552597260 0.6452344966196247 0
1590553233699 0.7002169299113922 0
1590553869890 0.6696947135916201 0
1590554506850 0.6432604722240776 0
1590555142936 0.6363358807727585 0
1590555780019 0.7052095514860767 0
1590556417184 0.677587811118285 0
1590557054402 0.6957237506394072 0
1590557692160 0.6935798515506463 0
1590558329022 0.7228702202417224 0
1590558965944 0.7353450926949847 0
1590559603646 0.7095453160554854 0
1590560241030 0.7217261458998943 0
1590560878275 0.7372012426849579 0
1590561516266 0.7299988359590722 0
1590562154839 0.7072900040418193 0
1590562792287 0.7011147311489437 0
1590563430441 0.7363494460123583 0
1590564068270 0.7320881579509361 0
1590564706391 0.7641364318126781 0
1590565344506 0.7231487174112518 0
1590565982559 0.7254862187764014 0
1590566620810 0.7183955504376709 0
1590567259721 0.7326978908069055 0
1590567897671 0.7227981866394605 0
1590568535994 0.7206073497201179 0
1590569173610 0.7285423238369623 0
1590569811316 0.7314728417748487 0
1590570447960 0.7427864167754064 0
1590571085755 0.7409405713281904 0
1590571723312 0.726661984911036 0
1590572361031 0.7436569579223032 0
1590573000402 0.7376014935965909 0
