1590546223633 0.3930894675268642 0
1590546860821 0.47424066286315986 0
1590547498511 0.45964933853250817 0
1590548135703 0.5051849699451302 0
1590548773442 0.5261202020148452 0
1590549411377 0.5533838979124827 0
1590550047001 0.5551005726973697 0
1590550684217 0.5191200450244469 0
1590551322170 0.4458610681730726 0
1590551959957 0.5283904029105774 0
1590552597281 0.6229382781031105 0
1590553233722 0.670717759819655 0
1590553869912 0.6473680069081117 0
1590554506875 0.6237258495304748 0
1590555142958 0.621671426008649 0
1590555780043 0.6740463016879717 0
1590556417206 0.6523614715371951 0
1590557054430 0.6660820620973767 0
1590557692183 0.6692279689634392 0
1590558329045 0.6884440981319206 0
1590558965967 0.6996867146464472 0
1590559603667 0.6803382342724065 0
1590560241051 0.6935212041250353 0
1590560878306 0.7004408522572854 0
1590561516294 0.6983020658799914 0
1590562154863 0.6817678276437792 0
1590562792311 0.6724820988776239 0
1590563430465 0.7020324365780675 0
1590564068291 0.6979973501558691 0
1590564706412 0.7257835541073803 0
1590565344530 0.6912044601077639 0
1590565982581 0.6943217890350685 0
1590566620841 0.6884953016888804 0
1590567259744 0.6998362394916351 0
1590567897693 0.6927866372738983 0
1590568536015 0.6919602071570562 0
1590569173643 0.697403524895184 0
1590569811345 0.6986902579952609 0
1590570447986 0.705411162169116 0
1590571085785 0.7050987820183444 0
1590571723341 0.6949160329999227 0
1590572361053 0.709586995664585 0
1590573000422 0.704425263078659 0
