1590546112177 0.41379327711968883 0
1590546753097 0.350541310687256 0
1590547390079 0.33154911456769093 0
1590548028993 0.32413545423211476 0
1590548665501 0.31644255070884286 0
1590549305094 0.3123495122231405 0
1590549940223 0.307666760338422 0
1590550577221 0.3031159961517428 0
1590551214433 0.30106230111056737 0
1590551852917 0.2983015853113559 0
1590552490294 0.2840543377003995 0
1590553128005 0.2792434103405856 0
1590553763639 0.27676541647087477 0
1590554400564 0.2706337529997458 0
1590555037206 0.268728212030222 0
1590555673931 0.2676417825396985 0
1590556311070 0.2642097376877949 0
1590556948225 0.2627121472332193 0
1590557586123 0.2585476588173386 0
1590558223250 0.25512207017795874 0
1590558859494 0.24804512750470611 0
1590559497608 0.24186569853810755 0
1590560134785 0.23973981861585683 0
1590560772544 0.23727725588718637 0
1590561410233 0.23540172565195452 0
1590562048381 0.2340781351950453 0
1590562686168 0.2321681558666095 0
1590563324308 0.2300771619707589 0
1590563962251 0.2297862337817962 0
1590564600236 0.22724547616038346 0
1590565238295 0.2226214948420263 0
1590565876236 0.2192367775472029 0
1590566514193 0.21850274748454013 0
1590567153886 0.21604561499748698 0
1590567791619 0.21803468649169971 0
1590568429352 0.21578664252544175 0
1590569067560 0.21394966205263066 0
1590569705121 0.21370287779152525 0
1590570342172 0.21135868243679812 0
1590570979856 0.2116636172533477 0
1590571617094 0.20795477791968942 0
1590572255021 0.20640445144376196 0
1590572892699 0.20603170889043826 0
