1590546112190 0.16677784674515805 0
1590546753111 0.1391119335973435 0
1590547390088 0.13278153931668196 0
1590548029005 0.1281327082740324 0
1590548665510 0.12505618526045925 0
1590549305107 0.12261982998079596 0
1590549940232 0.11964903853411163 0
1590550577230 0.11810360071742929 0
1590551214442 0.11681388231965018 0
1590551852927 0.11453816306613679 0
1590552490302 0.10758062179067109 0
1590553128014 0.10587762840081136 0
1590553763651 0.10461987022122712 0
1590554400578 0.10251682680279701 0
1590555037214 0.10210286378183901 0
1590555673942 0.10043864157202731 0
1590556311083 0.0988491425709074 0
1590556948236 0.09799550177033761 0
1590557586130 0.09825454141704394 0
1590558223260 0.09561676601344254 0
1590558859503 0.0922154484342941 0
1590559497617 0.09013919641862342 0
1590560134796 0.08962742180416458 0
1590560772554 0.08825366611656676 0
1590561410244 0.0881148874110717 0
1590562048392 0.0861564259444556 0
1590562686181 0.08570191114754303 0
1590563324315 0.08597610038591258 0
1590563962260 0.08483711876157392 0
1590564600248 0.0838930869987269 0
1590565238305 0.082159846548883 0
1590565876250 0.08120798755760233 0
1590566514203 0.07963392273105234 0
1590567153894 0.07922971803692203 0
1590567791631 0.07895328489244757 0
1590568429362 0.07880578233167981 0
1590569067568 0.07808824965911189 0
1590569705133 0.07826482077744314 0
1590570342184 0.0772223514114666 0
1590570979867 0.07704216476496699 0
1590571617103 0.07640725416956322 0
1590572255029 0.07553791871544296 0
1590572892708 0.07490858319923116 0
