1590580990561 0.5552418087095179 0
1590581828747 0.627701199205608 0
1590582697816 0.5840700381311553 0
1590583539447 0.6614572222059316 0
1590584371299 0.6835038425927144 0
1590585231738 0.6235522410451333 0
1590586074108 0.6799748315497679 0
1590586904370 0.7051484717838894 0
1590587772556 0.6334704188373961 0
1590588607668 0.6919103794700356 0
1590589432881 0.6986784229485788 0
1590590300806 0.712421667015715 0
1590591135287 0.6892161047552392 0
1590591966090 0.7402730534157763 0
1590592832792 0.7547324688389562 0
1590593665710 0.7149855213965634 0
1590594506254 0.7355759575516159 0
1590595364937 0.6969717022912498 0
1590596201713 0.7250000505658686 0
1590597033247 0.7457474480775704 0
1590598010376 0.7587749911427677 0
1590598956167 0.7454035634454887 0
1590599905366 0.7547877064406164 0
1590600888586 0.7620633860457704 0
1590601734211 0.7745614948666585 0
1590602609194 0.7707086714881092 0
1590603503400 0.7761860666823828 0
1590604398994 0.7574295650985926 0
1590605287685 0.7931082285888149 0
1590606183290 0.7430832489676162 0
1590607072182 0.7771657670059334 0
1590607961854 0.7922150088242604 0
1590608860228 0.7933892033739335 0
1590609748849 0.7913871789465408 0
1590610645188 0.7985796048294929 0
1590611538695 0.798121371378006 0
1590612427693 0.778987704206482 0
1590613322037 0.7835556951567525 0
1590614220279 0.7908537409762284 0
1590615105080 0.7835127486665509 0
1590615997367 0.791609033326886 0
1590616897815 0.7935425856807151 0
1590617784454 0.7928646217328268 0
1590618674186 0.7951106758724412 0
1590619570918 0.7792353081504423 0
1590620450956 0.7952926203575093 0
1590621339837 0.8048226232326706 0
1590622233983 0.7917053842955208 0
1590623121020 0.8023468074231506 0
1590624017652 0.8050613141358158 0
1590624918113 0.8014262902561186 0
