1590580990578 0.7519463162662006 0
1590581828789 0.7699429599611127 0
1590582697835 0.7537467769441709 0
1590583539482 0.7678025373846005 0
1590584371310 0.8072434095454156 0
1590585231756 0.7622692631130653 0
1590586074167 0.8004887710252057 0
1590586904414 0.8188562303245669 0
1590587772581 0.7713961623718545 0
1590588607684 0.7762229364228275 0
1590589432893 0.8064303427470471 0
1590590300830 0.8190130104071035 0
1590591135338 0.80112121852477 0
1590591966121 0.8164092064653178 0
1590592832817 0.8316063067709664 0
1590593665733 0.8206283701763503 0
1590594506305 0.8253539378432815 0
1590595364958 0.8085608641440941 0
1590596201730 0.8165123219208792 0
1590597033307 0.8319310300378328 0
1590598010412 0.8373357307454482 0
1590598956183 0.8309939059547055 0
1590599905394 0.8305860103388744 0
1590600888631 0.8368916718373369 0
1590601734229 0.8411361160323846 0
1590602609222 0.8352087958179139 0
1590603503438 0.8356072423982216 0
1590604399018 0.8235509186665727 0
1590605287763 0.8410519004664755 0
1590606183324 0.8258293114458074 0
1590607072292 0.8350888225127729 0
1590607961875 0.836777019315587 0
1590608860245 0.8390173108165934 0
1590609748883 0.8417473245550537 0
1590610645210 0.8404312970502451 0
1590611538718 0.8356709508254735 0
1590612427733 0.833874447245777 0
1590613322053 0.8358330411744133 0
1590614220324 0.8373365139336397 0
1590615105102 0.8306864962691258 0
1590615997391 0.835903983202801 0
1590616897842 0.8359126277546024 0
1590617784482 0.833544654696845 0
1590618674224 0.8349855780301585 0
1590619570949 0.8293881805014013 0
1590620450980 0.8326637664026236 0
1590621339903 0.836378155189777 0
1590622234024 0.8331937157437084 0
1590623121040 0.8369376559927776 0
1590624017673 0.8346715905032115 0
1590624918133 0.8362302959808702 0
