1590580990570 0.7759952300022087 0
1590581828763 0.7945593712386126 0
1590582697827 0.7771629890979844 0
1590583539468 0.7898049338494247 0
1590584371305 0.8295040858168439 0
1590585231748 0.7867253933540753 0
1590586074117 0.8251894234950267 0
1590586904401 0.842130610939183 0
1590587772565 0.7940948079881321 0
1590588607677 0.8040761502977524 0
1590589432888 0.8316704316950926 0
1590590300815 0.8434662286804957 0
1590591135303 0.823290989314897 0
1590591966102 0.8396226603129797 0
1590592832801 0.8585714102736763 0
1590593665719 0.8439461873904939 0
1590594506278 0.8500440148894036 0
1590595364946 0.8345942948452828 0
1590596201722 0.841548623477457 0
1590597033268 0.8566620676398709 0
1590598010388 0.8619796804271993 0
1590598956176 0.855407587978582 0
1590599905374 0.8536339455504622 0
1590600888607 0.8617740758229009 0
1590601734220 0.8663843007998157 0
1590602609203 0.8612055519744733 0
1590603503416 0.860981347996099 0
1590604399002 0.8474417431211838 0
1590605287738 0.8663698961437191 0
1590606183300 0.8504169736732198 0
1590607072190 0.861445551744955 0
1590607961867 0.8622164510702088 0
1590608860238 0.8646407723842301 0
1590609748864 0.8675456776748154 0
1590610645197 0.8655989988618209 0
1590611538704 0.8611562658302726 0
1590612427707 0.8596191780155953 0
1590613322046 0.8621895105914479 0
1590614220293 0.8627887951816021 0
1590615105094 0.8567879418288189 0
1590615997377 0.8621062002227801 0
1590616897824 0.8615414515466022 0
1590617784464 0.8600760107659353 0
1590618674200 0.8617125387337087 0
1590619570935 0.8557089870489668 0
1590620450964 0.8585516984183612 0
1590621339853 0.8615114624359386 0
1590622234001 0.8592614330895725 0
1590623121029 0.8615929665170174 0
1590624017666 0.8605678085614832 0
1590624918121 0.8622581819978384 0
