1590580990569 0.5404163775032078 0
1590581828759 0.6091185389552413 0
1590582697826 0.5672314654246438 0
1590583539461 0.6452324560828839 0
1590584371304 0.6654897910570478 0
1590585231747 0.6069157883223634 0
1590586074115 0.6600859496423123 0
1590586904395 0.6875375705645531 0
1590587772564 0.6191033636547817 0
1590588607676 0.669197802008799 0
1590589432888 0.6794227493565169 0
1590590300814 0.6935685625463067 0
1590591135299 0.6712707708724671 0
1590591966100 0.7205550563386108 0
1590592832800 0.7313155139223486 0
1590593665718 0.6980265334038024 0
1590594506261 0.7159860326910653 0
1590595364945 0.6777983582730872 0
1590596201721 0.7051899259429408 0
1590597033259 0.7256841169178904 0
1590598010385 0.7386505851174879 0
1590598956174 0.7241046196504781 0
1590599905373 0.7350954198264171 0
1590600888603 0.7404524188606637 0
1590601734219 0.7516103196738531 0
1590602609202 0.749213253181138 0
1590603503415 0.7542174968950821 0
1590604399001 0.7368687596426099 0
1590605287733 0.7691919889853445 0
1590606183298 0.7229516721928921 0
1590607072189 0.7534123017649704 0
1590607961866 0.7692691431044082 0
1590608860237 0.7700590471083381 0
1590609748861 0.7673381999173842 0
1590610645195 0.7752547487648771 0
1590611538703 0.7740433725490942 0
1590612427703 0.7558853993932851 0
1590613322044 0.760295304146046 0
1590614220289 0.7674542226920623 0
1590615105093 0.7585241111237172 0
1590615997376 0.7665660086158063 0
1590616897823 0.7695873849542249 0
1590617784462 0.7670257884383836 0
1590618674196 0.7695311496615873 0
1590619570934 0.7554164799801368 0
1590620450963 0.7699829910922107 0
1590621339852 0.77946304757306 0
1590622233995 0.7667932933014168 0
1590623121028 0.7781031937959734 0
1590624017664 0.7791305202773456 0
1590624918120 0.7761933051373063 0
