1590580990574 0.7523080109861187 0
1590581828776 0.7710800987982434 0
1590582697831 0.7543377602068342 0
1590583539472 0.7685196081957524 0
1590584371307 0.8089937485230276 0
1590585231752 0.7628287500215225 0
1590586074125 0.8020504169317224 0
1590586904405 0.8201438083758896 0
1590587772574 0.7714131923605575 0
1590588607681 0.7766029640057533 0
1590589432891 0.8077366742386377 0
1590590300822 0.8198529128808524 0
1590591135321 0.8028974051816183 0
1590591966111 0.8175248160269151 0
1590592832809 0.8310544872707379 0
1590593665725 0.8214060979062173 0
1590594506291 0.8248593743777906 0
1590595364951 0.8078011778411672 0
1590596201726 0.8175271436796433 0
1590597033288 0.8331933415343012 0
1590598010401 0.839300933117549 0
1590598956179 0.8316303026456987 0
1590599905382 0.8321774480695427 0
1590600888618 0.8381824977942032 0
1590601734225 0.8420998572928667 0
1590602609211 0.8350333521244621 0
1590603503428 0.8372954329798337 0
1590604399009 0.8249162579941316 0
1590605287749 0.8429763674310159 0
1590606183312 0.8254103001479477 0
1590607072277 0.8361562052620576 0
1590607961870 0.8372984077328954 0
1590608860241 0.8393685550667686 0
1590609748874 0.8433706876405543 0
1590610645200 0.8402127591929611 0
1590611538710 0.8360099190722566 0
1590612427722 0.8336652114768067 0
1590613322049 0.835760620425298 0
1590614220310 0.8382594335477029 0
1590615105098 0.8313022716769414 0
1590615997384 0.8356574186010717 0
1590616897834 0.8358675788457144 0
1590617784476 0.8339655906174721 0
1590618674211 0.8344252762135582 0
1590619570944 0.829259774062065 0
1590620450972 0.8323830286561577 0
1590621339886 0.8368552915222464 0
1590622234013 0.834251020287574 0
1590623121032 0.8370605874497238 0
1590624017669 0.83523023745804 0
1590624918127 0.836462969960075 0
