1590580784985 0.09134927184217506 0
1590581639065 0.0650359183218744 0
1590582509190 0.06048188043137392 0
1590583352889 0.05729111139559084 0
1590584183926 0.05561414568374554 0
1590585041493 0.05344876936119464 0
1590585884359 0.05175728638552957 0
1590586722029 0.04984279438853264 0
1590587581028 0.04977667211244503 0
1590588419524 0.04823543217033148 0
1590589255803 0.042956959236827165 0
1590590108907 0.04174063020489282 0
1590590949573 0.039826765045937566 0
1590591791767 0.04005751137932142 0
1590592644286 0.03855834755839573 0
1590593476429 0.0386166646083196 0
1590594339985 0.037667718478995894 0
1590595175626 0.03718211954459548 0
1590596013898 0.03614006923925545 0
1590596872876 0.036925976673762004 0
1590597789612 0.03413533973404103 0
1590598728896 0.03274021191315518 0
1590599720952 0.03220268797957235 0
1590600662747 0.032105234143220716 0
1590601571811 0.03174831940068139 0
1590602416942 0.031682429179135295 0
1590603296595 0.030017495554768375 0
1590604200304 0.0301826396656947 0
1590605095494 0.029533724422670073 0
1590605977218 0.02942075613886118 0
1590606876765 0.02784479268723064 0
1590607767201 0.02702058636272947 0
1590608658459 0.026551828063610526 0
1590609552984 0.026768748318362567 0
1590610450395 0.026496151758150923 0
1590611335271 0.026575804848430886 0
1590612231863 0.026230249079979128 0
1590613129311 0.025719789123783508 0
1590614016424 0.02508946837339964 0
1590614910967 0.025624431373758447 0
1590615802540 0.024844049736857415 0
1590616694868 0.025091410281343592 0
1590617592893 0.024696371770567365 0
1590618479769 0.024148999351180263 0
1590619369970 0.02437165940180421 0
1590620258102 0.024110951538508136 0
1590621142937 0.023861607692928777 0
1590622029945 0.023426785173101556 0
1590622924631 0.023225434652219216 0
1590623817957 0.023717486190920074 0
1590624712530 0.02401124601976739 0
