1590580784987 0.825301059525874 0
1590581639067 0.741880646513568 0
1590582509191 0.7188080493691895 0
1590583352892 0.7055684969615605 0
1590584183928 0.694934856283168 0
1590585041497 0.686602483915372 0
1590585884361 0.6807660965580079 0
1590586722031 0.6736809295747015 0
1590587581030 0.6709203077894118 0
1590588419526 0.6616153156053689 0
1590589255804 0.6342842096214493 0
1590590108909 0.6304116795977784 0
1590590949575 0.6266146721463236 0
1590591791769 0.6246662916574213 0
1590592644289 0.6237582237045798 0
1590593476432 0.6241141475902663 0
1590594339988 0.6177499571266688 0
1590595175628 0.6139198498158819 0
1590596013901 0.60839833808235 0
1590596872888 0.6090365965664387 0
1590597789614 0.596491611957964 0
1590598728898 0.5927723878415094 0
1590599720954 0.5886160623571939 0
1590600662749 0.58910353264254 0
1590601571814 0.5879526633520921 0
1590602416944 0.5881001951773134 0
1590603296597 0.5823206920611361 0
1590604200306 0.5802639758493752 0
1590605095496 0.5792729336209596 0
1590605977220 0.5793446324475937 0
1590606876768 0.5723403699199359 0
1590607767203 0.5676936150735451 0
1590608658461 0.566942085865885 0
1590609552986 0.5659485234703041 0
1590610450397 0.5641793654424448 0
1590611335273 0.5623044499247852 0
1590612231865 0.5618994775476555 0
1590613129314 0.5621126620533565 0
1590614016427 0.5578130017024362 0
1590614910969 0.5582699040923682 0
1590615802553 0.5559067413293654 0
1590616694870 0.5527738403135704 0
1590617592895 0.5520779954062568 0
1590618479773 0.5504891834635701 0
1590619369972 0.5483402496348653 0
1590620258106 0.549613738671566 0
1590621142939 0.5476127216209554 0
1590622029947 0.5495301502467029 0
1590622924634 0.5453671082502438 0
1590623817959 0.546415282830389 0
1590624712533 0.5453780089360144 0
