1590580784983 0.2870171982712216 0
1590581639064 0.2627906076113383 0
1590582509189 0.25589543865786657 0
1590583352888 0.25203942779037686 0
1590584183924 0.2495857787794537 0
1590585041492 0.24824494471152622 0
1590585884358 0.24617451114786995 0
1590586722027 0.24290588051080703 0
1590587581027 0.24212328549888398 0
1590588419523 0.24014041049612894 0
1590589255802 0.23468812104728487 0
1590590108905 0.23276445693439907 0
1590590949572 0.2319112973080741 0
1590591791765 0.23048607279857 0
1590592644285 0.22999146577384738 0
1590593476428 0.2286769598391321 0
1590594339984 0.22786453856362238 0
1590595175625 0.2273817210396131 0
1590596013897 0.22643114497264227 0
1590596872875 0.22596769491831462 0
1590597789611 0.2218204429745674 0
1590598728895 0.2213250086042616 0
1590599720951 0.2196063960591952 0
1590600662745 0.21914400216605928 0
1590601571810 0.2192687546544605 0
1590602416940 0.21868018789423838 0
1590603296593 0.21809032983250087 0
1590604200303 0.21724394685692258 0
1590605095493 0.2168289961417516 0
1590605977216 0.2165028457509147 0
1590606876764 0.21337512969970704 0
1590607767199 0.2125310550795661 0
1590608658458 0.21220441218879488 0
1590609552983 0.21221940921412574 0
1590610450391 0.21159672333134547 0
1590611335270 0.21102463050021067 0
1590612231862 0.2111909290154775 0
1590613129309 0.21091711405250763 0
1590614016423 0.20952399525377485 0
1590614910966 0.20857274850209553 0
1590615802539 0.2082187486688296 0
1590616694867 0.2077829404671987 0
1590617592892 0.20792203628354602 0
1590618479768 0.20670700129535463 0
1590619369969 0.20647753198941549 0
1590620258101 0.20713528328471714 0
1590621142937 0.2060671099026998 0
1590622029944 0.2067146599955029 0
1590622924630 0.20523486697011523 0
1590623817956 0.20512787411610287 0
1590624712528 0.20429624269406002 0
