1590547821048 0.0613159424080253 0
1590548753806 0.2168715787722645 0
1590549680334 0.26309641902089526 0
1590550604768 0.281739795736324 0
1590551533180 0.2927840998046751 0
1590552466712 0.2991311324307022 0
1590553396809 0.3067615653984778 0
1590554325682 0.31536949253055363 0
1590555268661 0.3187701398003251 0
1590556202425 0.3189639514389373 0
1590557128447 0.32292392543715576 0
1590558055268 0.32401753263493754 0
1590558985748 0.32588243221621704 0
1590559917423 0.3269631081900738 0
1590560860264 0.3281853072591454 0
1590561803681 0.33000198015129506 0
1590562746729 0.32823211847519396 0
1590563682807 0.33063315676712324 0
1590564612343 0.33140333636310904 0
1590565543263 0.32811018432116906 0
1590566483339 0.33258143049906247 0
1590567413537 0.33245957437905577 0
1590568351938 0.3325003345123245 0
1590569281066 0.33385113780577996 0
1590570207852 0.33210495108587185 0
1590571140357 0.3345971307075653 0
1590572074874 0.3367038780566593 0
1590573004530 0.33576274465478495 0
1590573928048 0.3337712518832016 0
1590574858408 0.3345067645266327 0
1590575798274 0.3363797683283863 0
