1590547821049 0.09591432698222148 0
1590548753810 0.25337759586487124 0
1590549680347 0.29471113133573695 0
1590550604769 0.309864194246138 0
1590551533181 0.31947175923310794 0
1590552466715 0.32540542828303803 0
1590553396813 0.3266729717952057 0
1590554325683 0.3364475625488128 0
1590555268664 0.3375512819220859 0
1590556202426 0.33792557553482966 0
1590557128448 0.34079582350690846 0
1590558055270 0.3406668066469763 0
1590558985749 0.3429129858963333 0
1590559917425 0.3431733128428807 0
1590560860271 0.34448357330632257 0
1590561803682 0.3456874542717005 0
1590562746730 0.3446329594599616 0
1590563682809 0.34576445356860736 0
1590564612345 0.34645422671245535 0
1590565543264 0.34385941463756997 0
1590566483340 0.3468590223235013 0
1590567413539 0.3471177960198797 0
1590568351939 0.34662783326197893 0
1590569281068 0.3477093291804292 0
1590570207854 0.3460959939019079 0
1590571140360 0.3477640745844513 0
1590572074875 0.35018446922009855 0
1590573004531 0.34887610065718416 0
1590573928051 0.34763629763663356 0
1590574858409 0.3485584828356243 0
1590575798275 0.34991253960167573 0
