1590547821039 0.11681518682224253 0
1590548753787 0.2739019699327089 0
1590549680298 0.3112354363392107 0
1590550604742 0.32483589164851656 0
1590551533169 0.33311911189892707 0
1590552466698 0.3384343783204012 0
1590553396784 0.33659193651585206 0
1590554325670 0.34674891713413586 0
1590555268647 0.3470508039559208 0
1590556202413 0.3471121328311739 0
1590557128430 0.349521763191916 0
1590558055255 0.3491415959191853 0
1590558985733 0.35155680506656506 0
1590559917409 0.35132393999473666 0
1590560860245 0.35237607079272576 0
1590561803663 0.3533326424391536 0
1590562746719 0.3528018493495564 0
1590563682793 0.35292250624435134 0
1590564612330 0.35391895868842077 0
1590565543246 0.35179689411141146 0
1590566483306 0.35392082122630875 0
1590567413510 0.3544141927872597 0
1590568351927 0.3537155011081314 0
1590569281052 0.3545607679527218 0
1590570207837 0.3530385908450021 0
1590571140342 0.35429019050773924 0
1590572074862 0.35701135220299784 0
1590573004519 0.35531136139712255 0
1590573928033 0.3544475045939313 0
1590574858394 0.35545976205026014 0
1590575798265 0.35680179584465266 0
