1590547821044 0.12967363401060836 0
1590548753796 0.2845337335723163 0
1590549680317 0.31898560669338477 0
1590550604750 0.33148427628058375 0
1590551533175 0.3389588604929772 0
1590552466706 0.34369019539330237 0
1590553396793 0.34087986706605283 0
1590554325677 0.3505637717479849 0
1590555268654 0.350635304410091 0
1590556202420 0.35109925220922145 0
1590557128440 0.35290118556576816 0
1590558055262 0.3526522435901615 0
1590558985741 0.3547240892320328 0
1590559917417 0.3543934366948457 0
1590560860252 0.3552597609831435 0
1590561803673 0.3565637325158911 0
1590562746725 0.3559561399435331 0
1590563682799 0.3558469280754498 0
1590564612337 0.35651005501284294 0
1590565543255 0.35429028985519634 0
1590566483324 0.3565120100486296 0
1590567413529 0.35736679805017474 0
1590568351933 0.3562724830844325 0
1590569281059 0.3570845760285867 0
1590570207845 0.3554908938175818 0
1590571140350 0.35716680269948625 0
1590572074869 0.35929609753889125 0
1590573004526 0.3578110580685145 0
1590573928041 0.3572181933793995 0
1590574858402 0.35805733172140225 0
1590575798270 0.35895665334458665 0
