1590547821041 0.07573509353785003 0
1590548753791 0.23366126864237519 0
1590549680313 0.27983187668504644 0
1590550604747 0.2956216734111611 0
1590551533172 0.3074940203957303 0
1590552466702 0.31395266663790244 0
1590553396788 0.31813803483197073 0
1590554325674 0.3277978422570805 0
1590555268650 0.32945650760380596 0
1590556202417 0.3297395315186211 0
1590557128434 0.3333799559229962 0
1590558055258 0.3334734078164842 0
1590558985736 0.33571863504577976 0
1590559917413 0.3361516974304557 0
1590560860249 0.3380708279974716 0
1590561803668 0.33882168628768017 0
1590562746722 0.3373359350315627 0
1590563682796 0.33964730126586645 0
1590564612333 0.3401453780827996 0
1590565543251 0.3371374261945215 0
1590566483311 0.3409041099356375 0
1590567413514 0.34075162298203754 0
1590568351930 0.3405634700573965 0
1590569281055 0.34185626043863 0
1590570207840 0.3404825005260456 0
1590571140346 0.3417659032745396 0
1590572074866 0.34429777948535006 0
1590573004522 0.34344992326347457 0
1590573928037 0.3413855970438938 0
1590574858398 0.3426318785722868 0
1590575798267 0.34406615029176263 0
