1590547821043 0.09591432698222148 0
1590548753794 0.25337759586487124 0
1590549680316 0.29471113133573695 0
1590550604749 0.309864194246138 0
1590551533174 0.31947175923310794 0
1590552466704 0.32540542828303803 0
1590553396791 0.3266729717952057 0
1590554325676 0.3364475625488128 0
1590555268653 0.3375512819220859 0
1590556202420 0.33792557553482966 0
1590557128438 0.34079582350690846 0
1590558055261 0.3406668066469763 0
1590558985740 0.3429129858963333 0
1590559917415 0.3431733128428807 0
1590560860251 0.34448357330632257 0
1590561803671 0.3456874542717005 0
1590562746724 0.3446329594599616 0
1590563682798 0.34576445356860736 0
1590564612336 0.34645422671245535 0
1590565543253 0.34385941463756997 0
1590566483323 0.3468590223235013 0
1590567413527 0.3471177960198797 0
1590568351932 0.34662783326197893 0
1590569281058 0.3477093291804292 0
1590570207843 0.3460959939019079 0
1590571140349 0.3477640745844513 0
1590572074868 0.35018446922009855 0
1590573004525 0.34887610065718416 0
1590573928039 0.34763629763663356 0
1590574858401 0.3485584828356243 0
1590575798269 0.34991253960167573 0
