1590547821045 0.10305988744432067 0
1590548753799 0.26214998853864263 0
1590549680325 0.30233533115557426 0
1590550604764 0.3170696195961977 0
1590551533177 0.32644156857108975 0
1590552466708 0.33240995141342733 0
1590553396797 0.331405880341575 0
1590554325679 0.3419707801959519 0
1590555268657 0.34266661891252226 0
1590556202422 0.3431478219020715 0
1590557128442 0.34544062445336227 0
1590558055265 0.3448635506047795 0
1590558985744 0.3473224226668607 0
1590559917419 0.3474756806278052 0
1590560860260 0.34875881865834785 0
1590561803676 0.3500945050937931 0
1590562746726 0.3491665145201378 0
1590563682802 0.3498995767901008 0
1590564612340 0.3502642886105952 0
1590565543257 0.34828590129085346 0
1590566483327 0.3509859052578257 0
1590567413532 0.35092631887328 0
1590568351935 0.3505907191499398 0
1590569281062 0.3514194215145452 0
1590570207849 0.34977628919343706 0
1590571140353 0.35121051130973463 0
1590572074871 0.3539732276589832 0
1590573004527 0.3522908249206359 0
1590573928044 0.35168883261182543 0
1590574858404 0.3523303268053716 0
1590575798272 0.35356740799295205 0
