1590547821047 0.07573509353785003 0
1590548753803 0.23366126864237519 0
1590549680332 0.27983187668504644 0
1590550604767 0.2956216734111611 0
1590551533179 0.3074940203957303 0
1590552466711 0.31395266663790244 0
1590553396804 0.31813803483197073 0
1590554325681 0.3277978422570805 0
1590555268660 0.32945650760380596 0
1590556202424 0.3297395315186211 0
1590557128445 0.3333799559229962 0
1590558055267 0.3334734078164842 0
1590558985747 0.33571863504577976 0
1590559917422 0.3361516974304557 0
1590560860263 0.3380708279974716 0
1590561803679 0.33882168628768017 0
1590562746728 0.3373359350315627 0
1590563682806 0.33964730126586645 0
1590564612342 0.3401453780827996 0
1590565543260 0.3371374261945215 0
1590566483330 0.3409041099356375 0
1590567413535 0.34075162298203754 0
1590568351937 0.3405634700573965 0
1590569281065 0.34185626043863 0
1590570207851 0.3404825005260456 0
1590571140356 0.3417659032745396 0
1590572074873 0.34429777948535006 0
1590573004529 0.34344992326347457 0
1590573928046 0.3413855970438938 0
1590574858407 0.3426318785722868 0
1590575798273 0.34406615029176263 0
