1592786328114 0.37924018771792173 0
1592786729317 0.3422239489035653 0
1592787130661 0.31513617387910486 0
1592787533175 0.3192264429761626 0
1592787934519 0.32739896138624625 0
1592788337928 0.2119583460695644 0
1592788739220 0.4311440807082861 0
1592789141337 0.42367701955595705 0
1592789543603 0.20602285800254505 0
1592789945944 0.35214042782328175 0
1592790347783 0.46279477367152433 0
1592790749863 0.4629662204123424 0
1592791151048 0.44470797261038547 0
1592791553665 0.46571620650064016 0
1592791955169 0.4869848656178979 0
1592792357674 0.4737410842643072 0
1592792759355 0.4562777120752035 0
1592793162170 0.46909465228129743 0
1592793563921 0.4870097321308326 0
1592793966553 0.4835381062896568 0
1592794368609 0.46913820120442906 0
1592794771383 0.46166081666363695 0
1592795173408 0.47395671357897673 0
1592795576402 0.4673775380074833 0
1592795978696 0.47994703639634395 0
1592796382581 0.4757297431283269 0
1592796785096 0.47524229146491925 0
1592797188738 0.4686894125033934 0
1592797591304 0.4782379669230248 0
1592797994849 0.4742291163004465 0
1592798397730 0.474157792412126 0
1592798801281 0.4735840855609308 0
1592799203780 0.47348794983288256 0
1592799608251 0.4720261763589071 0
