1592786328110 0.41197771399743255 0
1592786729313 0.36889711803498176 0
1592787130656 0.33782571647439436 0
1592787533171 0.34019825041191776 0
1592787934515 0.34678496888249777 0
1592788337924 0.22385179217029233 0
1592788739215 0.46384362295079246 0
1592789141334 0.45927268765915596 0
1592789543599 0.21911965321545393 0
1592789945937 0.3783218302722406 0
1592790347778 0.49881416523610206 0
1592790749858 0.501222007123841 0
1592791151044 0.47902109507294116 0
1592791553661 0.5047496303861871 0
1592791955166 0.5249903885599864 0
1592792357667 0.5140409965973867 0
1592792759351 0.4914324351677483 0
1592793162166 0.5057239830051485 0
1592793563917 0.5254529967725508 0
1592793966548 0.5222493243711352 0
1592794368605 0.5061622733001954 0
1592794771379 0.4989781432590858 0
1592795173404 0.5119333849688982 0
1592795576397 0.5044700880503462 0
1592795978692 0.5195567034942375 0
1592796382577 0.514582578127023 0
1592796785092 0.5144064056761054 0
1592797188734 0.506153910609839 0
1592797591300 0.5172553791433979 0
1592797994845 0.512858170688097 0
1592798397726 0.5123434740988182 0
1592798801277 0.5115924857370656 0
1592799203777 0.5120165294055816 0
1592799608246 0.5099790980383979 0
