1592786328130 0.6241756456211891 0
1592786729333 0.5690519231733294 0
1592787130677 0.5421558207437577 0
1592787533192 0.5365009667847336 0
1592787934542 0.5540235681170446 0
1592788337953 0.38854044516052966 0
1592788739237 0.6606697193843885 0
1592789141353 0.6268063074357179 0
1592789543619 0.386980185969611 0
1592789945972 0.5613535285631931 0
1592790347800 0.6488696606889035 0
1592790749878 0.6623060368989827 0
1592791151064 0.640069465286823 0
1592791553681 0.6614744543560556 0
1592791955186 0.6641070895353179 0
1592792357700 0.6582080977001173 0
1592792759370 0.6480125005895253 0
1592793162191 0.6512187829839514 0
1592793563937 0.6713062028715181 0
1592793966569 0.6764033085411612 0
1592794368627 0.6640166925696073 0
1592794771403 0.6576099129365799 0
1592795173430 0.6655656209627904 0
1592795576418 0.6579458216754679 0
1592795978717 0.6674770769808237 0
1592796382605 0.6633918628652599 0
1592796785112 0.6607139737065514 0
1592797188756 0.6567771398553234 0
1592797591325 0.6636059224523738 0
1592797994866 0.6630116160293933 0
1592798397746 0.6622130686025169 0
1592798801298 0.6624647339286399 0
1592799203796 0.6627513398537557 0
1592799608267 0.6611639143305509 0
