1592786328116 0.4143253928630675 0
1592786729319 0.36641005713178515 0
1592787130663 0.33605305871339325 0
1592787533178 0.3392692925362475 0
1592787934521 0.3465442680719561 0
1592788337930 0.2230880696487264 0
1592788739222 0.4638316488536554 0
1592789141339 0.4581258263395134 0
1592789543605 0.2181712015027919 0
1592789945948 0.3765535131435734 0
1592790347785 0.49760400097850005 0
1592790749865 0.4994656907634883 0
1592791151050 0.4782628146653989 0
1592791553667 0.5033009013324622 0
1592791955171 0.5236928734833352 0
1592792357677 0.5127149416198168 0
1592792759357 0.4908573752816367 0
1592793162172 0.504151091857982 0
1592793563923 0.524120034530971 0
1592793966555 0.5201499775355215 0
1592794368611 0.5049490844908971 0
1592794771386 0.4968191509997375 0
1592795173410 0.5105231627223614 0
1592795576404 0.5029835659675242 0
1592795978699 0.5176414920759891 0
1592796382583 0.5127182232392025 0
1592796785098 0.5121065911423343 0
1592797188740 0.5044159860695961 0
1592797591307 0.5153059924955151 0
1592797994851 0.5108783719893523 0
1592798397732 0.5107386597153155 0
1592798801283 0.5097362808555728 0
1592799203782 0.510078394000796 0
1592799608253 0.508372738269732 0
