1593213360940 0.40997622468892264 0
1593213394008 0.308074472581639 0
1593213423743 0.280475691837423 0
1593213456546 0.25920675957904143 0
1593213489608 0.25986316098886375 0
1593213523824 0.25547243742381825 0
1593213555929 0.25646312447155223 0
1593213589851 0.25735248099355135 0
1593213619498 0.25368456542491913 0
1593213651697 0.24366198041859796 0
1593213681824 0.26573148019173565 0
1593213714262 0.2421619944712695 0
1593213744849 0.24435336975490346 0
1593213777920 0.24242066898766687 0
1593213804214 0.23603755498633666 0
