1593213360944 -0.47284724607187156 0
1593213394014 -1.1023689284920692 0
1593213423748 -1.3250339145169538 0
1593213456552 -1.6330829155357445 0
1593213489614 -1.694936717476915 0
1593213523830 -1.7186895102700765 0
1593213555934 -1.7614991489578695 0
1593213589857 -1.7347769844619667 0
1593213619504 -1.7829690358656294 0
1593213651704 -1.8203765506691791 0
1593213681842 -1.7475395963034208 0
1593213714267 -1.8445685819229658 0
1593213744855 -1.8685975773807835 0
1593213777926 -1.9561324717805666 0
1593213804221 -2.0335404895903433 0
