1593213360941 0.43955769609002504 0
1593213394010 0.34339940197327556 0
1593213423745 0.28935090759221244 0
1593213456548 0.2618993564563639 0
1593213489610 0.2508418726570466 0
1593213523826 0.2378171717419344 0
1593213555930 0.24097895885215087 0
1593213589853 0.2374124115004259 0
1593213619500 0.22043429841013515 0
1593213651700 0.2214440387838027 0
1593213681826 0.23111477231278138 0
1593213714263 0.22125542777426102 0
1593213744851 0.22293568972279043 0
1593213777921 0.21412844517651727 0
1593213804218 0.21008874300648184 0
