1593213360944 -1.9728706303764791 0
1593213394013 -2.040576871703653 0
1593213423747 -2.1684523330015293 0
1593213456551 -2.395673204870785 0
1593213489613 -2.4327543763553394 0
1593213523829 -2.4305736036861645 0
1593213555933 -2.4734536619747387 0
1593213589856 -2.44216952604406 0
1593213619503 -2.4707808634814095 0
1593213651703 -2.490128152510699 0
1593213681836 -2.447949830223532 0
1593213714266 -2.5066089349634506 0
1593213744854 -2.5385671363157383 0
1593213777925 -2.6021692752838135 0
1593213804220 -2.6634796927956974 0
