1593060212053 0.20026154000265756 0
1593060832610 0.28053691578563755 0
1593061451429 0.26431134950419316 0
1593062073937 0.21264569562114394 0
1593062696526 0.2575536980687611 0
1593063385799 0.29645325274890927 0
1593064196013 0.21117379656665677 0
1593065017337 0.23666049281031612 0
1593065834176 0.2926968725373723 0
1593066650139 0.3899730455179346 0
1593067471578 0.3045359627056341 0
1593068289832 0.2815563060337624 0
1593069108838 0.31068029603669994 0
1593069925619 0.3167259845042733 0
1593070736764 0.3422543007414885 0
1593071559964 0.4027986617785501 0
1593072374930 0.3288832151269561 0
1593073196876 0.3608898072603153 0
1593074132560 0.3446108590657825 0
1593075093826 0.2929133093070358 0
1593076144050 0.41177694023107236 0
1593077220580 0.422937773947339 0
1593078307977 0.38572520531351984 0
1593079369094 0.34500667538886065 0
1593080448901 0.4019670718870001 0
1593081528519 0.4323826509227646 0
1593082603481 0.36428172305328876 0
1593083670553 0.4263700397361463 0
1593084746769 0.4136231184337637 0
1593085803599 0.3968678985672332 0
1593086874979 0.398141011913323 0
1593087950287 0.4019630794380616 0
1593089024490 0.43133449184455397 0
1593090082698 0.39590410259019454 0
1593091156973 0.3928278661790045 0
1593092225639 0.4087319488567353 0
1593093285935 0.4557722199001451 0
1593094357238 0.43174608071139114 0
1593095428845 0.3897718148440213 0
1593096507506 0.4111794678344211 0
1593097601780 0.434190489078015 0
1593098688695 0.43949259341990154 0
1593099755151 0.41737170230126813 0
1593100833696 0.3971829719628703 0
1593101904972 0.4092690083712608 0
1593102987049 0.401207436905983 0
1593104053612 0.40552110595571106 0
1593105132271 0.4509089744950445 0
1593106208801 0.4378723368817158 0
1593107097745 0.41805033232766875 0
1593108077222 0.4332023136377977 0
