1593060212059 0.3865594874200743 0
1593060832616 0.531585995664495 0
1593061451436 0.45620177680242774 0
1593062073943 0.38844562347073225 0
1593062696531 0.4659214068666957 0
1593063385811 0.5052091178206246 0
1593064196021 0.3323231473850987 0
1593065017350 0.4067712130075998 0
1593065834195 0.4757445663249064 0
1593066650145 0.5920676863877141 0
1593067471586 0.49469267912352427 0
1593068289839 0.43100794522549346 0
1593069108847 0.5105533568124317 0
1593069925631 0.4939053236179837 0
1593070736780 0.5522903714346803 0
1593071559971 0.6073438078063524 0
1593072374936 0.5465422453697313 0
1593073196881 0.5575077096963084 0
1593074132589 0.5423728240646283 0
1593075093834 0.4969971205847692 0
1593076144058 0.5921366188118005 0
1593077220609 0.6167929393069222 0
1593078307985 0.5699708972850983 0
1593079369105 0.5434930539944557 0
1593080448927 0.5974660375624963 0
1593081528534 0.6322919017538086 0
1593082603489 0.5510326092872995 0
1593083670588 0.6067769265566778 0
1593084746781 0.5929563677976142 0
1593085803628 0.608984346375931 0
1593086874986 0.5941101601988494 0
1593087950315 0.6071726274157845 0
1593089024544 0.6156147046491623 0
1593090082731 0.5914165231055739 0
1593091156992 0.5887917532520578 0
1593092225683 0.5954642397938362 0
1593093285945 0.6327060321776035 0
1593094357244 0.6341956811479438 0
1593095428871 0.5988224645071297 0
1593096507524 0.6150827505828692 0
1593097601787 0.6265350262637435 0
1593098688713 0.6239069757773141 0
1593099755175 0.6106858402315415 0
1593100833771 0.598337293676006 0
1593101904996 0.6086137929601543 0
1593102987059 0.5874495015054946 0
1593104053618 0.6015443406753045 0
1593105132286 0.6364960305386955 0
1593106208871 0.6309481465518555 0
1593107097750 0.6105998377307411 0
1593108077237 0.6167305424408918 0
