1593060212058 0.40354386510865436 0
1593060832615 0.5530075520008518 0
1593061451435 0.4760104823453208 0
1593062073942 0.40363069374595206 0
1593062696530 0.48576185479662576 0
1593063385809 0.5265698573020002 0
1593064196020 0.3453879425458625 0
1593065017348 0.4212298670835991 0
1593065834191 0.49456818058472907 0
1593066650144 0.6174666504558062 0
1593067471584 0.5135655900354195 0
1593068289838 0.45086475512378854 0
1593069108844 0.5303266365717532 0
1593069925628 0.5145285109759675 0
1593070736777 0.5708772791694986 0
1593071559969 0.6295248028936483 0
1593072374935 0.5666645668120814 0
1593073196880 0.5820315059571944 0
1593074132584 0.5619579834446732 0
1593075093832 0.5178984199984479 0
1593076144055 0.61635188158385 0
1593077220606 0.6440691049732328 0
1593078307983 0.5939555193753016 0
1593079369100 0.5676168297437811 0
1593080448923 0.6223942647255488 0
1593081528531 0.6549915759984275 0
1593082603487 0.5722584360281798 0
1593083670580 0.6325441419727151 0
1593084746779 0.6156784636211365 0
1593085803623 0.6352257461088879 0
1593086874984 0.6160619588684824 0
1593087950311 0.6264234789303414 0
1593089024537 0.6412011138918974 0
1593090082720 0.6134116729509214 0
1593091156989 0.6122101569732328 0
1593092225677 0.6213263525491598 0
1593093285943 0.6571326044980722 0
1593094357243 0.6595972566023773 0
1593095428854 0.6199244280853347 0
1593096507521 0.6416753167732846 0
1593097601786 0.6500578696410718 0
1593098688710 0.6499028054723602 0
1593099755171 0.6369425681887029 0
1593100833765 0.6208420874776548 0
1593101904994 0.6299474292061721 0
1593102987058 0.6114610368530934 0
1593104053617 0.6258027558912848 0
1593105132283 0.6618195993430919 0
1593106208866 0.6564973690762353 0
1593107097749 0.6342565412103024 0
1593108077234 0.641986872923277 0
