1593060212060 0.3612204355697363 0
1593060832616 0.5012419468618801 0
1593061451437 0.42554299520651656 0
1593062073943 0.36498721884520036 0
1593062696532 0.439258042428358 0
1593063385814 0.473531556725703 0
1593064196022 0.31524595418093354 0
1593065017351 0.38182098301550593 0
1593065834198 0.44763303390742876 0
1593066650146 0.5562211549900665 0
1593067471588 0.4687805949336443 0
1593068289840 0.4013156320399906 0
1593069108850 0.48538227747312357 0
1593069925634 0.4665229743501102 0
1593070736783 0.5226822364140586 0
1593071559972 0.5708751399259747 0
1593072374938 0.5175810907157721 0
1593073196882 0.5288046565837096 0
1593074132597 0.5078758949130983 0
1593075093836 0.46685044651815905 0
1593076144064 0.5550864722969725 0
1593077220622 0.5817707017120841 0
1593078307987 0.5394248936492557 0
1593079369159 0.5165005114001684 0
1593080448931 0.5612686841490876 0
1593081528536 0.5957476993819919 0
1593082603491 0.5193989677127516 0
1593083670591 0.57390490417637 0
1593084746782 0.5615389649319027 0
1593085803633 0.5717746797978567 0
1593086874988 0.5601884192769432 0
1593087950319 0.5693946260366183 0
1593089024554 0.5796776675522779 0
1593090082733 0.5587508762733556 0
1593091156996 0.5551476963340826 0
1593092225688 0.5621043110315339 0
1593093285948 0.5957135273431557 0
1593094357245 0.5947707344123352 0
1593095428879 0.5650980841790739 0
1593096507527 0.5779842513004005 0
1593097601788 0.5855739289575708 0
1593098688716 0.5874918626729904 0
1593099755178 0.5752425313879049 0
1593100833776 0.5625880871849833 0
1593101904997 0.570719306528265 0
1593102987061 0.5562551548974018 0
1593104053619 0.5688015492621773 0
1593105132289 0.5984660765173492 0
1593106208881 0.5949083304824183 0
1593107097750 0.574097232937642 0
1593108077241 0.5811860822670702 0
