1593060174707 0.2751815195449374 0
1593060800222 0.2484928940168836 0
1593061418936 0.23728348786067782 0
1593062041128 0.23417472497870526 0
1593062663980 0.22915088365588224 0
1593063337008 0.22487470295957543 0
1593064147076 0.22028088470864476 0
1593064967289 0.21781144460493868 0
1593065785999 0.21741709533627285 0
1593066603267 0.2156505058096214 0
1593067422200 0.20437575704559233 0
1593068240781 0.20237479708863026 0
1593069060517 0.20220205876411815 0
1593069877877 0.2014999638565562 0
1593070688173 0.20207820877884375 0
1593071512479 0.20017423381972493 0
1593072327536 0.19805262412763003 0
1593073149632 0.1978599647285812 0
1593074056638 0.19902448931878264 0
1593075046051 0.1974223249902328 0
1593076071470 0.19262562874196607 0
1593077148665 0.19162385744240248 0
1593078232110 0.19007621261037208 0
1593079297729 0.19149394851234375 0
1593080375138 0.1904730620568223 0
1593081454727 0.19024693884068367 0
1593082530460 0.1880152841578379 0
1593083599709 0.18806994380429387 0
1593084673788 0.18816937406011153 0
1593085735391 0.18640154779352475 0
1593086802910 0.18457245742055503 0
1593087880809 0.18490993814317114 0
1593088952672 0.18537357503153157 0
1593090009956 0.1852872930890457 0
1593091084932 0.18412933756851338 0
1593092153714 0.18320276342671027 0
1593093212952 0.18325162776322526 0
1593094283926 0.18205613250646627 0
1593095353539 0.18304483823929774 0
1593096431812 0.18307405120382705 0
1593097526007 0.18184459749891452 0
1593098616559 0.18186708687889305 0
1593099681380 0.18220184754693147 0
1593100758710 0.18183866432501058 0
1593101830099 0.18205864980083072 0
1593102912370 0.18159135950334143 0
1593103979488 0.1810968570467649 0
1593105057490 0.1806244693103839 0
1593106135747 0.1805630331209889 0
1593107049398 0.180063907296933 0
1593108004918 0.17901983902309881 0
