1593060174712 -3.6554784764690944 0
1593060800227 -4.161512003378999 0
1593061418940 -4.283564867741061 0
1593062041132 -4.330777019932584 0
1593062663989 -4.360251013397691 0
1593063337015 -4.424562565051019 0
1593064147085 -4.463519990638209 0
1593064967295 -4.489164144689725 0
1593065786005 -4.421670168034987 0
1593066603273 -4.498253827805236 0
1593067422204 -4.559504564093059 0
1593068240787 -4.5966788979924535 0
1593069060523 -4.556933956958043 0
1593069877881 -4.596631882832188 0
1593070688179 -4.611373375131127 0
1593071512485 -4.582358996129849 0
1593072327546 -4.615524632561684 0
1593073149637 -4.622379272400091 0
1593074056644 -4.59615155745467 0
1593075046056 -4.640516871607608 0
1593076071477 -4.632984218700916 0
1593077148670 -4.638517582543885 0
1593078232115 -4.682497886409912 0
1593079297735 -4.653358102751416 0
1593080375143 -4.682132929697576 0
1593081454733 -4.681335664378959 0
1593082530467 -4.697329909180883 0
1593083599719 -4.718239191817261 0
1593084673793 -4.669009013235512 0
1593085735396 -4.6823980784904435 0
1593086802916 -4.67726340598716 0
1593087880814 -4.717819992257071 0
1593088952678 -4.708585941100451 0
1593090009962 -4.685322547273245 0
1593091084938 -4.737404664913122 0
1593092153720 -4.722273340722137 0
1593093212958 -4.702216688291325 0
1593094283939 -4.72548920830366 0
1593095353546 -4.721008184469996 0
1593096431818 -4.73927804162359 0
1593097526012 -4.7218608367150985 0
1593098616564 -4.73901049896482 0
1593099681386 -4.729836651491826 0
1593100758716 -4.721923107343063 0
1593101830105 -4.712602390054874 0
1593102912375 -4.734777291913898 0
1593103979493 -4.715779026522244 0
1593105057496 -4.755948726056059 0
1593106135752 -4.717544994803823 0
1593107049403 -4.714785694264609 0
1593108004923 -4.733825086499564 0
