1593060174710 0.155919913527076 0
1593060800225 0.14625970525384852 0
1593061418939 0.14211884373798966 0
1593062041131 0.139972311049474 0
1593062663986 0.13825011441032542 0
1593063337012 0.13677474593913014 0
1593064147080 0.1350389042953876 0
1593064967293 0.13495080149026983 0
1593065786003 0.13506087612812268 0
1593066603271 0.13265827382830056 0
1593067422203 0.12864247001143117 0
1593068240785 0.12774402453479441 0
1593069060520 0.12762933677401056 0
1593069877880 0.1272935766557401 0
1593070688176 0.12705746616208644 0
1593071512483 0.12637097878155834 0
1593072327544 0.12557049868910602 0
1593073149636 0.12534229193503657 0
1593074056642 0.12522096119143747 0
1593075046054 0.12443027289753611 0
1593076071474 0.1232334164070022 0
1593077148668 0.1220221135793536 0
1593078232113 0.12224433589444468 0
1593079297733 0.1220443209661453 0
1593080375142 0.12133651463822885 0
1593081454731 0.12135473496252389 0
1593082530464 0.12161116884795553 0
1593083599713 0.1211848314428194 0
1593084673791 0.12100338937263146 0
1593085735394 0.12055538946085355 0
1593086802913 0.11952628449282864 0
1593087880813 0.11969665964275147 0
1593088952676 0.11919380264413176 0
1593090009960 0.11937912950066454 0
1593091084936 0.11861815186443203 0
1593092153718 0.11861851520723465 0
1593093212956 0.11840306920930743 0
1593094283937 0.11839916418786302 0
1593095353544 0.11847873142158444 0
1593096431815 0.11831138323936047 0
1593097526010 0.1176605001656395 0
1593098616562 0.11770631284029646 0
1593099681384 0.11774570715021003 0
1593100758714 0.11727457496365815 0
1593101830103 0.11759806685431888 0
1593102912373 0.1173442500135438 0
1593103979491 0.11726883841170506 0
1593105057494 0.1172965104748128 0
1593106135750 0.11706068537508448 0
1593107049401 0.11725065289911898 0
1593108004921 0.11699420368214222 0
