1590480167996 0.2587151285992272 0
1590480602106 0.33102814805443675 0
1590481033421 0.2258793285170781 0
1590481463946 0.37195716414526747 0
1590481894021 0.36026152279180396 0
1590482324802 0.3748745386393331 0
1590482754165 0.35823499458644387 0
1590483184494 0.3504479687442184 0
1590483614059 0.37788794854232705 0
1590484044898 0.3610914411528631 0
1590484474677 0.3893159715900562 0
1590484904300 0.38743864306882947 0
1590485333587 0.3920635481186477 0
1590485763326 0.3855829201165738 0
1590486191791 0.38798870842798877 0
1590486621644 0.3882794701923451 0
1590487050886 0.3960939427557852 0
1590487480717 0.3891865595835813 0
1590487910018 0.3895966313606833 0
1590488340045 0.3938330653230956 0
1590488769096 0.39209338670857663 0
