1590480167990 0.18198015626268588 0
1590480602099 0.20101795460616256 0
1590481033410 0.18057165483861132 0
1590481463940 0.23833809307367096 0
1590481894011 0.23159848099868915 0
1590482324795 0.23127954798377223 0
1590482754158 0.25390986914991936 0
1590483184487 0.24986163700610786 0
1590483614048 0.2727942436572802 0
1590484044892 0.2328571004207965 0
1590484474671 0.2863653888383857 0
1590484904295 0.28363671042676486 0
1590485333581 0.2980370382107429 0
1590485763319 0.28184316143627447 0
1590486191785 0.2902565943223143 0
1590486621638 0.29009579709778777 0
1590487050877 0.30153098441935106 0
1590487480711 0.29469283926707796 0
1590487910011 0.2909989599207932 0
1590488340037 0.29763367670102997 0
1590488769090 0.2957631883415255 0
