1590480168003 0.24872339677786556 0
1590480602112 0.3177713594715231 0
1590481033429 0.21821355351655702 0
1590481463952 0.3535237388175843 0
1590481894029 0.34571428596296094 0
1590482324809 0.35924068052549835 0
1590482754172 0.3437027944426695 0
1590483184500 0.3384362892116732 0
1590483614065 0.363104470916725 0
1590484044904 0.3490370331157702 0
1590484474690 0.37392856511505734 0
1590484904307 0.3725432299099531 0
1590485333594 0.3768928586411362 0
1590485763332 0.3708785228732478 0
1590486191798 0.3732631595683289 0
1590486621650 0.3743740772845485 0
1590487050894 0.3809641873381402 0
1590487480723 0.3751364885645333 0
1590487910024 0.37489654475839884 0
1590488340052 0.37916879662473485 0
1590488769102 0.37726640131131745 0
