1590480167980 0.1946871217401485 0
1590480602087 0.21225076034048423 0
1590481033390 0.19235423394423554 0
1590481463930 0.2551443911536811 0
1590481893994 0.2449003811118033 0
1590482324778 0.24593866946201998 0
1590482754146 0.2700273249185175 0
1590483184477 0.26300644594226325 0
1590483614036 0.28911727571724083 0
1590484044881 0.24399244140292786 0
1590484474661 0.3047327475386522 0
1590484904285 0.30158939461778744 0
1590485333568 0.3176296826214259 0
1590485763306 0.2992076695043511 0
1590486191773 0.3077615116788913 0
1590486621628 0.30824118719941596 0
1590487050865 0.32127082142006397 0
1590487480699 0.31321715860171273 0
1590487910000 0.30936116290161675 0
1590488340025 0.31607478740207257 0
1590488769076 0.3143349089401779 0
