1590480167982 0.19338274640385625 0
1590480602090 0.2113736609526098 0
1590481033394 0.19153309480080297 0
1590481463932 0.25341230431377687 0
1590481893997 0.2437495983938469 0
1590482324780 0.2445625522285797 0
1590482754149 0.2686963043274251 0
1590483184479 0.2620535260066311 0
1590483614038 0.28730617424201044 0
1590484044883 0.2430109939360291 0
1590484474663 0.3029336590278349 0
1590484904287 0.2999350729162503 0
1590485333571 0.31570509776715927 0
1590485763308 0.2974858791092007 0
1590486191776 0.3061858825005741 0
1590486621630 0.30666737665513494 0
1590487050868 0.3192426052421403 0
1590487480702 0.3114799085491982 0
1590487910002 0.3077586261480575 0
1590488340027 0.31437957497073765 0
1590488769079 0.31291107951062513 0
