1590480167992 0.18970067590134979 0
1590480602101 0.2080344973213428 0
1590481033414 0.1880335288355914 0
1590481463942 0.2484569543706228 0
1590481894015 0.23993474788469216 0
1590482324798 0.24025560402643273 0
1590482754160 0.2638445475879729 0
1590483184489 0.25825599785124137 0
1590483614051 0.282657942436837 0
1590484044894 0.23998887617511613 0
1590484474673 0.2976959636737399 0
1590484904297 0.29477396081034096 0
1590485333583 0.31018045442031356 0
1590485763321 0.29261972457614543 0
1590486191787 0.30109072776621854 0
1590486621640 0.3015855650828286 0
1590487050880 0.31372992504721525 0
1590487480713 0.306298594073382 0
1590487910014 0.3024366307194387 0
1590488340039 0.3091059689878882 0
1590488769092 0.30742505341433596 0
