1590480167998 0.25619735198403754 0
1590480602108 0.3278005281435106 0
1590481033424 0.22409579916386527 0
1590481463948 0.3675101845337495 0
1590481894024 0.35707835987908226 0
1590482324804 0.371005883469643 0
1590482754167 0.354487988872763 0
1590483184496 0.3476337557089705 0
1590483614061 0.37442799073492133 0
1590484044900 0.3585334511802809 0
1590484474679 0.3858035527680965 0
1590484904303 0.38430214339075636 0
1590485333590 0.38866456434069097 0
1590485763328 0.3826620763539669 0
1590486191793 0.38491617517166554 0
1590486621646 0.385576818413451 0
1590487050890 0.3932170047341587 0
1590487480719 0.3863851028336953 0
1590487910020 0.3864020621099951 0
1590488340047 0.3908397311130676 0
1590488769098 0.38902736070385435 0
