1590480168007 0.2532018356248275 0
1590480602116 0.3238584154112501 0
1590481033434 0.2215517523184741 0
1590481463958 0.36206024249877 0
1590481894033 0.35244400807092996 0
1590482324813 0.36629800739927826 0
1590482754176 0.35038497223037485 0
1590483184504 0.3437676886002317 0
1590483614069 0.3700127429402042 0
1590484044909 0.3544403846225235 0
1590484474694 0.3809140014435251 0
1590484904311 0.3792425338947994 0
1590485333599 0.3837045099378873 0
1590485763337 0.37764503775820907 0
1590486191802 0.3800147969550962 0
1590486621653 0.3805692397168299 0
1590487050904 0.38777041346577595 0
1590487480727 0.38135599184922064 0
1590487910029 0.3814222301450594 0
1590488340057 0.3858202965419298 0
1590488769112 0.3839707928804122 0
