1590480080271 1.1551892353144624 0
1590480517916 1.0122481213122076 0
1590480950486 0.9691062339047003 0
1590481382406 0.9436963090573894 0
1590481812064 0.9167979638692896 0
1590482242770 0.899631479986497 0
1590482672662 0.8899171157965998 0
1590483102832 0.8742135667501116 0
1590483532824 0.8648075823776821 0
1590483962943 0.8532355836201349 0
1590484393596 0.8143822508891658 0
1590484823116 0.7955318945487575 0
1590485252764 0.7911386507061812 0
1590485682217 0.7877533927603939 0
1590486110892 0.7832299603380748 0
1590486540577 0.7737429179692057 0
1590486970028 0.7744777341698401 0
1590487399931 0.7691473119379677 0
1590487828971 0.7649572175326784 0
1590488259256 0.7632829814752531 0
1590488688118 0.7615798702959479 0
