1590394466796 0.0879624591109577 0
1590395208844 0.12436943679567619 0
1590395949358 0.15955132431623112 0
1590396689918 0.16876323048172043 0
1590397430603 0.18028246929299302 0
1590398170764 0.19269068640331774 0
1590398911536 0.19884475449729927 0
1590399651538 0.20445614101633738 0
1590400399219 0.20561830688345123 0
1590401147341 0.20325808730505399 0
1590401887343 0.21616081745850335 0
1590402627351 0.22200070139495023 0
1590403367039 0.22014033126398572 0
1590404106200 0.2240739219399337 0
1590404845696 0.22524438276199024 0
1590405584904 0.22681568227872975 0
1590406324614 0.22540494560855545 0
1590407063597 0.22288798626782702 0
1590407803390 0.2292194262000594 0
1590408542547 0.22657742379079948 0
1590409281510 0.22862260047814334 0
1590410021187 0.22839428177249088 0
1590410760452 0.23022176383469967 0
1590411499392 0.22834049391135053 0
1590412238709 0.2294360133944278 0
1590412977672 0.22804871570615623 0
1590413717165 0.2278118425785878 0
1590414456053 0.2282889587464534 0
1590415195359 0.22932970755617965 0
1590415934419 0.22844444793823465 0
1590416673538 0.2286260728222954 0
1590417412885 0.2290853953007972 0
