1590394466790 0.04368160667846006 0
1590395208839 0.06666431209942748 0
1590395949353 0.08648865973059897 0
1590396689911 0.09058951700654112 0
1590397430599 0.10428238691302934 0
1590398170758 0.1136918972030582 0
1590398911532 0.11500870042149042 0
1590399651532 0.1200398653252686 0
1590400399214 0.12203947492572294 0
1590401147336 0.12522990158787198 0
1590401887337 0.12511328801159471 0
1590402627344 0.12536244358198112 0
1590403367033 0.12620538759436875 0
1590404106195 0.12653392705609232 0
1590404845689 0.12617532348353455 0
1590405584900 0.1271918861164548 0
1590406324608 0.1282042021595522 0
1590407063591 0.12765566618717025 0
1590407803382 0.12752525145606097 0
1590408542539 0.12731472404509245 0
1590409281505 0.12868481138098517 0
1590410021181 0.12916505865501166 0
1590410760447 0.12927193496131803 0
1590411499387 0.12898632178443592 0
1590412238705 0.12921599576546927 0
1590412977668 0.12879990672230887 0
1590413717160 0.1290703201014472 0
1590414456047 0.12904971230123177 0
1590415195353 0.1285915471749801 0
1590415934413 0.1286932408488407 0
1590416673533 0.12880595487530958 0
1590417412880 0.12882026955817505 0
