1590394466793 0.017221789041453384 0
1590395208842 0.030069120044197643 0
1590395949355 0.04258003719196526 0
1590396689915 0.0460742338572729 0
1590397430601 0.05675162092945983 0
1590398170761 0.06438356631648176 0
1590398911534 0.06411235547510644 0
1590399651535 0.0691351541187909 0
1590400399217 0.07073777674233182 0
1590401147339 0.07324454608794656 0
1590401887339 0.07434982452139435 0
1590402627348 0.07403343068098775 0
1590403367036 0.07536970198581659 0
1590404106198 0.07542395825430002 0
1590404845693 0.07511274085986287 0
1590405584902 0.07578688021122883 0
1590406324611 0.0772692439762192 0
1590407063595 0.07622965910803743 0
1590407803387 0.07540579410414978 0
1590408542543 0.07642710294333584 0
1590409281507 0.07736320090030384 0
1590410021184 0.07774470305428312 0
1590410760449 0.07796090636879836 0
1590411499390 0.07757910975342737 0
1590412238707 0.07762335978837258 0
1590412977670 0.0775047835057802 0
1590413717163 0.0773219347644052 0
1590414456050 0.07762566689987487 0
1590415195356 0.07741092577235383 0
1590415934416 0.07754558429827929 0
1590416673536 0.07770167248339396 0
1590417412883 0.07768410673818582 0
