1590394466795 0.030506450078242642 0
1590395208843 0.048405358708945724 0
1590395949357 0.06446444088746368 0
1590396689917 0.06800733966674972 0
1590397430603 0.07999284426252139 0
1590398170763 0.08846120956143312 0
1590398911536 0.08886510369521484 0
1590399651537 0.09384718931874908 0
1590400399219 0.0954171186062115 0
1590401147340 0.0984278820379977 0
1590401887342 0.09890236564634682 0
1590402627350 0.09878945817400471 0
1590403367038 0.09983658703584948 0
1590404106200 0.1002406101207111 0
1590404845695 0.09983734868036305 0
1590405584904 0.10068527400579562 0
1590406324613 0.10180272877943354 0
1590407063597 0.1010306622665001 0
1590407803388 0.1006056309989205 0
1590408542546 0.10111070351973488 0
1590409281509 0.1019844125916972 0
1590410021186 0.1023431505101667 0
1590410760451 0.10256889438754173 0
1590411499391 0.10238414076152823 0
1590412238708 0.10247412277351971 0
1590412977671 0.10230113627770154 0
1590413717164 0.10236403731978315 0
1590414456052 0.10244004811399333 0
1590415195358 0.10201297266303239 0
1590415934418 0.10219849397519835 0
1590416673537 0.10235358470662737 0
1590417412884 0.10235258009299307 0
