1590394466799 0.05865098291266382 0
1590395208846 0.08676305522258194 0
1590395949359 0.11765373411465443 0
1590396689920 0.12652489606183304 0
1590397430605 0.14146437729411682 0
1590398170766 0.1524232873322201 0
1590398911538 0.15993646886764848 0
1590399651539 0.16663535561711645 0
1590400399221 0.1663392247368278 0
1590401147343 0.16597367057292292 0
1590401887345 0.17384361823746355 0
1590402627354 0.17802209411712547 0
1590403367041 0.17737570596051988 0
1590404106202 0.17972775020068604 0
1590404845698 0.18075796925833423 0
1590405584906 0.1818963258325176 0
1590406324616 0.1821994177911245 0
1590407063599 0.18060202980462833 0
1590407803391 0.18398596139458173 0
1590408542550 0.18313443122193956 0
1590409281511 0.1841833081914689 0
1590410021189 0.18447197651474284 0
1590410760453 0.18496285755383335 0
1590411499393 0.18389797000829078 0
1590412238711 0.18498724739737168 0
1590412977674 0.18374891982081637 0
1590413717167 0.18356165712631758 0
1590414456054 0.18436365342953007 0
1590415195361 0.18430384149326579 0
1590415934420 0.1838123340183427 0
1590416673539 0.1839677058201162 0
1590417412886 0.18441582367922585 0
