1590394466798 0.07389984788834195 0
1590395208845 0.10571427123485524 0
1590395949359 0.13919843952647543 0
1590396689919 0.1483917175429602 0
1590397430604 0.162184269465821 0
1590398170765 0.17440373645501914 0
1590398911537 0.1816016683617438 0
1590399651538 0.1869189910112866 0
1590400399220 0.1872356157857212 0
1590401147342 0.18573241807674484 0
1590401887344 0.19618568354784327 0
1590402627352 0.20180472347763054 0
1590403367040 0.2004212718840438 0
1590404106201 0.20314944260048698 0
1590404845697 0.2044646218763694 0
1590405584905 0.2062354999991521 0
1590406324615 0.20554010085962554 0
1590407063598 0.20296991856495272 0
1590407803390 0.20880028863249186 0
1590408542549 0.20671010478992474 0
1590409281510 0.2080913955152104 0
1590410021188 0.20824708728522015 0
1590410760452 0.20936391423104533 0
1590411499393 0.208117122052533 0
1590412238710 0.20906822732690392 0
1590412977673 0.20775462250190171 0
1590413717166 0.20728438329860469 0
1590414456054 0.20821902989684893 0
1590415195360 0.20838786915368246 0
1590415934420 0.20769590150068584 0
1590416673539 0.20792452408941156 0
1590417412886 0.20804486503938263 0
