1590394466789 0.05198118489198461 0
1590395208839 0.07633771807651334 0
1590395949352 0.09720890811801934 0
1590396689909 0.10062774127011835 0
1590397430598 0.11458366295640364 0
1590398170758 0.12307458126397207 0
1590398911531 0.1250312896395936 0
1590399651531 0.12931095340869928 0
1590400399213 0.1315837207922009 0
1590401147335 0.13544531202124416 0
1590401887336 0.13503722051250786 0
1590402627343 0.13510191022473428 0
1590403367032 0.13619529448160797 0
1590404106194 0.1367731002926538 0
1590404845688 0.13647134665648533 0
1590405584899 0.1374044828393655 0
1590406324607 0.1383321576224799 0
1590407063590 0.13764340244004705 0
1590407803381 0.13752657407229701 0
1590408542538 0.1374399448179889 0
1590409281504 0.13851409811502027 0
1590410021180 0.13884525231768247 0
1590410760446 0.13915242075314208 0
1590411499386 0.13900020382325548 0
1590412238704 0.1391113570890975 0
1590412977667 0.13879501578234082 0
1590413717160 0.13906602349026406 0
1590414456046 0.13879724812264338 0
1590415195352 0.13854658478112072 0
1590415934412 0.13871576294491755 0
1590416673533 0.13892587429927422 0
1590417412879 0.13896399264418446 0
