1590394466802 0.05228591588127165 0
1590395208849 0.077130419570603 0
1590395949363 0.10394495487459911 0
1590396689923 0.11226594413144553 0
1590397430608 0.12577065451595068 0
1590398170770 0.13580930690233256 0
1590398911541 0.14248169381969034 0
1590399651542 0.1486651786125683 0
1590400399225 0.14950081746322028 0
1590401147347 0.1486898124139895 0
1590401887348 0.15630315706172643 0
1590402627357 0.16060712026891447 0
1590403367044 0.16031766521674906 0
1590404106206 0.16258394039316815 0
1590404845702 0.1635190181512358 0
1590405584909 0.1643189156701755 0
1590406324619 0.16467936075141515 0
1590407063602 0.16194578177141242 0
1590407803394 0.16550379354596392 0
1590408542553 0.16568588400366835 0
1590409281514 0.16628346678074174 0
1590410021192 0.16665337653697493 0
1590410760456 0.16748061202020445 0
1590411499396 0.16610382147784572 0
1590412238714 0.16697027871347647 0
1590412977680 0.16591500949651125 0
1590413717170 0.16554871764889026 0
1590414456057 0.1664780559398257 0
1590415195364 0.16655107941274264 0
1590415934424 0.16598457361582833 0
1590416673542 0.16614159515032337 0
1590417412890 0.16637976442350666 0
