1590394466800 0.043977498376059826 0
1590395208847 0.06740237103095006 0
1590395949360 0.09330524674205888 0
1590396689921 0.10187733798370144 0
1590397430606 0.11756987228785318 0
1590398170767 0.1272308306124774 0
1590398911539 0.13488281781623804 0
1590399651540 0.141378857637888 0
1590400399222 0.14177290471491877 0
1590401147344 0.1415850573398086 0
1590401887346 0.1475426729811516 0
1590402627355 0.15136603349012825 0
1590403367042 0.15224708483513272 0
1590404106203 0.15410843171885558 0
1590404845699 0.15450019265757683 0
1590405584907 0.1549217163185538 0
1590406324617 0.1560881724995218 0
1590407063600 0.15346280493953937 0
1590407803392 0.1559535721311299 0
1590408542550 0.15734017201356967 0
1590409281512 0.15725706636388176 0
1590410021189 0.1579672387213301 0
1590410760454 0.15860466503999154 0
1590411499394 0.1573723480557016 0
1590412238711 0.15797829114696033 0
1590412977675 0.1572411880511995 0
1590413717167 0.15648751822124451 0
1590414456055 0.15789472836266819 0
1590415195362 0.1579783095020705 0
1590415934421 0.1573207724030364 0
1590416673540 0.15719078518278862 0
1590417412887 0.15741557638446485 0
