1590394331631 0.2866869756384317 0
1590395077751 0.3178191578688001 0
1590395818544 0.34854286432971615 0
1590396559509 0.36683039455371497 0
1590397299681 0.36348695770875944 0
1590398040017 0.36097262217800996 0
1590398780731 0.35696789675210355 0
1590399520855 0.3510783387888113 0
1590400268300 0.34584529618539755 0
1590401016096 0.34320072512302174 0
1590401756447 0.3357845253845644 0
1590402496730 0.33415038848417045 0
1590403236252 0.3335711706936712 0
1590403975681 0.3333340202562908 0
1590404715008 0.3317658001854575 0
1590405454356 0.33080758515899705 0
1590406194085 0.3312167199934728 0
1590406933098 0.330550214242653 0
1590407672137 0.33020655008462757 0
1590408412192 0.32969069181109323 0
1590409150967 0.3285948812256198 0
1590409890551 0.3283326124122157 0
1590410629698 0.3285487940061022 0
1590411369006 0.32768412401690283 0
1590412107999 0.3286968262414255 0
1590412847197 0.3288383145304121 0
1590413586646 0.32891001450944934 0
1590414325546 0.32797981040364893 0
1590415064741 0.32770874011798723 0
1590415804014 0.3278905877171183 0
1590416542829 0.3278747368493729 0
1590417282512 0.32797040882900624 0
