1590394331636 1.127774959306106 0
1590395077754 1.0011802886629246 0
1590395818548 1.050448555763833 0
1590396559513 1.0758297912688297 0
1590397299685 1.0615728496623462 0
1590398040021 1.0524565390360778 0
1590398780735 1.037871238020574 0
1590399520859 1.017360072737262 0
1590400268304 1.003720361254448 0
1590401016099 0.9930270465763187 0
1590401756450 0.9653157699610707 0
1590402496734 0.9604862738819517 0
1590403236254 0.9594560327041431 0
1590403975683 0.9581487032436055 0
1590404715012 0.9545135285991889 0
1590405454360 0.9511804049338638 0
1590406194089 0.9518413968582654 0
1590406933103 0.9493398729866073 0
1590407672141 0.949467976373681 0
1590408412195 0.9465934953172884 0
1590409150971 0.9440694979706107 0
1590409890556 0.9420053736587777 0
1590410629702 0.9433973662378873 0
1590411369011 0.9413025001030878 0
1590412108003 0.9424498328972145 0
1590412847200 0.943635470173239 0
1590413586649 0.9420993325890169 0
1590414325550 0.9417300778578901 0
1590415064745 0.9415214170960808 0
1590415804018 0.9407762725721802 0
1590416542833 0.9401027845582489 0
1590417282516 0.9415545575761584 0
