1595571688745 0.5156137087584555 0
1595573072486 0.5713544598920747 0
1595574442219 0.607336040818775 0
1595575823899 0.6029172160715174 0
1595577205535 0.5908270586294236 0
1595578597727 0.6082295998229733 0
1595579978730 0.6068357765624544 0
1595581369752 0.5880061136764999 0
1595582773200 0.6190634022173707 0
1595584176306 0.6383565108179664 0
1595585573421 0.605996171670189 0
1595586970873 0.6350153542183027 0
1595588372749 0.6225417065133437 0
1595589777362 0.6612845979094665 0
1595591167981 0.6575109174478351 0
1595592567897 0.6694851050842944 0
1595593960031 0.6429158814327713 0
1595595362362 0.6711839900765032 0
1595596758910 0.6470075151949981 0
1595598165146 0.6565086813808979 0
1595599555992 0.6737472372664118 0
1595600943484 0.6848211537395444 0
1595602333462 0.6826867830712988 0
1595603723242 0.6789368323866909 0
1595605112624 0.680681913833036 0
1595606489203 0.6851127785751802 0
1595607872679 0.670839252152497 0
1595609252697 0.6957886635902182 0
1595610618496 0.7008572232094219 0
1595611984251 0.6950190364739953 0
1595613357023 0.6990913658462875 0
1595614730183 0.7078479505841048 0
1595616092506 0.6930247486656066 0
1595617459521 0.6806239328554473 0
1595618823877 0.6976831605391816 0
1595620184154 0.6995944791066647 0
1595621558817 0.691069428759436 0
1595622930650 0.6975224982979495 0
1595624297630 0.6963612648820529 0
1595625667956 0.6961098452907665 0
1595627043876 0.6905753264977796 0
1595628417602 0.6951796175323682 0
1595629789683 0.6938259836937439 0
1595631158517 0.697651290959693 0
1595632523579 0.6980108437777268 0
1595633888850 0.6953532055466451 0
1595635256208 0.6933410028292506 0
1595636632367 0.6954434823156277 0
1595638004876 0.6976571689049544 0
1595639385676 0.6967721668166703 0
1595640746389 0.6969421775275907 0
1595642118971 0.6962674913964656 0
1595643486183 0.6957805547121312 0
1595644852454 0.6957220979445379 0
1595646219238 0.6950119802142011 0
1595647577122 0.6975641271353789 0
1595648944170 0.6962479301583969 0
1595650308441 0.6960367455876654 0
1595651674702 0.6966242318233484 0
1595653048119 0.6954006141345817 0
1595654418143 0.6971876289876843 0
1595655787387 0.6948239211831116 0
1595657161420 0.6956384592040442 0
1595658533534 0.6970222726313878 0
1595659897386 0.6966188577558787 0
1595661251773 0.6967824749633389 0
1595662626860 0.6959410296094741 0
1595664001959 0.6956950202278771 0
1595665373687 0.6954594239979062 0
1595666735523 0.6956560809469172 0
1595668104360 0.6960343470179443 0
1595669471377 0.6965413029849995 0
1595670842969 0.6959539046834994 0
1595672214502 0.6954353888388254 0
1595673581972 0.6964118788859041 0
1595674960362 0.6961649890174664 0
1595676326166 0.6962725540766517 0
1595677692578 0.696312258527304 0
1595679067467 0.695482330045343 0
1595680434057 0.6960565625837732 0
1595681807222 0.695439546932353 0
1595683180362 0.6952947711911606 0
1595684545733 0.6954506473454082 0
1595685917865 0.6955683785385395 0
1595687282403 0.6952703507409689 0
1595688637379 0.6954391247981094 0
1595690005149 0.6957733758831147 0
1595691376123 0.6958466241586745 0
1595692744093 0.6958400483309323 0
1595694114875 0.6956606166356232 0
1595695476349 0.6956116968874289 0
1595696845572 0.6956117631012595 0
1595698205383 0.6958450547606496 0
1595699572616 0.6958739911651028 0
1595700933865 0.6958106322765408 0
1595702291242 0.6959338737384507 0
1595703657538 0.695800629366983 0
1595705022065 0.6959315846878393 0
1595706379810 0.6959855496557026 0
1595707749194 0.6957729948581755 0
1595709120792 0.6959812373756689 0
1595710490544 0.6959821487954413 0
1595711848962 0.6958256852453492 0
1595713215175 0.6961139665619055 0
1595714583228 0.6960126701077146 0
1595715946602 0.6960029909594626 0
1595717314715 0.6958268538175197 0
1595718676076 0.6959435210069926 0
1595720054074 0.6959775680588639 0
1595721431184 0.6959981729937108 0
1595722802335 0.6961528189452149 0
1595724180476 0.6962142713029548 0
1595725548872 0.6959667656325459 0
1595726928348 0.696139378853121 0
1595728305699 0.6960216094455275 0
1595729675801 0.696011812847055 0
1595731051133 0.6958991929884304 0
1595732416052 0.6961378317147919 0
1595733787706 0.6960367374765879 0
1595735156133 0.6958618622674304 0
1595736526859 0.6953270744035351 0
1595737897503 0.6956465363262302 0
1595739270439 0.6955982577911812 0
1595740651919 0.6956718409835436 0
1595742025768 0.6953178249123457 0
1595743401050 0.6954453902245865 0
