1595571688754 0.7759249008271137 0
1595573072503 0.7957677453241784 0
1595574442223 0.7928521792712121 0
1595575823914 0.8089619780924384 0
1595577205539 0.8119381731730789 0
1595578597742 0.810850784383394 0
1595579978734 0.8032249584716072 0
1595581369772 0.7991394981336325 0
1595582773229 0.8094040825769956 0
1595584176317 0.8103449637394547 0
1595585573459 0.8120324406585897 0
1595586970877 0.815034444112424 0
1595588372768 0.8057575656268445 0
1595589777373 0.819026566939428 0
1595591167990 0.8135930412199373 0
1595592567948 0.8217673702689716 0
1595593960050 0.8195422645036405 0
1595595362385 0.8214912372783418 0
1595596758923 0.8209032260005439 0
1595598165158 0.8216772568391119 0
1595599555996 0.8251377309112374 0
1595600943503 0.8252280613424499 0
1595602333477 0.8272677935296879 0
1595603723245 0.8242344009853352 0
1595605112631 0.8256455782352136 0
1595606489213 0.8259619392808968 0
1595607872687 0.8221491002500084 0
1595609252700 0.8277397698938893 0
1595610618500 0.8265116737180892 0
1595611984255 0.8245604387987435 0
1595613357031 0.8269763230911344 0
1595614730193 0.8288310368562788 0
1595616092515 0.8274131373377583 0
1595617459525 0.826492286003574 0
1595618823881 0.827596144868794 0
1595620184158 0.8273089624521484 0
1595621558821 0.8268118706659494 0
1595622930658 0.826985267871136 0
1595624297647 0.8258488077082559 0
1595625667995 0.8275109926884344 0
1595627043879 0.8252054660800227 0
1595628417607 0.826629484488624 0
1595629789695 0.8262503263449718 0
1595631158528 0.8270319404787915 0
1595632523583 0.826832838905127 0
1595633888864 0.8264733926463061 0
1595635256217 0.8269819294785304 0
1595636632371 0.8263939628730462 0
1595638004879 0.828229496017464 0
1595639385691 0.827770749435976 0
1595640746474 0.826601396128597 0
1595642119050 0.8274547767781855 0
1595643486212 0.8275722328390462 0
1595644852458 0.8268683237833061 0
1595646219248 0.8262369421576825 0
1595647577126 0.8277581769938067 0
1595648944173 0.8274206834799768 0
1595650308445 0.8276978543434937 0
1595651674707 0.8276247694136789 0
1595653048146 0.8271605278627124 0
1595654418147 0.8279391388222463 0
1595655787410 0.8275814476293962 0
1595657161434 0.8277189497241751 0
1595658533538 0.8278960349742729 0
1595659897390 0.8278497050757915 0
1595661251786 0.8277150767507274 0
1595662626872 0.8275118193149917 0
1595664002032 0.8273195569922119 0
1595665373690 0.8272637945297915 0
1595666735542 0.8275105928277121 0
1595668104372 0.8272564159991417 0
1595669471386 0.8275962143036574 0
1595670842972 0.8276819733372207 0
1595672214516 0.827335485572479 0
1595673581978 0.8277528995013583 0
1595674960375 0.8276438293918884 0
1595676326169 0.827781990294678 0
1595677692592 0.8275038060313858 0
1595679067481 0.8274318023016237 0
1595680434061 0.8275307625140583 0
1595681807225 0.8275593082476801 0
1595683180365 0.8274256075898577 0
1595684545746 0.8275412868959042 0
1595685917875 0.8277037385774194 0
1595687282411 0.8275754204529315 0
1595688637391 0.8275943277532924 0
1595690005172 0.8276396589765086 0
1595691376126 0.827573602802114 0
1595692744103 0.8275036431518548 0
1595694114880 0.8276475959881371 0
1595695476353 0.8275809012431055 0
1595696845586 0.8275013173285076 0
1595698205395 0.8275073031408691 0
1595699572633 0.8275267935015043 0
1595700933869 0.8275776421656962 0
1595702291254 0.8275826878657366 0
1595703657542 0.8276370280551554 0
1595705022084 0.8276099035223438 0
1595706379824 0.8275872907175282 0
1595707749198 0.8275810115459551 0
1595709120795 0.827520626749509 0
1595710490554 0.8276335183453153 0
1595711848970 0.8276764481542883 0
1595713215179 0.8277453851236501 0
1595714583252 0.8275982066372553 0
1595715946615 0.8276451232238364 0
1595717314718 0.8275339268911606 0
1595718676091 0.827611388293563 0
1595720054095 0.8276174827563191 0
1595721431200 0.8276227368851212 0
1595722802366 0.8276563415279494 0
1595724180480 0.8276575520704916 0
1595725548881 0.8276815878269117 0
1595726928365 0.8278806787284397 0
1595728305727 0.8278275319361105 0
1595729675812 0.8277776999127131 0
1595731051137 0.8277117537337989 0
1595732416056 0.8280011893765508 0
1595733787717 0.8278837085958339 0
1595735156137 0.8278573389580328 0
1595736526862 0.827711127410026 0
1595737897507 0.8277943708896686 0
1595739270451 0.8277514229070422 0
1595740651923 0.8276946086118901 0
1595742025775 0.8276376558516373 0
1595743401054 0.8277283349807629 0
