1595571688769 0.7389746194498263 0
1595573072524 0.7639540440634603 0
1595574442231 0.7603650969531605 0
1595575823939 0.7774468101028998 0
1595577205548 0.7810891667901706 0
1595578597770 0.7785554572418332 0
1595579978765 0.7703214131913061 0
1595581369837 0.768637926981124 0
1595582773276 0.7796488816276191 0
1595584176346 0.7798888372854226 0
1595585573504 0.7806252905591511 0
1595586970938 0.7837246485329424 0
1595588372819 0.772795635020244 0
1595589777398 0.7884133356339637 0
1595591168005 0.7821896146020454 0
1595592568017 0.7912637195443946 0
1595593960082 0.7896514540497327 0
1595595362420 0.7914529554382166 0
1595596758961 0.789978471647727 0
1595598165181 0.7912089341114431 0
1595599556193 0.7952117649699266 0
1595600943534 0.7948361668268514 0
1595602333523 0.7971899659875671 0
1595603723303 0.7938342714452286 0
1595605112668 0.7948134575091298 0
1595606489225 0.7963623568788822 0
1595607872717 0.7918420261280833 0
1595609252708 0.7987341951656183 0
1595610618569 0.7970748543910164 0
1595611984273 0.7954195512575389 0
1595613357044 0.7978391795527165 0
1595614730209 0.7992285878454094 0
1595616092534 0.7978573609421781 0
1595617459530 0.7977346255483688 0
1595618823889 0.7981630591129855 0
1595620184165 0.7979446522454018 0
1595621558830 0.7973736730181457 0
1595622930686 0.7973684141729384 0
1595624297697 0.7964165621800839 0
1595625668056 0.7981584435757201 0
1595627043886 0.7953384153965778 0
1595628417621 0.7973780394529776 0
1595629789717 0.7966928389305217 0
1595631158541 0.7975778067507983 0
1595632523593 0.797230952026303 0
1595633888891 0.7971082253902825 0
1595635256231 0.7974849177908413 0
1595636632413 0.7969040364492238 0
1595638004903 0.7987725105694361 0
1595639385737 0.7980590262319568 0
1595640746501 0.7972166620979056 0
1595642119096 0.7979883062798369 0
1595643486241 0.7979234003971549 0
1595644852492 0.7973164817566357 0
1595646219305 0.7968193644942357 0
1595647577145 0.7981386306135955 0
1595648944188 0.7979036337301194 0
1595650308452 0.7981573335103747 0
1595651674727 0.7980142280968897 0
1595653048157 0.7977196171842058 0
1595654418179 0.7983359180046286 0
1595655787448 0.7979156160217068 0
1595657161464 0.7981287236038076 0
1595658533552 0.7983239918646059 0
1595659897397 0.7982899452080177 0
1595661251814 0.7980007106064969 0
1595662626885 0.7980681717730405 0
1595664002100 0.7976809781451721 0
1595665373704 0.7976627897020617 0
1595666735573 0.7978287288671572 0
1595668104495 0.7976598706856243 0
1595669471414 0.7978957541902475 0
1595670842995 0.798101351909066 0
1595672214545 0.7978070470477103 0
1595673582075 0.7981893557134506 0
1595674960386 0.7980535096189679 0
1595676326219 0.7981003806840987 0
1595677692625 0.798009007360788 0
1595679067506 0.7978278881908697 0
1595680434100 0.7979519191025767 0
1595681807232 0.7979656322864742 0
1595683180386 0.7978120779439872 0
1595684545771 0.7979167376943841 0
1595685917889 0.798027248422451 0
1595687282423 0.7979222391710056 0
1595688637428 0.7979786741014543 0
1595690005212 0.7980109946811588 0
1595691376140 0.7979958344065 0
1595692744135 0.797904416334633 0
1595694114900 0.7980873805665524 0
1595695476366 0.7979839795060677 0
1595696845660 0.7978545746846112 0
1595698205469 0.7978743257104669 0
1595699572705 0.7979585188070762 0
1595700933876 0.7979758340283146 0
1595702291275 0.7980106201690277 0
1595703657588 0.7979599125940995 0
1595705022122 0.7979816300508898 0
1595706379855 0.7979535173285073 0
1595707749211 0.7980187151760473 0
1595709120809 0.7979010369633791 0
1595710490582 0.7980096895843355 0
1595711849067 0.7980455053517299 0
1595713215235 0.7980974621294291 0
1595714583275 0.797993864605925 0
1595715946633 0.7980282350300417 0
1595717314727 0.7979147469632775 0
1595718676156 0.7980048191426029 0
1595720054141 0.7979564692961834 0
1595721431228 0.7980101686437789 0
1595722802416 0.7980168352492113 0
1595724180491 0.7980291641032514 0
1595725548902 0.7980024901224887 0
1595726928396 0.7982032819087276 0
1595728305810 0.7982180619020885 0
1595729675835 0.7981835567931447 0
1595731051151 0.7981282775635715 0
1595732416079 0.7982983507583877 0
1595733787740 0.7982521955223505 0
1595735156157 0.7981886392757555 0
1595736526874 0.798022129992864 0
1595737897534 0.7981963081015522 0
1595739270477 0.798158635585252 0
1595740651936 0.7981436221356318 0
1595742025822 0.798060208503021 0
1595743401064 0.7982186432384558 0
