1595571688741 0.5468752727784525 0
1595573072472 0.6010349324136719 0
1595574442216 0.6380278924025202 0
1595575823895 0.6320989061838648 0
1595577205532 0.6180930547429253 0
1595578597723 0.6372135865540669 0
1595579978727 0.6384561635305965 0
1595581369739 0.6157670943413895 0
1595582773196 0.6462045303904821 0
1595584176299 0.6699246201328223 0
1595585573415 0.6359518870120118 0
1595586970869 0.6666887274398537 0
1595588372740 0.6552977502233684 0
1595589777358 0.6938861693025921 0
1595591167977 0.6908105615056065 0
1595592567888 0.7022013218829052 0
1595593960026 0.6726291076246409 0
1595595362357 0.7028148209250449 0
1595596758906 0.6774216604657166 0
1595598165142 0.6872693899546416 0
1595599555989 0.7040430894842191 0
1595600943477 0.7179762274693343 0
1595602333434 0.7139919854897618 0
1595603723238 0.711051276339062 0
1595605112618 0.7136595929041375 0
1595606489199 0.7164365170609883 0
1595607872675 0.702595182599799 0
1595609252693 0.7276420613740116 0
1595610618492 0.733733076351668 0
1595611984243 0.7281087574015241 0
1595613357019 0.7312529226078497 0
1595614730179 0.7422692709528571 0
1595616092502 0.7247106184742346 0
1595617459519 0.7103794390964582 0
1595618823874 0.7300479721931749 0
1595620184150 0.7325774292055073 0
1595621558813 0.7224491345529864 0
1595622930633 0.7302756741370509 0
1595624297625 0.729081086384566 0
1595625667951 0.7289689698037005 0
1595627043872 0.7233391615509577 0
1595628417599 0.7283902279310823 0
1595629789676 0.7265956002397288 0
1595631158513 0.7307085639734223 0
1595632523575 0.7308098248881629 0
1595633888846 0.7281548966859529 0
1595635256204 0.7257343640791188 0
1595636632364 0.72756803712097 0
1595638004872 0.730042118558191 0
1595639385672 0.7290953349337993 0
1595640746386 0.7291444285163464 0
1595642118966 0.728697979158328 0
1595643486170 0.727937195534852 0
1595644852450 0.7283266050293471 0
1595646219234 0.7272315386963062 0
1595647577112 0.7299200957002464 0
1595648944166 0.7284205965505433 0
1595650308437 0.7278722962071829 0
1595651674698 0.7286211582316151 0
1595653048115 0.7273779448056192 0
1595654418139 0.7293518460737445 0
1595655787373 0.7266980139414677 0
1595657161415 0.7278090656383238 0
1595658533530 0.7290637085379215 0
1595659897382 0.7283964516347072 0
1595661251769 0.7289460277502623 0
1595662626856 0.7278566660607465 0
1595664001955 0.7279124171033365 0
1595665373683 0.7280627930604059 0
1595666735520 0.7281403447882223 0
1595668104334 0.7283021825953431 0
1595669471361 0.728672680281323 0
1595670842965 0.7281611044579325 0
1595672214497 0.7275333216059342 0
1595673581969 0.7284567582170937 0
1595674960358 0.7286316718540222 0
1595676326162 0.7286494212624914 0
1595677692573 0.72851647612186 0
1595679067462 0.7278524232066514 0
1595680434052 0.7283187084664029 0
1595681807218 0.7277223321618833 0
1595683180358 0.7274616838944651 0
1595684545729 0.7276380996085063 0
1595685917862 0.7279676207103708 0
1595687282396 0.7275429957932555 0
1595688637374 0.727580441494565 0
1595690005144 0.7279314652121018 0
1595691376119 0.72812039788517 0
1595692744090 0.7280570405410763 0
1595694114871 0.7277766037025439 0
1595695476345 0.7277452289330034 0
1595696845569 0.727724259164046 0
1595698205378 0.72801065985916 0
1595699572612 0.7280232756841933 0
1595700933859 0.7279308869009059 0
1595702291229 0.7280602002702687 0
1595703657535 0.7280316200817324 0
1595705022049 0.7281182195217261 0
1595706379805 0.728176707868662 0
1595707749185 0.7279012777789482 0
1595709120788 0.7282015191394434 0
1595710490540 0.7281913509935719 0
1595711848912 0.7280217931702686 0
1595713215171 0.7282964564363185 0
1595714583214 0.7281306954339564 0
1595715946598 0.7280955881241933 0
1595717314711 0.7279349750930102 0
1595718676073 0.7280073473097801 0
1595720054070 0.7281441167701976 0
1595721431180 0.7281566910259707 0
1595722802332 0.7282458892121236 0
1595724180473 0.7283132824587956 0
1595725548868 0.72805671087626 0
1595726928345 0.728216212905763 0
1595728305692 0.7281058785316136 0
1595729675797 0.7280907110794235 0
1595731051124 0.7279052366944843 0
1595732416049 0.7281679712238341 0
1595733787703 0.7281527491266379 0
1595735156128 0.7280262138216513 0
1595736526855 0.7275423942576617 0
1595737897499 0.7277656155361437 0
1595739270435 0.7277414690939694 0
1595740651914 0.7277430480049527 0
1595742025748 0.7275774045149228 0
1595743401047 0.7275208601054945 0
