1595571688743 0.5290288528944438 0
1595573072475 0.5836571669121093 0
1595574442218 0.6196711364800649 0
1595575823897 0.6155074325213333 0
1595577205534 0.6022209780893271 0
1595578597726 0.6197942665957725 0
1595579978729 0.6199512281189512 0
1595581369743 0.5989874168521372 0
1595582773199 0.6306035685174975 0
1595584176304 0.6517596010203738 0
1595585573418 0.6187375767985862 0
1595586970872 0.6488965743115793 0
1595588372742 0.636521152797491 0
1595589777361 0.6755799543595311 0
1595591167980 0.6716343474526459 0
1595592567890 0.6843576370897672 0
1595593960029 0.6554187549606578 0
1595595362360 0.6847670640121691 0
1595596758909 0.6595290720634326 0
1595598165145 0.6700757608561394 0
1595599555991 0.6868255502609322 0
1595600943482 0.6990511329779098 0
1595602333459 0.6959795678542329 0
1595603723241 0.692950420324879 0
1595605112621 0.6946658386199064 0
1595606489202 0.6995211709806106 0
1595607872677 0.6851791725461683 0
1595609252695 0.710523859239484 0
1595610618495 0.7150734801967719 0
1595611984245 0.7099123109176809 0
1595613357022 0.7129931465726591 0
1595614730181 0.723159287127431 0
1595616092505 0.7070597427696681 0
1595617459520 0.6940548654307608 0
1595618823876 0.7123609354876433 0
1595620184153 0.7143973356177916 0
1595621558815 0.7056400038266403 0
1595622930642 0.7121648146618631 0
1595624297627 0.7112936744754742 0
1595625667953 0.7109480086194889 0
1595627043875 0.7052610412069116 0
1595628417601 0.7100947663421887 0
1595629789681 0.7084287577019636 0
1595631158516 0.7128147855455217 0
1595632523578 0.7126829818572447 0
1595633888848 0.7101458780608545 0
1595635256207 0.7081176452394681 0
1595636632366 0.7096788174757876 0
1595638004875 0.712438756180494 0
1595639385675 0.7113448763436762 0
1595640746388 0.7113883806726972 0
1595642118969 0.7109184032867074 0
1595643486172 0.7102217333756835 0
1595644852453 0.7104309763505601 0
1595646219236 0.7093930623061816 0
1595647577116 0.7121012510049809 0
1595648944168 0.710598858661601 0
1595650308440 0.7100857213366513 0
1595651674701 0.7108983428553111 0
1595653048118 0.7097406148457671 0
1595654418142 0.7115801199906047 0
1595655787376 0.7091168874612811 0
1595657161417 0.709812377100353 0
1595658533532 0.7113563709490756 0
1595659897385 0.710700064975161 0
1595661251771 0.7111175735026699 0
1595662626859 0.7101920874135554 0
1595664001957 0.7099309001570795 0
1595665373686 0.7098202341514591 0
1595666735522 0.7100225891877283 0
1595668104359 0.7103146274398806 0
1595669471366 0.7109334666479143 0
1595670842968 0.7103750369775617 0
1595672214500 0.7097033533726855 0
1595673581971 0.7106749880494204 0
1595674960360 0.7106586152820212 0
1595676326165 0.7108179876540356 0
1595677692575 0.7106941848337909 0
1595679067465 0.7099214619654257 0
1595680434055 0.7104910573859532 0
1595681807220 0.7099582461379351 0
1595683180360 0.7096029448221253 0
1595684545731 0.7098226736671926 0
1595685917864 0.7100558382957433 0
1595687282398 0.7097180948955385 0
1595688637376 0.7098581566057086 0
1595690005146 0.7101583741733417 0
1595691376122 0.7102575217165669 0
1595692744092 0.7102245292882367 0
1595694114873 0.7100399063742888 0
1595695476348 0.709989277885779 0
1595696845571 0.7099538348805472 0
1595698205381 0.710169678341887 0
1595699572615 0.7102740679882052 0
1595700933864 0.7101988727307145 0
1595702291239 0.7103004812027404 0
1595703657537 0.7101892363951889 0
1595705022058 0.710339538174821 0
1595706379807 0.7104353773801785 0
1595707749188 0.7101386658756028 0
1595709120791 0.71039308698768 0
1595710490543 0.7104264742779036 0
1595711848960 0.7102901204111367 0
1595713215174 0.710590937349345 0
1595714583219 0.7104016226648536 0
1595715946601 0.7103919943519432 0
1595717314714 0.7102563679327353 0
1595718676075 0.7103278916052794 0
1595720054072 0.7103876592109657 0
1595721431183 0.710405962610856 0
1595722802334 0.710571686662384 0
1595724180475 0.7106319032956143 0
1595725548871 0.7104109338821681 0
1595726928347 0.7105238245292332 0
1595728305695 0.7104063144416775 0
1595729675799 0.7104763763699993 0
1595731051126 0.7103407772458763 0
1595732416051 0.7105537627729304 0
1595733787705 0.7104892065939306 0
1595735156131 0.7103349648463866 0
1595736526857 0.7098752704851521 0
1595737897502 0.7100362927749545 0
1595739270437 0.710067444384406 0
1595740651917 0.7100851164189211 0
1595742025752 0.7098086846805901 0
1595743401049 0.7098585877551945 0
