1595571688746 0.497131351943935 0
1595573072492 0.5537083413802008 0
1595574442221 0.587850131587069 0
1595575823904 0.5839610040101739 0
1595577205537 0.5739674834207578 0
1595578597732 0.5895646267724134 0
1595579978732 0.5866724936712839 0
1595581369759 0.5709272533537711 0
1595582773213 0.6010707028036302 0
1595584176310 0.618129211446009 0
1595585573427 0.5872364205379067 0
1595586970874 0.6144871869199524 0
1595588372757 0.600325077628975 0
1595589777365 0.6393986066845033 0
1595591167987 0.6359965216814483 0
1595592567941 0.6482953249534 0
1595593960035 0.6236007863288892 0
1595595362375 0.6500101395149449 0
1595596758913 0.6262347176563013 0
1595598165150 0.6366769690499374 0
1595599555993 0.6534057549108859 0
1595600943492 0.663064781917358 0
1595602333466 0.6602002945150484 0
1595603723243 0.6578608209559004 0
1595605112628 0.6595545223502707 0
1595606489206 0.6648889930551292 0
1595607872680 0.649073368660777 0
1595609252698 0.6750651764212734 0
1595610618497 0.6803357636374472 0
1595611984253 0.6751886822386357 0
1595613357029 0.6778844072919108 0
1595614730186 0.687036563757306 0
1595616092508 0.6729689304421855 0
1595617459523 0.6615432449932774 0
1595618823878 0.6772371154068613 0
1595620184155 0.6786480385773671 0
1595621558818 0.6704890968894308 0
1595622930651 0.6767975289384996 0
1595624297637 0.6754277030920329 0
1595625667978 0.6749508125368383 0
1595627043877 0.6696599182399229 0
1595628417604 0.6746634172486146 0
1595629789687 0.6733437734564925 0
1595631158521 0.6764246252607041 0
1595632523580 0.6763715663470181 0
1595633888855 0.674200738652496 0
1595635256214 0.6722993704190703 0
1595636632368 0.6739688613153441 0
1595638004877 0.6768717501999996 0
1595639385681 0.6754087913700361 0
1595640746390 0.6761040483232648 0
1595642118985 0.6756592002134353 0
1595643486187 0.6747652801617317 0
1595644852455 0.6746663666422725 0
1595646219241 0.6736905381723686 0
1595647577123 0.6764440124356872 0
1595648944171 0.6751134247064275 0
1595650308442 0.6749142802733558 0
1595651674703 0.6754980668789178 0
1595653048122 0.6742876668489192 0
1595654418144 0.6758847804333784 0
1595655787392 0.6740184792901315 0
1595657161425 0.6746587878487208 0
1595658533535 0.6759610256147424 0
1595659897387 0.6755246640089894 0
1595661251777 0.6759393846225463 0
1595662626870 0.6749425513141566 0
1595664002029 0.6748405677850304 0
1595665373688 0.674672414270977 0
1595666735527 0.6748499705730956 0
1595668104362 0.6752596665076326 0
1595669471383 0.6757079003490756 0
1595670842970 0.6751568978163078 0
1595672214507 0.6747007985504005 0
1595673581974 0.675566813469599 0
1595674960366 0.6754109622204094 0
1595676326167 0.6754514488413922 0
1595677692583 0.6753397842163916 0
1595679067472 0.6746279185055049 0
1595680434059 0.6751201430222571 0
1595681807223 0.6747832624475762 0
1595683180363 0.6745789811922518 0
1595684545740 0.6747029711097497 0
1595685917868 0.6748487787915944 0
1595687282404 0.6746189096519277 0
1595688637383 0.6747079720344974 0
1595690005156 0.6750617854019323 0
1595691376124 0.6750434387107151 0
1595692744096 0.6750480979946678 0
1595694114876 0.674952464105982 0
1595695476350 0.6749076560315026 0
1595696845577 0.6748554493116995 0
1595698205387 0.6750872942482997 0
1595699572623 0.675075174036762 0
1595700933867 0.6749837672055274 0
1595702291246 0.6751557746024938 0
1595703657539 0.6750364116586032 0
1595705022070 0.6751228756224621 0
1595706379814 0.6750540981175109 0
1595707749196 0.6749584279333519 0
1595709120793 0.6751790856340054 0
1595710490548 0.6751193232020726 0
1595711848963 0.6749332133702854 0
1595713215176 0.6753605123050148 0
1595714583236 0.6752082519727943 0
1595715946606 0.6751526969061561 0
1595717314716 0.6749552044962851 0
1595718676084 0.6750524028570405 0
1595720054082 0.6751204579490604 0
1595721431187 0.6751894856792607 0
1595722802363 0.6753097461304083 0
1595724180477 0.6753704726972607 0
1595725548878 0.675061644618877 0
1595726928352 0.6752635233525783 0
1595728305724 0.6752001392383955 0
1595729675804 0.6751562757498567 0
1595731051134 0.6750310189412277 0
1595732416054 0.6752013334360686 0
1595733787710 0.6751940768532629 0
1595735156134 0.6750773208205518 0
1595736526860 0.6745719032180547 0
1595737897504 0.6748483290984115 0
1595739270442 0.6748205348470835 0
1595740651920 0.6748913812823137 0
1595742025769 0.6745293948099466 0
1595743401051 0.6746708556798052 0
