1595571688760 0.7519825603272859 0
1595573072510 0.7751493441992358 0
1595574442226 0.7721551667541108 0
1595575823926 0.7889911866983779 0
1595577205541 0.7931556770230531 0
1595578597753 0.7907633731990164 0
1595579978741 0.7829429526520294 0
1595581369799 0.7801189805118786 0
1595582773244 0.7910762773601296 0
1595584176328 0.7924024246318601 0
1595585573461 0.7927863126493515 0
1595586970899 0.7963274116070153 0
1595588372802 0.7854705255537417 0
1595589777379 0.8009507546408848 0
1595591167994 0.7948489705864904 0
1595592567953 0.8034564785897459 0
1595593960062 0.8013442217898276 0
1595595362393 0.8033777492558237 0
1595596758934 0.8023892722867652 0
1595598165167 0.8034099769991431 0
1595599556078 0.8072484186733129 0
1595600943514 0.8064305573501229 0
1595602333488 0.809570657575839 0
1595603723271 0.8066991735630208 0
1595605112640 0.807444824238047 0
1595606489220 0.8079537905489144 0
1595607872696 0.8040849839541013 0
1595609252703 0.8105607202231094 0
1595610618544 0.8092562869077767 0
1595611984263 0.8075062284109669 0
1595613357039 0.8096837105457437 0
1595614730202 0.8115551900199862 0
1595616092521 0.8093728130954824 0
1595617459526 0.8099953393795654 0
1595618823883 0.8101435011890983 0
1595620184160 0.8102363399324939 0
1595621558823 0.8096742567512978 0
1595622930667 0.8095351370608292 0
1595624297677 0.8087800917621624 0
1595625668019 0.810465861718648 0
1595627043882 0.8076939640863068 0
1595628417611 0.8094250265576538 0
1595629789702 0.8089026622804267 0
1595631158532 0.8097838166834815 0
1595632523588 0.8091541685231648 0
1595633888873 0.8093564659413534 0
1595635256221 0.8096238472114983 0
1595636632373 0.8091592779666642 0
1595638004883 0.8107726332951731 0
1595639385708 0.8099475392538252 0
1595640746479 0.809303179051913 0
1595642119053 0.8104364997639979 0
1595643486225 0.8098754877343761 0
1595644852462 0.809485106571546 0
1595646219255 0.8091808286886344 0
1595647577133 0.8105042050373362 0
1595648944178 0.8101419015092391 0
1595650308447 0.8103569991897002 0
1595651674714 0.8103693870018046 0
1595653048148 0.8099489410297579 0
1595654418160 0.8105339322236738 0
1595655787424 0.8101817052089412 0
1595657161444 0.8104335674652731 0
1595658533542 0.8106155815600674 0
1595659897392 0.8105234786404523 0
1595661251795 0.8100772969043438 0
1595662626875 0.8101659940214597 0
1595664002068 0.8099073490121208 0
1595665373693 0.8098523113983176 0
1595666735555 0.8100555994873293 0
1595668104450 0.8098316221019086 0
1595669471404 0.8101284632394324 0
1595670842981 0.8102459983168409 0
1595672214525 0.8098791191066683 0
1595673581982 0.8102298930642166 0
1595674960378 0.810107301847459 0
1595676326202 0.8102193188495382 0
1595677692595 0.8100856004516219 0
1595679067490 0.8100181506768306 0
1595680434066 0.8101414837403939 0
1595681807228 0.8101190121962893 0
1595683180369 0.8099566316217399 0
1595684545756 0.810007103516654 0
1595685917878 0.8101336717948173 0
1595687282413 0.8099430081445448 0
1595688637400 0.8100121854072588 0
1595690005184 0.8100240486631372 0
1595691376130 0.8099909606596175 0
1595692744112 0.8099498066789558 0
1595694114886 0.8100880556305056 0
1595695476356 0.8100199714408077 0
1595696845655 0.8099076227675308 0
1595698205404 0.8098720006685552 0
1595699572655 0.809986365718599 0
1595700933871 0.8100411515854775 0
1595702291261 0.8100730096857334 0
1595703657550 0.8100202050719698 0
1595705022098 0.8100404541692976 0
1595706379834 0.8100426262153685 0
1595707749206 0.8100685651134664 0
1595709120800 0.8099220814668262 0
1595710490562 0.8100574139663101 0
1595711849015 0.8102124244721771 0
1595713215189 0.8102131188610546 0
1595714583256 0.8101022386715939 0
1595715946620 0.8100820005408608 0
1595717314722 0.8099697609126003 0
1595718676120 0.8100475589881343 0
1595720054112 0.8100038832619323 0
1595721431209 0.8100588563232364 0
1595722802372 0.8100337400579304 0
1595724180482 0.8100571680499408 0
1595725548883 0.8100862035076516 0
1595726928377 0.8102921594855479 0
1595728305770 0.8102984068512354 0
1595729675820 0.810278247808533 0
1595731051144 0.8102080235551307 0
1595732416066 0.8103771662884718 0
1595733787725 0.8103299980517279 0
1595735156143 0.8103005435072307 0
1595736526866 0.8102116753058474 0
1595737897516 0.8102899724135819 0
1595739270460 0.8102258216991528 0
1595740651927 0.81016884673514 0
1595742025786 0.8101217252673475 0
1595743401056 0.8102457330035788 0
