1595571688757 0.7651997023860692 0
1595573072506 0.7863369025685875 0
1595574442224 0.7831552612700824 0
1595575823919 0.7998285304717636 0
1595577205540 0.8035388678269743 0
1595578597747 0.8009932837184089 0
1595579978737 0.7932550984544955 0
1595581369789 0.7901251418993909 0
1595582773238 0.8011038811341198 0
1595584176324 0.8016421208125166 0
1595585573460 0.8024626943310194 0
1595586970879 0.8066593895117355 0
1595588372799 0.7959620888279977 0
1595589777376 0.8105057677111087 0
1595591167992 0.8048227274015194 0
1595592567950 0.8135034451712674 0
1595593960055 0.8114379315354443 0
1595595362389 0.8128060148409721 0
1595596758928 0.8123919673452557 0
1595598165163 0.8126710582970136 0
1595599556075 0.8165872439580838 0
1595600943511 0.8166264977539466 0
1595602333481 0.8183384095846848 0
1595603723266 0.8154010743651952 0
1595605112637 0.8171805321641409 0
1595606489217 0.8172462990249907 0
1595607872692 0.8136542636137708 0
1595609252702 0.8196858740950115 0
1595610618501 0.818423109428751 0
1595611984256 0.8164190971945771 0
1595613357033 0.8187162271674318 0
1595614730200 0.820392894268744 0
1595616092518 0.8188952577825779 0
1595617459525 0.8184665715717603 0
1595618823882 0.8190147812194185 0
1595620184159 0.8190431730573473 0
1595621558822 0.8181531201749335 0
1595622930666 0.8189083527652534 0
1595624297666 0.817854437409219 0
1595625668008 0.8196463525160121 0
1595627043880 0.8171409181457704 0
1595628417609 0.8186888580742988 0
1595629789698 0.818101979086355 0
1595631158530 0.8187445589783391 0
1595632523584 0.818586804383746 0
1595633888868 0.8184249406500691 0
1595635256218 0.818800990706788 0
1595636632372 0.8181365445541384 0
1595638004880 0.820017616993732 0
1595639385702 0.8194172020127275 0
1595640746476 0.8183544192024444 0
1595642119052 0.819189224902768 0
1595643486220 0.8191750998766076 0
1595644852460 0.8186373011767644 0
1595646219252 0.8181210760501265 0
1595647577127 0.8194088229364028 0
1595648944175 0.8190494170986665 0
1595650308446 0.8193272819249128 0
1595651674710 0.8192502599181025 0
1595653048147 0.8189110929858187 0
1595654418153 0.8196707837190927 0
1595655787418 0.8190985745477334 0
1595657161438 0.8194359633030097 0
1595658533540 0.8196102510276154 0
1595659897391 0.8194170498402892 0
1595661251791 0.8192677545566515 0
1595662626873 0.8193233604856456 0
1595664002033 0.8190437377203842 0
1595665373692 0.8191210190213143 0
1595666735543 0.8192778705538099 0
1595668104415 0.818957165954241 0
1595669471392 0.8192140136274034 0
1595670842979 0.8193447782972998 0
1595672214521 0.8191995900353185 0
1595673581979 0.8193893394870332 0
1595674960377 0.8193655061417042 0
1595676326171 0.8193992693861627 0
1595677692594 0.8193644302421582 0
1595679067485 0.8193424633291049 0
1595680434063 0.8194094959837489 0
1595681807226 0.8194869772239456 0
1595683180367 0.8193004583400663 0
1595684545753 0.8193973811460008 0
1595685917877 0.8195616067972908 0
1595687282412 0.8194332886728021 0
1595688637394 0.8193668152278959 0
1595690005178 0.8194753975580078 0
1595691376128 0.8194455015170868 0
1595692744110 0.8193991783898383 0
1595694114881 0.8194848922047062 0
1595695476354 0.8193911086190236 0
1595696845590 0.819277458315808 0
1595698205400 0.8193311931078381 0
1595699572645 0.8193443423438428 0
1595700933870 0.8193991282107222 0
1595702291258 0.8193760640752781 0
1595703657548 0.8193698791407974 0
1595705022094 0.8193429738206961 0
1595706379829 0.8193180570261169 0
1595707749200 0.819311777854543 0
1595709120797 0.8192510563849663 0
1595710490558 0.8193642846539031 0
1595711849014 0.8194115299665495 0
1595713215182 0.8194436845461893 0
1595714583254 0.8193056394613394 0
1595715946617 0.8193522193747903 0
1595717314720 0.8192731670472568 0
1595718676093 0.8193509651227897 0
1595720054104 0.8193287010076999 0
1595721431205 0.8193298330360747 0
1595722802367 0.8193625162577028 0
1595724180481 0.8193637268002449 0
1595725548882 0.8193604757636327 0
1595726928371 0.8195667006663031 0
1595728305728 0.8195394606986333 0
1595729675816 0.8194920773042598 0
1595731051138 0.8194227856756635 0
1595732416063 0.8196188706007113 0
1595733787721 0.8195979950063312 0
1595735156140 0.8195711562020527 0
1595736526863 0.8195111969731783 0
1595737897509 0.8196215292934721 0
1595739270455 0.8195930101593071 0
1595740651925 0.8195644040783875 0
1595742025780 0.8195656903395498 0
1595743401055 0.8195962876048609 0
