1595571688738 0.5529869166732321 0
1595573072471 0.6069774231725176 0
1595574442215 0.6442157565498668 0
1595575823894 0.6383720198142381 0
1595577205530 0.6231180504627403 0
1595578597722 0.642702191595431 0
1595579978726 0.6458001926897137 0
1595581369737 0.6213718688826195 0
1595582773194 0.651672873102576 0
1595584176297 0.6765058510949059 0
1595585573414 0.6420902522824528 0
1595586970868 0.6732494523865273 0
1595588372738 0.662093742518509 0
1595589777357 0.7001255695887408 0
1595591167976 0.697315686116426 0
1595592567887 0.7079318068949237 0
1595593960025 0.6776823959106995 0
1595595362356 0.7088679453071354 0
1595596758905 0.682984295351501 0
1595598165141 0.6935389612418362 0
1595599555987 0.7096268256498801 0
1595600943475 0.7238610140201996 0
1595602333433 0.7197028243779634 0
1595603723237 0.7175548790634891 0
1595605112617 0.7196906296835612 0
1595606489198 0.7225104501985261 0
1595607872674 0.708682463004932 0
1595609252692 0.7336531574189937 0
1595610618491 0.7396520725560322 0
1595611984241 0.7343634700966266 0
1595613357018 0.7372386302883434 0
1595614730177 0.7490597365176525 0
1595616092501 0.7307788358640542 0
1595617459518 0.7164202103570215 0
1595618823871 0.7365177278370539 0
1595620184149 0.7384426599574715 0
1595621558812 0.7282870437642285 0
1595622930631 0.7360386312498435 0
1595624297624 0.7352384438532027 0
1595625667949 0.7347909892472276 0
1595627043871 0.7292761544233571 0
1595628417597 0.7341004277965008 0
1595629789674 0.7325016747983428 0
1595631158512 0.7368097130613988 0
1595632523574 0.7367673899150128 0
1595633888845 0.7342711255575143 0
1595635256203 0.7315379417060192 0
1595636632362 0.7333044617618653 0
1595638004871 0.7361645391855064 0
1595639385671 0.7351482451614577 0
1595640746385 0.7351465164652288 0
1595642118965 0.7347877571067888 0
1595643486169 0.7339558171044442 0
1595644852448 0.7344242255909971 0
1595646219232 0.733452644971492 0
1595647577111 0.7362244509051059 0
1595648944165 0.734632587917018 0
1595650308436 0.7341240177394631 0
1595651674697 0.7348489136137057 0
1595653048114 0.733510178142961 0
1595654418138 0.7355091222216148 0
1595655787372 0.7330434383777847 0
1595657161413 0.7339018422975064 0
1595658533529 0.7353313363875411 0
1595659897381 0.734774000792919 0
1595661251768 0.7352111100640174 0
1595662626855 0.7340594243960545 0
1595664001954 0.7340828649335633 0
1595665373682 0.73422358928356 0
1595666735518 0.7342294429286996 0
1595668104328 0.7344335994335721 0
1595669471344 0.7348167168827292 0
1595670842964 0.7343230528525072 0
1595672214496 0.7337085580552781 0
1595673581968 0.7345773607346558 0
1595674960356 0.7347316667296364 0
1595676326160 0.7348507022380903 0
1595677692571 0.7346221597178837 0
1595679067461 0.7339409676202738 0
1595680434051 0.7343381353465454 0
1595681807217 0.7337401251154824 0
1595683180357 0.7335192296491022 0
1595684545728 0.7336618168820254 0
1595685917860 0.7339703715120969 0
1595687282394 0.7335506784044157 0
1595688637372 0.7335550783663753 0
1595690005143 0.733880764669318 0
1595691376118 0.7340734894593242 0
1595692744088 0.7340090543247662 0
1595694114870 0.7338264732502292 0
1595695476344 0.7337945909948564 0
1595696845567 0.7337750952820444 0
1595698205376 0.7340399510631682 0
1595699572611 0.7341077753455554 0
1595700933858 0.734014557220749 0
1595702291228 0.734146309350466 0
1595703657534 0.7340923394851208 0
1595705022045 0.7341701779269878 0
1595706379804 0.7341890375537636 0
1595707749184 0.7339384593587805 0
1595709120787 0.7342376559747884 0
1595710490539 0.7342518526802788 0
1595711848911 0.734081079188961 0
1595713215170 0.7343329908222893 0
1595714583213 0.7341913645866386 0
1595715946597 0.7341766492632485 0
1595717314710 0.7339891230649432 0
1595718676072 0.7341192373925716 0
1595720054068 0.7342255058287502 0
1595721431179 0.7341904331784853 0
1595722802331 0.734303120615625 0
1595724180471 0.7343718965670443 0
1595725548867 0.7341176895349514 0
1595726928343 0.7342992788524039 0
1595728305691 0.7341900648156202 0
1595729675796 0.7341735415836488 0
1595731051123 0.7340106499850022 0
1595732416047 0.7342781706663456 0
1595733787702 0.7342135124099938 0
1595735156127 0.7341627597250976 0
1595736526854 0.7336277219692782 0
1595737897498 0.7338064433771684 0
1595739270433 0.7338074577850763 0
1595740651912 0.733781868774819 0
1595742025747 0.7336455002306138 0
1595743401045 0.7336357984176409 0
