1595571405021 0.15835899675401846 0
1595572785053 0.11662690689853407 0
1595574163568 0.10620531625584273 0
1595575532027 0.101607968021741 0
1595576908777 0.09713882085591136 0
1595578286205 0.09351508321915772 0
1595579658225 0.09039694128187356 0
1595581035082 0.09079547678939476 0
1595582414553 0.08738156601565127 0
1595583799977 0.07906932039086381 0
1595585180398 0.07895537847568436 0
1595586560448 0.07549351606630311 0
1595587944856 0.07577440954520252 0
1595589341530 0.07395334396600527 0
1595590736718 0.07411993877280851 0
1595592128546 0.06887462591017196 0
1595593529086 0.0682166727295516 0
1595594925813 0.06834530016072064 0
1595596324030 0.06579593509669446 0
1595597727647 0.06687545753641687 0
1595599123443 0.06647161534844347 0
1595600514739 0.06405771775117328 0
1595601908489 0.06358684144389656 0
1595603299894 0.06357665592323894 0
1595604698459 0.06291956123399904 0
1595606085516 0.06273446053929449 0
1595607477288 0.06257591911720022 0
1595608873287 0.06259882184992137 0
1595610260337 0.059885508835340315 0
1595611632212 0.06113824739757676 0
1595613012535 0.06007262961292973 0
1595614398711 0.06048426127448081 0
1595615766770 0.06158905330173284 0
1595617132369 0.05998657022054522 0
1595618498648 0.05852485571285782 0
1595619859771 0.05845086351648422 0
1595621228955 0.05934375274732623 0
1595622601206 0.06004100594966435 0
1595623970507 0.05916746984744286 0
1595625343506 0.05859316931306873 0
1595626712680 0.058430455034809425 0
1595628080523 0.0578973995520511 0
1595629444932 0.0592812817308415 0
1595630817647 0.05821848145942184 0
1595632175577 0.05921832160908086 0
1595633541735 0.05812057315850281 0
1595634895733 0.058210834890794746 0
1595636266564 0.056535490920988675 0
1595637636583 0.05793571863269616 0
1595639006995 0.059402281943321054 0
1595640371451 0.05825061164469505 0
1595641748220 0.06006843894397076 0
1595643109966 0.058214295443038216 0
1595644475389 0.058953716492312666 0
1595645842511 0.058245913467995215 0
1595647201519 0.057490681192140125 0
1595648562310 0.05866468334466705 0
1595649933153 0.058999172134807876 0
1595651294828 0.058480010821286385 0
1595652662156 0.05717111402556522 0
1595654042326 0.0583333374853965 0
1595655417539 0.058711408858182115 0
1595656789964 0.05749881105681283 0
1595658165443 0.05711676029224659 0
1595659531309 0.05716884924651798 0
1595660888282 0.057554531271833215 0
1595662267318 0.05840086927779733 0
1595663645109 0.05699899524733314 0
1595665011782 0.05833578778643847 0
1595666374808 0.0576329216861699 0
1595667738114 0.05821075716304334 0
1595669106403 0.057421070307456294 0
1595670471250 0.05713449402798419 0
1595671847171 0.058111866606548615 0
1595673205332 0.05761323026865936 0
1595674577448 0.05619355003137225 0
1595675940521 0.05729594383627933 0
1595677305391 0.057515686498239675 0
1595678674228 0.058187714699635774 0
1595680042173 0.05733480634191631 0
1595681413495 0.059749769334912814 0
1595682786062 0.05757177089980067 0
1595684152958 0.05845576317570981 0
1595685520179 0.05851446192288228 0
1595686892619 0.0593229575896125 0
1595688255602 0.05804346224756851 0
1595689617991 0.05811817738559008 0
1595690984123 0.056981828368848006 0
1595692354881 0.05855209138982681 0
1595693731856 0.05876085214285314 0
1595695093828 0.059362182574781944 0
1595696461533 0.05799721046712351 0
1595697823772 0.057430181788429804 0
1595699185124 0.05709899803763909 0
1595700551465 0.05883965490160557 0
1595701915022 0.05806018276913761 0
1595703286376 0.05805212463283777 0
1595704650340 0.05686397929995034 0
1595706012431 0.05705683673485886 0
1595707376296 0.059270122177509744 0
1595708741433 0.05732450763038171 0
1595710107065 0.05765065539460614 0
1595711468571 0.05732210107477617 0
1595712834233 0.05791835714855272 0
1595714192069 0.05724771137458513 0
1595715556319 0.05867108232230194 0
1595716925079 0.05927070976418776 0
1595718277605 0.057385829424225626 0
1595719648646 0.0579806236105315 0
1595721026964 0.05848865503288381 0
1595722393234 0.05711200139289191 0
1595723767495 0.058723631105558755 0
1595725139305 0.05761408075266521 0
1595726511845 0.05822334901474318 0
1595727889369 0.05714558896763999 0
1595729265775 0.05998285586675006 0
1595730635691 0.0587945830151531 0
1595732012177 0.05824841639068528 0
1595733379370 0.05747269518526531 0
1595734752396 0.057795000879338566 0
1595736128036 0.05825147044100482 0
1595737503449 0.05759424501130223 0
1595738878559 0.05826546045725444 0
1595740258999 0.058350059957474984 0
1595741634624 0.05843842401600679 0
1595743017306 0.05839986195418642 0
