1595571405022 0.1633111927858273 0
1595572785054 0.1505996219069381 0
1595574163569 0.14761297809595317 0
1595575532028 0.14525976044323502 0
1595576908778 0.14284672862507902 0
1595578286207 0.14131463665752053 0
1595579658226 0.14021810513177407 0
1595581035083 0.1396168816640887 0
1595582414554 0.13774316066693018 0
1595583799978 0.1333887987300249 0
1595585180399 0.13109757332554245 0
1595586560449 0.13041803140183994 0
1595587944857 0.13066360016040424 0
1595589341531 0.127153565376554 0
1595590736719 0.1275247196635365 0
1595592128547 0.1234765965999108 0
1595593529088 0.12334461031215531 0
1595594925814 0.12173984587672425 0
1595596324031 0.1212490686606908 0
1595597727649 0.12017097518241769 0
1595599123444 0.12022216485476415 0
1595600514740 0.11797236829909975 0
1595601908490 0.1169486917419979 0
1595603299895 0.11667166467568384 0
1595604698460 0.11574417281923562 0
1595606085517 0.11508471717785745 0
1595607477289 0.11406839816138135 0
1595608873288 0.11419441881970273 0
1595610260338 0.11263903706626002 0
1595611632214 0.11250618394867237 0
1595613012536 0.11219330771551655 0
1595614398712 0.11164443991296948 0
1595615766771 0.11193835977726392 0
1595617132370 0.1102910931956586 0
1595618498649 0.11076260713089801 0
1595619859772 0.1105195996555339 0
1595621228956 0.11045211405915528 0
1595622601208 0.11028157222114694 0
1595623970508 0.11011725879012062 0
1595625343507 0.11004107518999857 0
1595626712681 0.11006450884714784 0
1595628080524 0.10976914924890123 0
1595629444939 0.10906876224030845 0
1595630817648 0.10892181933190732 0
1595632175578 0.10917525198910474 0
1595633541736 0.10864493094421585 0
1595634895734 0.10919171114606763 0
1595636266566 0.1086319976637769 0
1595637636584 0.10885926985437963 0
1595639006996 0.10892485755839494 0
1595640371452 0.10847568927558861 0
1595641748222 0.10923818136472332 0
1595643109968 0.10899377017167361 0
1595644475390 0.10897535906718547 0
1595645842512 0.10864999673454649 0
1595647201520 0.10903865371813073 0
1595648562311 0.10915783386059186 0
1595649933154 0.108793308061696 0
1595651294829 0.10888588227928422 0
1595652662157 0.10835791783427326 0
1595654042327 0.10899178731439037 0
1595655417540 0.1084583324190263 0
1595656789965 0.10856193283143661 0
1595658165444 0.10888100274270178 0
1595659531310 0.10837197621544464 0
1595660888283 0.10799977113665823 0
1595662267319 0.1085660707953053 0
1595663645110 0.10815497453483691 0
1595665011783 0.10890240737019394 0
1595666374809 0.10902392106249154 0
1595667738115 0.10871970084742709 0
1595669106404 0.10887868155153894 0
1595670471251 0.10873041607587176 0
1595671847172 0.10850478654295133 0
1595673205333 0.10862075452847386 0
1595674577449 0.10825559179107086 0
1595675940522 0.10828491647340954 0
1595677305392 0.10775669636304816 0
1595678674229 0.10852494561763266 0
1595680042174 0.10858826687471813 0
1595681413496 0.1082012462410476 0
1595682786063 0.10838357022633541 0
1595684152959 0.10868230867364946 0
1595685520180 0.10860007052162922 0
1595686892620 0.10875985241848068 0
1595688255605 0.1084132348790974 0
1595689617993 0.10853657225480659 0
1595690984124 0.10849930625947225 0
1595692354882 0.10868985112371965 0
1595693731857 0.10868450831606505 0
1595695093829 0.10842864331962351 0
1595696461534 0.10833855225719222 0
1595697823773 0.10889570585903453 0
1595699185126 0.10908045069084593 0
1595700551466 0.10873744965159479 0
1595701915023 0.10810085613984986 0
1595703286377 0.10772880189532982 0
1595704650343 0.108443191193481 0
1595706012432 0.10777332047715746 0
1595707376297 0.10904872796439022 0
1595708741434 0.10781584875112127 0
1595710107066 0.10852386575103003 0
1595711468572 0.1089601861628297 0
1595712834234 0.10804872058984123 0
1595714192070 0.10819653790170353 0
1595715556320 0.108220713328444 0
1595716925080 0.10835401632943792 0
1595718277606 0.10780881217916971 0
1595719648648 0.109215642426326 0
1595721026965 0.10915860040597833 0
1595722393235 0.10798224513930392 0
1595723767496 0.10789130439844927 0
1595725139306 0.10825438674886939 0
1595726511846 0.10783370582711392 0
1595727889370 0.10901138221831187 0
1595729265776 0.10837357341289569 0
1595730635692 0.10851310353193964 0
1595732012179 0.10837216392731637 0
1595733379371 0.10811014003393377 0
1595734752397 0.10857156712429569 0
1595736128038 0.1091642414829536 0
1595737503450 0.10842592011549619 0
1595738878560 0.10895593062467707 0
1595740259000 0.10864529024246652 0
1595741634625 0.10858435293584201 0
1595743017307 0.10836244263462445 0
