1595571405020 0.27533689373834974 0
1595572785052 0.24805790755642435 0
1595574163567 0.24264064764651655 0
1595575532026 0.23591770984164748 0
1595576908776 0.23161942913549977 0
1595578286204 0.22935212990476708 0
1595579658224 0.22490167148368206 0
1595581035081 0.22196801068933417 0
1595582414552 0.22030665850363715 0
1595583799976 0.21011740933952994 0
1595585180396 0.20718653434864456 0
1595586560447 0.20471721861748338 0
1595587944855 0.20409944533538857 0
1595589341529 0.19765863183679708 0
1595590736717 0.19648424666421066 0
1595592128545 0.191008285084827 0
1595593529085 0.18937100788146183 0
1595594925812 0.18560822432342391 0
1595596324028 0.18468799653080847 0
1595597727646 0.18034228639143446 0
1595599123442 0.18169579273174363 0
1595600514737 0.17760064423662586 0
1595601908488 0.1750720638403412 0
1595603299893 0.1736521728699804 0
1595604698458 0.1731469103901914 0
1595606085514 0.1705265845872714 0
1595607477287 0.16930585105085943 0
1595608873286 0.16814691410342295 0
1595610260336 0.16669710572658247 0
1595611632211 0.167058716650397 0
1595613012533 0.16439969787830955 0
1595614398710 0.16410352970134315 0
1595615766769 0.16424771635789304 0
1595617132368 0.16219700113535665 0
1595618498647 0.1629276383825071 0
1595619859770 0.16279721799638033 0
1595621228954 0.16222489424031397 0
1595622601205 0.1616225623157303 0
1595623970506 0.16168767104308335 0
1595625343505 0.1612642568333842 0
1595626712679 0.16117526638813004 0
1595628080522 0.15993155464899136 0
1595629444931 0.1597957543530413 0
1595630817646 0.15999869942898892 0
1595632175576 0.15889509802670346 0
1595633541734 0.16090235785018994 0
1595634895732 0.16062047624765202 0
1595636266563 0.15988172639029072 0
1595637636582 0.15945108267797803 0
1595639006994 0.15940062347476538 0
1595640371450 0.15799416557514254 0
1595641748219 0.1589512459835319 0
1595643109965 0.1590905000727153 0
1595644475388 0.15831547187107542 0
1595645842510 0.15804887534073814 0
1595647201518 0.15890256584484305 0
1595648562309 0.15898755279813395 0
1595649933152 0.15863887429495768 0
1595651294827 0.15913373776376985 0
1595652662155 0.15931984650710956 0
1595654042324 0.1595736906058551 0
1595655417538 0.15899897096517113 0
1595656789963 0.15823337527854842 0
1595658165442 0.15791351427835537 0
1595659531308 0.15840936377398443 0
1595660888280 0.15765883596529406 0
1595662267317 0.15848973524794413 0
1595663645108 0.1589081986606564 0
1595665011781 0.1586351062945597 0
1595666374807 0.15852212759763815 0
1595667738113 0.15796993974316326 0
1595669106402 0.15870076402541924 0
1595670471248 0.1575867385902649 0
1595671847170 0.15901067885735573 0
1595673205331 0.1590383322978689 0
1595674577447 0.15897641180223124 0
1595675940520 0.1580174509728132 0
1595677305390 0.15840232555472242 0
1595678674227 0.1585687669970766 0
1595680042172 0.15854082668306266 0
1595681413494 0.15684286004176914 0
1595682786060 0.15896933206643918 0
1595684152957 0.15904341385223766 0
1595685520178 0.15795028584983897 0
1595686892618 0.15859736605377409 0
1595688255601 0.15733490064340275 0
1595689617990 0.15868763727444346 0
1595690984122 0.1589094272450929 0
1595692354880 0.15807494233053987 0
1595693731855 0.15882420320214563 0
1595695093827 0.15838009586771543 0
1595696461532 0.15783573785361477 0
1595697823771 0.15873415109068525 0
1595699185123 0.15863697454148734 0
1595700551462 0.15972087378009944 0
1595701915020 0.15767776226266467 0
1595703286375 0.15760140107140178 0
1595704650339 0.15796201793333894 0
1595706012430 0.15782550182793378 0
1595707376295 0.1589645852667797 0
1595708741432 0.15822090728409915 0
1595710107063 0.15864721332806678 0
1595711468570 0.15861883699666313 0
1595712834232 0.15872404076202068 0
1595714192067 0.15865757582443102 0
1595715556318 0.1574847834641583 0
1595716925077 0.1581550970978106 0
1595718277604 0.15766727746849607 0
1595719648645 0.1584036487879879 0
1595721026963 0.15790690033766575 0
1595722393233 0.15742258649414773 0
1595723767494 0.15854962756295868 0
1595725139304 0.15811132829756308 0
1595726511844 0.15832176981116994 0
1595727889368 0.15958656785466718 0
1595729265774 0.158198052289735 0
1595730635690 0.15786988291855591 0
1595732012176 0.15849171830671913 0
1595733379369 0.15823770658990552 0
1595734752395 0.15951223716348975 0
1595736128035 0.1597302235512203 0
1595737503447 0.1583391848834682 0
1595738878558 0.15922757012048208 0
1595740258998 0.15852529107047741 0
1595741634623 0.15860760303615637 0
1595743017305 0.1583783731409014 0
