1590493046031 0.7191564391575846 0
1590493718975 0.7431628501244737 0
1590494388762 0.778030061727051 0
1590495058606 0.7694754613250676 0
1590495736560 0.7979928183187911 0
1590496411123 0.7776176675434553 0
1590497081742 0.768257818589183 0
1590497755683 0.8208132391681962 0
1590498426721 0.8154246477363087 0
1590499102726 0.7398210476407784 0
1590499778501 0.7829727609625052 0
1590500455072 0.8137094205449312 0
1590501128345 0.8277915628375281 0
1590501795768 0.8360470492108684 0
1590502442623 0.7807629571751445 0
1590503116948 0.7497414972097508 0
1590503791374 0.8357949736562953 0
1590504467808 0.8049889319361972 0
1590505143152 0.8096184544060119 0
1590505820789 0.7941195462366681 0
1590506493790 0.8416458537497736 0
1590507170513 0.805663570422621 0
1590507841963 0.8311558680393942 0
1590508514651 0.8178511956536196 0
1590509185668 0.8226976438597622 0
1590509857924 0.8270992920783409 0
1590510530034 0.8353666363448519 0
1590511200728 0.8332654746861525 0
1590511874565 0.8233734996496415 0
1590512550660 0.8172928051489309 0
1590513222947 0.8426537338254096 0
1590513912955 0.8302939122291406 0
1590514609493 0.8407223044177771 0
1590515321467 0.84538545821623 0
1590516008912 0.8432446364178102 0
1590516696478 0.8330821067893467 0
1590517448605 0.8397613042946163 0
1590518267659 0.8437454123943776 0
1590519085207 0.8320608352953109 0
1590519907826 0.8242351141944304 0
1590520721655 0.8424135648193565 0
1590521539861 0.8400708446198483 0
1590522360243 0.8439046951898742 0
1590523176806 0.842673001065049 0
1590523992185 0.8393888825073375 0
1590524809117 0.8459648830791822 0
1590525627266 0.8322507300425679 0
1590526445220 0.8347712904493636 0
1590527259076 0.8459046129116965 0
1590528077633 0.8355624011515138 0
1590528898833 0.8465499946517353 0
