1590493046025 0.5469867232043704 0
1590493718971 0.6000118973787084 0
1590494388757 0.6406810814152479 0
1590495058602 0.6106630531585697 0
1590495736555 0.6442248593929933 0
1590496411120 0.6267597593428966 0
1590497081737 0.6224724694735143 0
1590497755680 0.6417722488995025 0
1590498426717 0.6890530964913245 0
1590499102722 0.5299169901614077 0
1590499778496 0.6311441995055118 0
1590500455068 0.6818131798705238 0
1590501128342 0.7253422592068693 0
1590501795764 0.7046810265953386 0
1590502442618 0.6785560346784735 0
1590503116943 0.6137269706635471 0
1590503791370 0.726607447625608 0
1590504467802 0.7002975341581306 0
1590505143148 0.6872490458005198 0
1590505820785 0.6642419796431309 0
1590506493786 0.7397596186102267 0
1590507170509 0.699383559501205 0
1590507841957 0.7221140065489382 0
1590508514647 0.7079173456184318 0
1590509185664 0.7033650004921483 0
1590509857920 0.7201034028587436 0
1590510530031 0.7297253039002178 0
1590511200725 0.7305817550618067 0
1590511874562 0.7150650764210631 0
1590512550656 0.7238470115498988 0
1590513222941 0.7551939285281898 0
1590513912949 0.7341181151946974 0
1590514609487 0.7534202477597963 0
1590515321463 0.7634534266642398 0
1590516008904 0.7485620170736617 0
1590516696474 0.7391279047906597 0
1590517448599 0.7531954775954427 0
1590518267653 0.745642286452361 0
1590519085195 0.7435688313451693 0
1590519907820 0.7342898486351928 0
1590520721651 0.7449458272251227 0
1590521539858 0.7528560426503896 0
1590522360237 0.7626871225427709 0
1590523176799 0.7605582078445556 0
1590523992180 0.758099580454092 0
1590524809111 0.7682381473428279 0
1590525627254 0.7476149609154157 0
1590526445213 0.7499926260577671 0
1590527259050 0.7600401676258581 0
1590528077627 0.7560994670942468 0
1590528898824 0.7637890268629545 0
