1590493046034 0.6865258051771934 0
1590493718979 0.7028025964337578 0
1590494388765 0.7350774685438968 0
1590495058609 0.7294480607294963 0
1590495736565 0.7586742238300123 0
1590496411127 0.7311155129775105 0
1590497081746 0.7299557594905558 0
1590497755687 0.7743176234278588 0
1590498426724 0.7684614251961903 0
1590499102729 0.6946753303038558 0
1590499778506 0.7428601042142433 0
1590500455076 0.7703216497579718 0
1590501128348 0.7820923900399187 0
1590501795771 0.7905058305442223 0
1590502442627 0.7400264661745819 0
1590503116953 0.711693159539217 0
1590503791377 0.7920022549755029 0
1590504467810 0.7660762644049519 0
1590505143155 0.7717510896112506 0
1590505820792 0.752731684418599 0
1590506493792 0.7949641550178062 0
1590507170516 0.7656910182835497 0
1590507841966 0.7840766839873717 0
1590508514655 0.7794372283106349 0
1590509185671 0.7819247473085343 0
1590509857927 0.7869845836972809 0
1590510530037 0.7939937060210474 0
1590511200732 0.7903339284509168 0
1590511874570 0.7789429863653393 0
1590512550664 0.779973929198768 0
1590513222951 0.7996117284795962 0
1590513912961 0.7902309657265295 0
1590514609496 0.802556645629163 0
1590515321470 0.8005209981033556 0
1590516008915 0.7999879852915314 0
1590516696481 0.7921999688409056 0
1590517448610 0.7986279216600117 0
1590518267664 0.7982443635104476 0
1590519085296 0.7919019235155828 0
1590519907832 0.7870452440524012 0
1590520721658 0.8004956097607349 0
1590521539864 0.7991328631441064 0
1590522360250 0.8023230988892663 0
1590523176811 0.801293877133126 0
1590523992191 0.7965649361400209 0
1590524809122 0.8044592569758044 0
1590525627278 0.7904645841140575 0
1590526445227 0.7941487160147871 0
1590527259090 0.8041640091485502 0
1590528077637 0.7933120305294918 0
1590528898854 0.8029359623087524 0
