1590493046035 0.6662172664061361 0
1590493718980 0.6788025067681129 0
1590494388765 0.7102326558549082 0
1590495058610 0.7079968188933182 0
1590495736566 0.7336517403866845 0
1590496411127 0.7015583380853267 0
1590497081747 0.7101433348061938 0
1590497755687 0.7449035034510173 0
1590498426725 0.7422776567408982 0
1590499102729 0.6687629131586947 0
1590499778507 0.7195404803938626 0
1590500455077 0.7458097253889671 0
1590501128349 0.7538000250406599 0
1590501795772 0.7638049919815525 0
1590502442628 0.7149135913736241 0
1590503116954 0.6878716625034161 0
1590503791378 0.7656879126245612 0
1590504467811 0.7437874353736733 0
1590505143155 0.7471959722984873 0
1590505820793 0.7280271984180291 0
1590506493793 0.7692121710859217 0
1590507170517 0.7419882377950079 0
1590507841967 0.7553025650271894 0
1590508514656 0.7549232420142942 0
1590509185671 0.7571525889777835 0
1590509857928 0.7603847261408899 0
1590510530038 0.769913613134219 0
1590511200732 0.7661597317070356 0
1590511874571 0.7529999216809176 0
1590512550665 0.7531828884226702 0
1590513222952 0.7714622245505263 0
1590513912963 0.7644934610233639 0
1590514609497 0.7772323159320711 0
1590515321471 0.7726269244491548 0
1590516008916 0.7705701350049384 0
1590516696482 0.7651169698152106 0
1590517448612 0.7726759866569398 0
1590518267666 0.7697993076888333 0
1590519085304 0.765005519616242 0
1590519907833 0.7625023132781826 0
1590520721659 0.7743546010974671 0
1590521539865 0.7734557976254679 0
1590522360253 0.7760889972124834 0
1590523176812 0.7763284892669083 0
1590523992192 0.7717845942523646 0
1590524809124 0.7766333898380373 0
1590525627279 0.7619460392113481 0
1590526445229 0.7686705109832694 0
1590527259092 0.7758412329537753 0
1590528077638 0.7673585277913088 0
1590528898856 0.777927822051209 0
