1590493046032 0.7140673960685591 0
1590493718976 0.7374493749175899 0
1590494388762 0.7709908415251805 0
1590495058607 0.7644100096017437 0
1590495736561 0.7919746445685738 0
1590496411124 0.7705231315652669 0
1590497081743 0.7637652076200917 0
1590497755684 0.8143797700590031 0
1590498426722 0.808980317183517 0
1590499102726 0.7322510297587589 0
1590499778502 0.7762268475054191 0
1590500455073 0.8067972083228303 0
1590501128346 0.8214331357153136 0
1590501795769 0.8308003411591278 0
1590502442624 0.7753719787745731 0
1590503116949 0.744480168477184 0
1590503791375 0.8303056457195732 0
1590504467808 0.7995650072260205 0
1590505143152 0.8042701788653588 0
1590505820790 0.7891344547335298 0
1590506493790 0.8354769486813436 0
1590507170514 0.7997736996479413 0
1590507841964 0.8244866899384217 0
1590508514652 0.8117154653608201 0
1590509185668 0.8171915150491218 0
1590509857925 0.8217290067773084 0
1590510530035 0.8282636076692443 0
1590511200729 0.8281725822972913 0
1590511874566 0.8169859623167458 0
1590512550661 0.8126327712921648 0
1590513222948 0.837208319437582 0
1590513912956 0.8251353565024278 0
1590514609494 0.8363077748535577 0
1590515321467 0.8392503661102291 0
1590516008913 0.8378838968688378 0
1590516696478 0.8264445955030434 0
1590517448606 0.8349040879610957 0
1590518267660 0.8375016183517728 0
1590519085210 0.8263708774147065 0
1590519907829 0.8194073954649093 0
1590520721656 0.8364501345016667 0
1590521539862 0.8342968407636178 0
1590522360244 0.8381717462029992 0
1590523176807 0.8369743449775597 0
1590523992187 0.8341150806811528 0
1590524809118 0.839994329335914 0
1590525627274 0.8269002317326435 0
1590526445221 0.8292651771205102 0
1590527259078 0.8400888540378382 0
1590528077634 0.829451352495117 0
1590528898846 0.840257566201599 0
