1590493046028 0.5334853725908837 0
1590493718973 0.5817249087292273 0
1590494388759 0.6208843070460004 0
1590495058604 0.5931656789839292 0
1590495736558 0.6266556851833259 0
1590496411121 0.6059580176696572 0
1590497081739 0.6052644801492895 0
1590497755681 0.6198959549904283 0
1590498426718 0.66645860307833 0
1590499102724 0.513102417742544 0
1590499778498 0.6154195824023789 0
1590500455070 0.6616910305239989 0
1590501128343 0.7017163519604266 0
1590501795766 0.6829276946161572 0
1590502442621 0.6585385967310607 0
1590503116945 0.5974774391340455 0
1590503791372 0.7026099132312419 0
1590504467804 0.6798089114882194 0
1590505143149 0.6678011419775338 0
1590505820787 0.6447086724038985 0
1590506493788 0.714261823762912 0
1590507170510 0.680641805975742 0
1590507841960 0.6980633593768414 0
1590508514649 0.6898174003260599 0
1590509185665 0.6839734212915564 0
1590509857922 0.7011264491924843 0
1590510530032 0.7097861603124289 0
1590511200726 0.708925153448072 0
1590511874563 0.693217662497716 0
1590512550657 0.7036239937307895 0
1590513222943 0.7314120395042745 0
1590513912951 0.7135824129692061 0
1590514609490 0.7324842545287111 0
1590515321464 0.7388707099193454 0
1590516008908 0.7254340007740974 0
1590516696475 0.7184531112951082 0
1590517448601 0.7317270821533954 0
1590518267655 0.7217002129212117 0
1590519085199 0.7224756521868483 0
1590519907822 0.7123966660733921 0
1590520721653 0.7235521327172079 0
1590521539859 0.7320663629076912 0
1590522360239 0.7402185516040392 0
1590523176803 0.7387850095527739 0
1590523992182 0.7339007624127384 0
1590524809113 0.7457249011858996 0
1590525627256 0.7251580426743635 0
1590526445216 0.7276890492953749 0
1590527259058 0.7367686757641032 0
1590528077629 0.7322264727620311 0
1590528898827 0.7398721232812084 0
