1590493046034 0.6995187680143647 0
1590493718978 0.7187454654014044 0
1590494388764 0.7526285291745299 0
1590495058608 0.7469454460460847 0
1590495736564 0.7753847806113988 0
1590496411126 0.7497944489287327 0
1590497081745 0.7457126018785788 0
1590497755686 0.793059519137232 0
1590498426723 0.7882185311096671 0
1590499102728 0.710855681676001 0
1590499778505 0.7591202896798506 0
1590500455075 0.7883181640817385 0
1590501128347 0.7998999675074798 0
1590501795770 0.8095688651451843 0
1590502442626 0.7573481357042946 0
1590503116952 0.7270768908807858 0
1590503791377 0.8101109454654873 0
1590504467810 0.7821458233717155 0
1590505143154 0.7868049252884237 0
1590505820792 0.7695693277418251 0
1590506493792 0.8143037717067553 0
1590507170515 0.7823220362148694 0
1590507841965 0.8016400785829384 0
1590508514654 0.7944576232737494 0
1590509185670 0.7989060661693392 0
1590509857927 0.8031732528646035 0
1590510530037 0.8109496725174147 0
1590511200731 0.8069914878731632 0
1590511874568 0.7970633816157068 0
1590512550663 0.7938259048413776 0
1590513222950 0.8175568912611357 0
1590513912960 0.8073979170590364 0
1590514609496 0.8196033621023615 0
1590515321469 0.8209765080111325 0
1590516008915 0.8189950365141424 0
1590516696480 0.8082844271077676 0
1590517448608 0.8158755298809371 0
1590518267662 0.8166872482739533 0
1590519085288 0.808761663462485 0
1590519907831 0.8021159336016734 0
1590520721657 0.8177298570952802 0
1590521539863 0.8150966681480701 0
1590522360248 0.8205584900394037 0
1590523176810 0.8189822395378304 0
1590523992190 0.8145302503269106 0
1590524809121 0.821667120428212 0
1590525627277 0.8079830718084455 0
1590526445225 0.8111157169325175 0
1590527259089 0.8218108696801135 0
1590528077636 0.8116212550034602 0
1590528898850 0.8216627420933245 0
