1590493046026 0.5414890707677742 0
1590493718972 0.5917904381247531 0
1590494388758 0.632742584296388 0
1590495058603 0.6043866495859272 0
1590495736557 0.6371609791487464 0
1590496411120 0.6177133287468389 0
1590497081738 0.6155139812057336 0
1590497755680 0.6319809741916911 0
1590498426718 0.6800381135759633 0
1590499102723 0.5231062838371033 0
1590499778497 0.6251335043685721 0
1590500455069 0.6742580827288032 0
1590501128342 0.7147274661566149 0
1590501795765 0.6963524277859263 0
1590502442619 0.670878464205711 0
1590503116944 0.6080694207092849 0
1590503791371 0.7179643761872289 0
1590504467803 0.6919239728284671 0
1590505143149 0.6796431998803798 0
1590505820786 0.6567025656228521 0
1590506493787 0.7299508024230418 0
1590507170509 0.6923222925409995 0
1590507841959 0.7116277413435834 0
1590508514648 0.7005969532396623 0
1590509185665 0.6959744937884642 0
1590509857921 0.712425528939841 0
1590510530032 0.7223423449011203 0
1590511200725 0.7217826892361553 0
1590511874562 0.7059375605020056 0
1590512550656 0.7158101201378412 0
1590513222942 0.7445720333805349 0
1590513912950 0.726733286285285 0
1590514609489 0.7460826754909075 0
1590515321464 0.7544164852331663 0
1590516008906 0.7392972374558386 0
1590516696474 0.7309538809792857 0
1590517448600 0.7448623702845155 0
1590518267654 0.7364516955836814 0
1590519085197 0.7354138026074759 0
1590519907821 0.7259853035271691 0
1590520721652 0.7364735622888425 0
1590521539859 0.7449586164196894 0
1590522360238 0.7546645797810102 0
1590523176802 0.7525572028650579 0
1590523992181 0.7489845019873919 0
1590524809112 0.7602478345894318 0
1590525627255 0.7395940972878623 0
1590526445215 0.742096023390394 0
1590527259054 0.7516175501876545 0
1590528077628 0.7475929852113766 0
1590528898826 0.7546353426665666 0
