1590493046036 0.6989012962575466 0
1590493718981 0.7184736469338437 0
1590494388766 0.751755362971282 0
1590495058611 0.7459842671284503 0
1590495736567 0.773772883623845 0
1590496411128 0.7487940597539482 0
1590497081748 0.745628093064001 0
1590497755688 0.7922763575684773 0
1590498426726 0.7872887930097129 0
1590499102730 0.7113956050426938 0
1590499778508 0.7583513313738331 0
1590500455078 0.7873018290198038 0
1590501128350 0.7997474540567714 0
1590501795772 0.808967749826124 0
1590502442629 0.7560897294762686 0
1590503116956 0.7263715559028462 0
1590503791379 0.8093723569899839 0
1590504467812 0.7816508458747579 0
1590505143156 0.7861300460752286 0
1590505820795 0.7691597068313912 0
1590506493794 0.8138432676323765 0
1590507170517 0.7814842626058957 0
1590507841968 0.8020164224062812 0
1590508514657 0.7939088865570358 0
1590509185672 0.7979395780742394 0
1590509857929 0.802299274832127 0
1590510530039 0.8099651097562502 0
1590511200733 0.8073694838619897 0
1590511874573 0.7965101882550715 0
1590512550666 0.7937579607289851 0
1590513222953 0.8165572119811569 0
1590513912964 0.806093317581511 0
1590514609498 0.8176569727241009 0
1590515321471 0.818412834197745 0
1590516008917 0.8168558453434159 0
1590516696483 0.8072731653853946 0
1590517448614 0.8147978093112931 0
1590518267669 0.8159513587436277 0
1590519085311 0.8071865862140998 0
1590519907834 0.8013307663512123 0
1590520721659 0.8167419465169884 0
1590521539866 0.8147269217360411 0
1590522360255 0.8185910161851556 0
1590523176814 0.8176323526991798 0
1590523992194 0.813882610246115 0
1590524809127 0.8202096348633434 0
1590525627286 0.8065514667443004 0
1590526445231 0.810044078324235 0
1590527259093 0.8201460917090807 0
1590528077639 0.8100163831429709 0
1590528898858 0.8203673154349792 0
