1590493046021 0.5540938639252548 0
1590493718970 0.6113106318911427 0
1590494388755 0.6532730774182768 0
1590495058599 0.6194098679264265 0
1590495736553 0.6540750429159233 0
1590496411118 0.6380773811206927 0
1590497081736 0.6299577131645206 0
1590497755678 0.6525692973971569 0
1590498426716 0.7008515142303429 0
1590499102721 0.5388729983079641 0
1590499778492 0.6388986176922231 0
1590500455065 0.692287248163201 0
1590501128340 0.7365266235530579 0
1590501795763 0.7148659064639131 0
1590502442616 0.688221540739575 0
1590503116941 0.6208017946270679 0
1590503791369 0.7383197685360546 0
1590504467800 0.7104757731204044 0
1590505143146 0.6962137214770938 0
1590505820784 0.6737546871833541 0
1590506493785 0.7517232802383773 0
1590507170507 0.7087982931161363 0
1590507841955 0.7335033095403045 0
1590508514646 0.7175522241785957 0
1590509185662 0.7126528411977004 0
1590509857919 0.729821832209467 0
1590510530029 0.7393325048571241 0
1590511200723 0.7417936936921871 0
1590511874560 0.7243406147867818 0
1590512550654 0.7326091174778488 0
1590513222939 0.7662678670791928 0
1590513912946 0.7432005549737344 0
1590514609485 0.7626235222890653 0
1590515321461 0.7743548208606139 0
1590516008901 0.7592450720614574 0
1590516696472 0.7488648188510666 0
1590517448597 0.7634134614454002 0
1590518267651 0.7569933652700258 0
1590519085190 0.7530812513744786 0
1590519907815 0.7434651565393857 0
1590520721650 0.7553051759029783 0
1590521539856 0.7640684935392084 0
1590522360235 0.7744349609321215 0
1590523176797 0.7705267335128808 0
1590523992178 0.7687763888362792 0
1590524809109 0.7798352232725319 0
1590525627246 0.7585290977642566 0
1590526445211 0.7599634996014506 0
1590527259041 0.7717165977374109 0
1590528077625 0.7668785028203982 0
1590528898821 0.7752096122072467 0
