1590492927537 0.9428887529671193 0
1590493604955 0.8236283325321144 0
1590494275084 0.7988190776275264 0
1590494944879 0.7816815168741676 0
1590495622499 0.7640618293318484 0
1590496297504 0.7582446637170183 0
1590496967926 0.7379761086238755 0
1590497642192 0.7387193217873573 0
1590498313097 0.7298460779670212 0
1590498988201 0.726878582727578 0
1590499664257 0.6977079537842009 0
1590500341728 0.6969102026232414 0
1590501014690 0.6900306269774834 0
1590501685111 0.6837648981644048 0
1590502328698 0.6850704660763344 0
1590503002044 0.6809495339873765 0
1590503676408 0.682925069746044 0
1590504353229 0.676726691470378 0
1590505028863 0.6734698710838953 0
1590505706478 0.6719399469345808 0
1590506379944 0.6606501009398037 0
1590507055889 0.6577039935895138 0
1590507728003 0.6568433226272464 0
1590508400533 0.6568077173249589 0
1590509071701 0.6562916397179166 0
1590509743779 0.6528861918755704 0
1590510415419 0.6470818313914869 0
1590511086403 0.6485350389861398 0
1590511760392 0.647275390194522 0
1590512436697 0.645708817574713 0
1590513108889 0.6406123125325475 0
1590513796510 0.6406451348753439 0
1590514492230 0.6353898647634519 0
1590515204577 0.6374565943827232 0
1590515892496 0.6402078141603205 0
1590516578633 0.6368790473830369 0
1590517313215 0.6358912101098233 0
1590518122134 0.6322682165520058 0
1590518941389 0.634372701909807 0
1590519762392 0.632438475559983 0
1590520577395 0.6321866423512499 0
1590521396430 0.6279225581387679 0
1590522216266 0.6316786977276206 0
1590523031991 0.627661596706344 0
1590523848309 0.6254365776479244 0
1590524664869 0.6302526625845996 0
1590525481143 0.6267089572714435 0
1590526302028 0.6272500831923551 0
1590527114018 0.6226179761853483 0
1590527931326 0.6258678993541333 0
1590528754947 0.6244134625254406 0
