1590492927536 0.22233381046189202 0
1590493604955 0.20754939627316263 0
1590494275083 0.20329584230979283 0
1590494944878 0.20287354982561534 0
1590495622498 0.19901375048690373 0
1590496297503 0.19890879794955255 0
1590496967924 0.19402571400006613 0
1590497642191 0.19508484241035248 0
1590498313096 0.1928786321149932 0
1590498988200 0.19393163652883635 0
1590499664256 0.18869552921917704 0
1590500341728 0.18810164645314217 0
1590501014689 0.18594222260846033 0
1590501685110 0.18680889770388603 0
1590502328697 0.18492945498890348 0
1590503002042 0.1832955668038792 0
1590503676407 0.18512677636411454 0
1590504353228 0.18343194670147367 0
1590505028862 0.1832504728767607 0
1590505706477 0.185464206851191 0
1590506379943 0.18128018981880611 0
1590507055887 0.1819693166679806 0
1590507728002 0.18056569751765994 0
1590508400533 0.18094818163249227 0
1590509071700 0.17993908804323938 0
1590509743778 0.18002827094660864 0
1590510415418 0.17827250190907054 0
1590511086402 0.1777320594754484 0
1590511760392 0.17860293782419628 0
1590512436696 0.1788344323469533 0
1590513108888 0.17764930099248885 0
1590513796509 0.1803752440545294 0
1590514492229 0.1758712347348531 0
1590515204576 0.1775883460044861 0
1590515892494 0.17731048984660042 0
1590516578632 0.1770802592072222 0
1590517313214 0.17680940161148706 0
1590518122133 0.1750028719835811 0
1590518941388 0.17512868414322535 0
1590519762391 0.177540343536271 0
1590520577394 0.17623469365967645 0
1590521396429 0.1751028221845627 0
1590522216265 0.17754915283785927 0
1590523031990 0.17443516365355916 0
1590523848305 0.17480373142494096 0
1590524664868 0.17628210973408487 0
1590525481142 0.1754108084241549 0
1590526302027 0.17600073907110425 0
1590527114017 0.17376600745651458 0
1590527931325 0.176470358007484 0
1590528754946 0.1748457511100504 0
