1590492927532 0.28884770227803125 0
1590493604952 0.25073609004418057 0
1590494275080 0.24402211457490922 0
1590494944874 0.23565422968731986 0
1590495622496 0.23084339896837872 0
1590496297500 0.22707090785106024 0
1590496967919 0.22296497656239403 0
1590497642188 0.22122350656323964 0
1590498313093 0.218317026231024 0
1590498988195 0.21839814451005723 0
1590499664247 0.2061809280845854 0
1590500341725 0.2064554438657231 0
1590501014684 0.20423853556315105 0
1590501685108 0.20069649702972836 0
1590502328695 0.20397996809747485 0
1590503002036 0.20439688364664713 0
1590503676405 0.2041450653804673 0
1590504353225 0.20219798657629226 0
1590505028858 0.19974255267116758 0
1590505706473 0.19600265993012322 0
1590506379940 0.19434398419327206 0
1590507055882 0.19475031945440505 0
1590507727999 0.19393902136219873 0
1590508400530 0.19517311255137126 0
1590509071697 0.19439395510488086 0
1590509743776 0.19282325052552754 0
1590510415415 0.1907935681939125 0
1590511086399 0.19141269697083368 0
1590511760389 0.19093257023228538 0
1590512436693 0.18893275598684947 0
1590513108886 0.18883366217215855 0
1590513796504 0.18625733690129387 0
1590514492224 0.18746788296434613 0
1590515204571 0.18791270981232325 0
1590515892489 0.1883617772658666 0
1590516578628 0.18785988807678222 0
1590517313210 0.1873846793009175 0
1590518122129 0.18735293328762054 0
1590518941383 0.18759860234128103 0
1590519762387 0.1857162815001276 0
1590520577390 0.18754111008511648 0
1590521396426 0.1859753729403019 0
1590522216262 0.1851912092169126 0
1590523031986 0.18571397281355329 0
1590523848289 0.18444334404336082 0
1590524664863 0.18505168398221333 0
1590525481139 0.1853356722659535 0
1590526302023 0.18435607724719577 0
1590527114012 0.18308445107605723 0
1590527931320 0.1830972945690155 0
1590528754943 0.18338664892647003 0
