1590453149579 0.0021790188549246038 0
1590453861158 0.015261496359101847 0
1590454572694 0.027597334901701853 0
1590455285558 0.03916339818138457 0
1590455996833 0.04177827340035753 0
1590456708867 0.04002951570376955 0
1590457421059 0.051319354425461275 0
1590458133175 0.05019123042308268 0
1590458845833 0.05977270061710694 0
1590459558500 0.06951178803464597 0
1590460271038 0.07344336322482765 0
1590460983394 0.0738836149427706 0
1590461705495 0.07555486883338411 0
1590462493716 0.07854826667102564 0
1590463205951 0.07627355009384709 0
1590463956122 0.0766300773653346 0
1590465107877 0.07786889675666353 0
1590465863344 0.07795140073198674 0
