1590453149575 0.018259998050865534 0
1590453861151 0.08097697450854019 0
1590454572691 0.1115427599341488 0
1590455285553 0.12576712006131396 0
1590455996829 0.13000245772788624 0
1590456708863 0.1340698285335311 0
1590457421053 0.1416951825421421 0
1590458133167 0.14491566209051188 0
1590458845828 0.1496818025344203 0
1590459558492 0.15148247888041266 0
1590460271032 0.15547512129499777 0
1590460983390 0.15599999249309165 0
1590461705490 0.15646051084000126 0
1590462493710 0.15756304211952477 0
1590463205947 0.1576872313795017 0
1590463956118 0.15788760322863918 0
1590465107870 0.15774473492812224 0
1590465863339 0.1587968392614731 0
