1590453149578 0.004293375385019321 0
1590453861157 0.027648021098345573 0
1590454572693 0.045248605741861105 0
1590455285557 0.06134498281192311 0
1590455996832 0.06409876509023538 0
1590456708866 0.06287252365315585 0
1590457421058 0.07616574100782868 0
1590458133174 0.07599441594062248 0
1590458845831 0.08593066820566302 0
1590459558498 0.09454963212534416 0
1590460271037 0.10021688013177706 0
1590460983393 0.10043933900090177 0
1590461705494 0.10184662923583271 0
1590462493714 0.10433235883993984 0
1590463205950 0.10278460184179838 0
1590463956121 0.10292124412936086 0
1590465107875 0.10399502166605543 0
1590465863343 0.10413431591338418 0
