1590453149576 0.014932805371760827 0
1590453861152 0.07002725078317765 0
1590454572691 0.09900884962763161 0
1590455285554 0.11572732029906282 0
1590455996830 0.1187684715897545 0
1590456708863 0.12192753490820683 0
1590457421054 0.13236811589592987 0
1590458133168 0.13472945120347216 0
1590458845829 0.14017633223907985 0
1590459558493 0.14348220695375902 0
1590460271033 0.14876117383708898 0
1590460983391 0.14951346321993375 0
1590461705491 0.14985506231095985 0
1590462493711 0.1508285909492128 0
1590463205948 0.15082925725353152 0
1590463956119 0.15068295949279578 0
1590465107871 0.1512203859720464 0
1590465863340 0.15192797417899429 0
