1590453149584 0.003640820526775959 0
1590453861163 0.035024272143052544 0
1590454572698 0.06422811463277157 0
1590455285562 0.08873691827900185 0
1590455996837 0.09334201461702323 0
1590456708872 0.09746675164000243 0
1590457421064 0.1222015457008592 0
1590458133182 0.12736659595022065 0
1590458845840 0.12986679431068562 0
1590459558506 0.149158984352295 0
1590460271043 0.17398735725595835 0
1590460983399 0.17628749325359402 0
1590461705501 0.17949028521424393 0
1590462493722 0.18166730668259598 0
1590463205957 0.18166707285512734 0
1590463956127 0.18251583041336844 0
1590465107887 0.18745503170476416 0
1590465863350 0.1859711896978177 0
