1590453093185 1.8082363554687302 0
1590453808347 0.9878605530383943 0
1590454520000 0.8595595476007002 0
1590455232742 0.7975231524393945 0
1590455943913 0.7596461213103394 0
1590456655752 0.728443374273245 0
1590457368246 0.7086630108137322 0
1590458080108 0.6897463579589654 0
1590458792909 0.6766185230948998 0
1590459505609 0.6622756526503765 0
1590460217962 0.6274736358820729 0
1590460930440 0.6202161473596953 0
1590461652532 0.6165811620746567 0
1590462440628 0.6113202595065663 0
1590463152937 0.6097569197659319 0
1590463902954 0.6064568959491353 0
1590465011685 0.6024347672071874 0
1590465810212 0.6022818753284556 0
