1590372912337 0.07624684117581575 0
1590373652776 0.12373995555747655 0
1590374392769 0.14058290614074198 0
1590375132930 0.14125529077225804 0
1590375882859 0.15297038201667335 0
1590376622169 0.1517183661868582 0
1590377412380 0.150304650150298 0
1590378178119 0.1491609672327208 0
1590378921100 0.14914750714696207 0
1590379660067 0.15019225741412745 0
1590380399953 0.1834090795634873 0
1590381142215 0.18394856058558617 0
1590381895344 0.18404078980886757 0
1590382658263 0.1843779692293979 0
1590383414075 0.1838784928602134 0
1590384171489 0.18409818756004176 0
1590384912583 0.18447746889179112 0
1590385649484 0.1844274965881504 0
1590386386259 0.18479613245133727 0
1590387122964 0.18547925671948368 0
1590387870049 0.19046317319651396 0
1590388638945 0.1907114604217596 0
1590389424042 0.19139395789876132 0
1590390191787 0.1911072710076452 0
1590390928556 0.19163766419593284 0
1590391665652 0.19147438824799812 0
1590392402815 0.19193428807229226 0
1590393139442 0.191637417283316 0
