1590372912335 0.007496369845859634 0
1590373652773 0.016934857464232202 0
1590374392767 0.022158341840196733 0
1590375132927 0.022466701478608034 0
1590375882855 0.03304844734996332 0
1590376622166 0.036997932009442056 0
1590377412378 0.03888082787897092 0
1590378178116 0.039134160890998845 0
1590378921097 0.0392007527159968 0
1590379660064 0.04015565962129959 0
1590380399950 0.049457391417954355 0
1590381142212 0.04931175967316791 0
1590381895341 0.04944678784405535 0
1590382658260 0.04997039762292939 0
1590383414071 0.05013320679322565 0
1590384171486 0.050512314339483846 0
1590384912580 0.05108525020159228 0
1590385649482 0.05094506179646081 0
1590386386256 0.0513065644127484 0
1590387122961 0.05147050796596671 0
1590387870047 0.05150149810551198 0
1590388638942 0.05103037553460645 0
1590389424039 0.05109342229295702 0
1590390191785 0.05088896558898893 0
1590390928553 0.05085095092658625 0
1590391665650 0.05097620788313726 0
1590392402812 0.05118632675817895 0
1590393139440 0.05113608077784101 0
