1590372912338 0.05861129080405392 0
1590373652777 0.10033645726503015 0
1590374392770 0.11578412145177126 0
1590375132931 0.11398270465981575 0
1590375882860 0.12849549890116677 0
1590376622170 0.12963873753802627 0
1590377412381 0.13008957948343444 0
1590378178120 0.12978912997649594 0
1590378921101 0.12995025589144316 0
1590379660067 0.13074433275850053 0
1590380399953 0.16197276282234072 0
1590381142216 0.16282187338584303 0
1590381895344 0.16300758813461952 0
1590382658263 0.16347194755366234 0
1590383414076 0.16323349550182853 0
1590384171490 0.16308416206416912 0
1590384912584 0.163311747286608 0
1590385649484 0.16328305329456608 0
1590386386260 0.16405019115547648 0
1590387122964 0.16461914814601647 0
1590387870050 0.1696450016416885 0
1590388638946 0.16949805294636247 0
1590389424042 0.1699994399283211 0
1590390191788 0.1698140956180131 0
1590390928557 0.17029353340165995 0
1590391665653 0.17012177401146866 0
1590392402815 0.17061415903286525 0
1590393139443 0.1702454916670276 0
