1590372912334 0.014793718539322561 0
1590373652773 0.030457988404353983 0
1590374392767 0.03845601753092322 0
1590375132927 0.04049024115723147 0
1590375882854 0.05281386704005614 0
1590376622165 0.057704118153749887 0
1590377412377 0.05884562544617513 0
1590378178116 0.059402931435346716 0
1590378921096 0.05946369002338555 0
1590379660063 0.06012111353792826 0
1590380399949 0.07159219154050724 0
1590381142212 0.07127973421082945 0
1590381895341 0.0715615237742742 0
1590382658259 0.07203695661256858 0
1590383414070 0.07218067686999724 0
1590384171485 0.07277272474846476 0
1590384912580 0.07312239971569036 0
1590385649481 0.07326783635267002 0
1590386386255 0.07353260369722917 0
1590387122960 0.07362949219157136 0
1590387870047 0.07268063507929388 0
1590388638941 0.07240184266609316 0
1590389424039 0.07236753692307002 0
1590390191784 0.07223896003381602 0
1590390928552 0.07231982917780619 0
1590391665649 0.07250244929890452 0
1590392402811 0.07267360378336642 0
1590393139439 0.07260587417842343 0
