1590372912341 0.012698129914321742 0
1590373652780 0.028457813286072345 0
1590374392772 0.034837732046858076 0
1590375132934 0.031871303279901696 0
1590375882862 0.048107358914171484 0
1590376622172 0.051685246617252725 0
1590377412383 0.05496514284545849 0
1590378178123 0.05502489289154643 0
1590378921103 0.05561497543138947 0
1590379660070 0.057944271651699145 0
1590380399956 0.0777342201660203 0
1590381142219 0.07850972209378738 0
1590381895347 0.07885472601004756 0
1590382658265 0.07941211076711101 0
1590383414081 0.07933425958931475 0
1590384171492 0.07987264264275479 0
1590384912586 0.08030989592407428 0
1590385649487 0.0800219801723037 0
1590386386263 0.08036834319450828 0
1590387122967 0.08097195966221615 0
1590387870052 0.08453980521791489 0
1590388638953 0.08410765637110965 0
1590389424045 0.08438355721518742 0
1590390191790 0.08410356575659304 0
1590390928559 0.08411572848840167 0
1590391665658 0.08427518505229312 0
1590392402817 0.08456089918692768 0
1590393139445 0.08435980129323833 0
