1590372912336 0.031903151322081054 0
1590373652774 0.05384847663111731 0
1590374392768 0.06492644884689745 0
1590375132928 0.068341642683941 0
1590375882856 0.07808423869027034 0
1590376622167 0.08246421013422547 0
1590377412379 0.08333757052444192 0
1590378178117 0.08398477269447241 0
1590378921098 0.08388814822063569 0
1590379660065 0.08434782724027258 0
1590380399951 0.09615090894152023 0
1590381142213 0.09617530154198617 0
1590381895342 0.0963603089154263 0
1590382658261 0.09681030717418741 0
1590383414072 0.09684749943809941 0
1590384171487 0.09723399606286008 0
1590384912581 0.09757969818329577 0
1590385649482 0.0975659767261456 0
1590386386257 0.09799110220288759 0
1590387122962 0.09801441818832489 0
1590387870048 0.09697028352834679 0
1590388638943 0.09650325142687137 0
1590389424040 0.09659433665442264 0
1590390191785 0.09639501503835979 0
1590390928554 0.09649352878750674 0
1590391665651 0.09653760411498578 0
1590392402813 0.09679788914783048 0
1590393139441 0.09666671866866917 0
