1590372777913 0.2995671793383122 0
1590373521882 0.32416139679723943 0
1590374261926 0.3585253222762833 0
1590375002143 0.3693994132019359 0
1590375752010 0.37040122655721813 0
1590376491406 0.36581912328152966 0
1590377254771 0.3609380311602671 0
1590378047515 0.3565646603086291 0
1590378790177 0.35394725789861564 0
1590379529110 0.3504359922730006 0
1590380269420 0.34667813041682777 0
1590381011316 0.34402990178067305 0
1590381762084 0.34227236752679363 0
1590382526210 0.3419765156842548 0
1590383266680 0.34149481898405143 0
1590384028416 0.34096384850832134 0
1590384782370 0.3406937782316518 0
1590385519423 0.3400456045682614 0
1590386256130 0.33963845401296955 0
1590386993001 0.33913505447686776 0
1590387736751 0.34560273556843313 0
1590388498408 0.34422989211667926 0
1590389283306 0.3441260973289168 0
1590390061891 0.3431879733441144 0
1590390798229 0.3437098114360014 0
1590391535817 0.3430496163269472 0
1590392272743 0.343106596692074 0
1590393009511 0.34264237446897833 0
