1592917723010 0.2819777892052807 0
1592918155658 0.3444279033613025 0
1592918587522 0.45563938683483945 0
1592919020943 0.29818094055154415 0
1592919453467 0.35659756704677675 0
1592919887231 0.4963472512040294 0
1592920320624 0.372843790598171 0
1592920754359 0.4192391005110329 0
1592921187131 0.474890580150874 0
1592921620742 0.49211881543489594 0
1592922053830 0.39985295819427574 0
1592922486975 0.5828336830399307 0
1592922912571 0.46017117841161886 0
1592923339689 0.5146199303279474 0
1592923765525 0.3939412192882626 0
1592924192007 0.37494250261160694 0
1592924617989 0.44849597634891686 0
1592925045626 0.493355095986675 0
1592925471604 0.48228918380563685 0
1592925897949 0.4654185737265006 0
1592926324631 0.42453016377989866 0
1592926751072 0.5803707076585847 0
1592927180714 0.3773215019453337 0
1592927607835 0.4957239706149177 0
1592928033802 0.45059724708752974 0
1592928461008 0.5250960347129078 0
1592928887726 0.5556952479477416 0
1592929314993 0.5218358724011048 0
1592929741355 0.5965405664750423 0
1592930168709 0.5161054610413992 0
1592930595563 0.5955404768571869 0
1592931022154 0.5149525274500688 0
1592931448276 0.5557794142571432 0
1592931875642 0.6280943694973992 0
1592932302219 0.6059344888981985 0
1592932729654 0.5021740177922753 0
1592933155527 0.5408823010682412 0
1592933582068 0.5298933647122314 0
1592934008803 0.5211447395108267 0
1592934436367 0.5717709901045003 0
1592934863098 0.5546002882390387 0
1592935289879 0.5595095414825321 0
1592935716269 0.5624452434533526 0
1592936143946 0.5568567347016445 0
1592936570702 0.5702819716539907 0
1592936998371 0.5378634029369324 0
1592937425013 0.5466532958321123 0
1592937852381 0.5446585583601625 0
1592938278927 0.5370666151836228 0
1592938706100 0.5332787363957441 0
