1592917723014 0.6268432252127905 0
1592918155662 0.7414344109996284 0
1592918587526 0.7184169996669997 0
1592919020947 0.7354761904761905 0
1592919453472 0.7312687312687314 0
1592919887236 0.7354515050167224 0
1592920320632 0.7634482184482185 0
1592920754363 0.6782256644956874 0
1592921187136 0.6818397927732966 0
1592921620746 0.7021761133603239 0
1592922053834 0.7472233724407638 0
1592922486979 0.6512451204738188 0
1592922912575 0.7660225442834139 0
1592923339693 0.6079494024917367 0
1592923765533 0.7573745819397993 0
1592924192012 0.8075542878174458 0
1592924617993 0.7417929292929293 0
1592925045630 0.7762286324786325 0
1592925471608 0.7427801666932101 0
1592925897953 0.7298280423280423 0
1592926324635 0.7152657004830918 0
1592926751076 0.7533011272141706 0
1592927180718 0.6825337331334334 0
1592927607839 0.7734902159244265 0
1592928033805 0.7188210702341137 0
1592928461012 0.7683566433566433 0
1592928887730 0.794010989010989 0
1592929314997 0.8214279078409513 0
1592929741359 0.7478282872733675 0
1592930168712 0.7340763403263404 0
1592930595567 0.7887133699633699 0
1592931022158 0.8002952425149221 0
1592931448279 0.8219551282051283 0
1592931875648 0.7865384615384616 0
1592932302223 0.819690635451505 0
1592932729657 0.7573521969174143 0
1592933155532 0.7666083916083916 0
1592933582072 0.776146679407549 0
1592934008807 0.8208574034660991 0
1592934436371 0.7644230769230769 0
1592934863102 0.7653629265471371 0
1592935289883 0.7785027472527473 0
1592935716273 0.7870162446249402 0
1592936143950 0.7903545729632686 0
1592936570710 0.802815934065934 0
1592936998375 0.776146679407549 0
1592937425017 0.760229353979354 0
1592937852384 0.7688873626373627 0
1592938278934 0.7785027472527473 0
1592938706104 0.7785027472527473 0
