1592595883571 0.507583761099485 0
1592596806218 0.5681035407010128 0
1592597725159 0.5131763669544641 0
1592598661573 0.5340113387779711 0
1592599368778 0.5676964604308568 0
1592600001613 0.5980226344152705 0
1592600633981 0.6011991870403536 0
1592601267697 0.631986469044694 0
1592601899741 0.6642160563854601 0
1592602534153 0.5700743806557077 0
1592603168067 0.6581281761534873 0
1592603801016 0.6758325510216489 0
1592604434063 0.6682522052982066 0
1592605067874 0.6574257965519568 0
1592605700409 0.6729308066931438 0
1592606332805 0.6932708413855139 0
1592606964904 0.6781864155281788 0
1592607597421 0.6642333442934564 0
1592608230069 0.6519181746316414 0
1592608862548 0.6810739445233045 0
1592609494955 0.696131759605188 0
1592610127485 0.7066868175227682 0
1592610759727 0.6985645339330359 0
1592611393471 0.6958105752430636 0
1592612026669 0.6853212400742471 0
1592612659893 0.7078462832705141 0
1592613291618 0.6968031627818044 0
1592613924274 0.7048392597661935 0
1592614556720 0.6763849686886095 0
1592615191100 0.7067809807594042 0
1592615823823 0.7206410242038735 0
1592616457165 0.717883236100349 0
1592617087305 0.7099043891598081 0
1592617721455 0.7390507658007156 0
1592618355337 0.726534000049233 0
1592618988447 0.7065644405773487 0
1592619621991 0.7172193980007765 0
1592620253705 0.7044337878421348 0
1592620887280 0.7242364147262244 0
1592621519562 0.718882039115531 0
1592622153878 0.7194354651060583 0
1592622788484 0.7215159969478911 0
1592623419905 0.7188687615382001 0
1592624053350 0.7187144376886004 0
1592624683495 0.7194698861526027 0
1592625318490 0.7183350533263662 0
1592625950569 0.7161181729620103 0
1592626581963 0.714236926626648 0
1592627214094 0.7247105807026398 0
1592627846417 0.7154923660499902 0
1592628477023 0.7209738672444345 0
1592629332195 0.7314209023422004 0
1592630239426 0.7206070482757787 0
1592631158766 0.7197455620792562 0
1592632076955 0.729373432430667 0
1592632995742 0.7206658309646231 0
1592633915228 0.7278401060829043 0
1592634834139 0.7285399859626528 0
1592635754941 0.7261544285718019 0
1592636688576 0.7259659377247741 0
1592637608054 0.7251742462418082 0
1592638530198 0.7275755053956002 0
1592639438447 0.7286916937330289 0
1592640355200 0.7265382803332149 0
1592641272374 0.724853211816482 0
1592642190732 0.7274460156701411 0
1592643102621 0.726922459362445 0
1592644024556 0.7262922705768334 0
1592644940670 0.7269333037665066 0
1592645862304 0.7262607017375119 0
1592646778948 0.7287936073485767 0
1592647719473 0.7248180853353895 0
1592648632914 0.7282258528165219 0
1592649575787 0.7280610001329623 0
1592650504127 0.7253687504841206 0
1592651441728 0.726527820863539 0
1592652376545 0.7261821057637774 0
1592653322152 0.7297461172337353 0
1592654260677 0.7292649133030626 0
1592655220925 0.7277538817207803 0
1592656166386 0.7265849673931242 0
1592657097974 0.7278251976801942 0
1592658028111 0.7304506925064335 0
1592658985404 0.7270233923034489 0
1592659916569 0.7260598963320873 0
1592660845208 0.7233809351690513 0
1592661784944 0.7259046540921386 0
1592662737314 0.7256630561280556 0
1592663672380 0.7282074645389766 0
1592664608688 0.7277354298625386 0
1592665543290 0.727102168057653 0
1592666486694 0.7264332478877434 0
1592667415561 0.7273596840745161 0
1592668373529 0.7283727930034319 0
1592669308806 0.727677459005364 0
1592670244030 0.7289917266557217 0
1592671174256 0.7276196346239813 0
1592672110787 0.7280540831863612 0
1592673044255 0.7261243587999541 0
1592673975042 0.72669056776938 0
1592674902670 0.7259021901216843 0
