1592595681893 0.27308512545294233 0
1592596621943 0.2455431103375223 0
1592597540862 0.23628034508890575 0
1592598465315 0.23185328036546707 0
1592599261904 0.2266874721315172 0
1592599895368 0.22260540001922183 0
1592600527361 0.21916100753678217 0
1592601161343 0.21722937852144242 0
1592601793628 0.2154605561825964 0
1592602427239 0.21302074564827814 0
1592603061435 0.20466974049806594 0
1592603694833 0.20043461246622934 0
1592604327759 0.19968283388349745 0
1592604961412 0.19626028067535825 0
1592605593958 0.19422062502966986 0
1592606226898 0.1935881311694781 0
1592606859127 0.19169267392820782 0
1592607490913 0.19006005426247916 0
1592608123790 0.18857604642709097 0
1592608756208 0.18569084409210418 0
1592609388674 0.1811872638265292 0
1592610021601 0.1782993589838346 0
1592610653646 0.1768894433644083 0
1592611287505 0.17487522860368093 0
1592611920330 0.1736857188741366 0
1592612553718 0.17414916566676564 0
1592613185631 0.17271065986818737 0
1592613818232 0.17069574462042914 0
1592614450339 0.17039889163441127 0
1592615085033 0.16808424497644106 0
1592615717675 0.16629138987925318 0
1592616351287 0.16425748952560953 0
1592616981208 0.1625496894783444 0
1592617615526 0.16376700051956705 0
1592618249291 0.16146663182311588 0
1592618882235 0.1601645697818862 0
1592619515983 0.15954339219464195 0
1592620147773 0.15910938152008586 0
1592620781339 0.1583225458363692 0
1592621413493 0.15761030114359326 0
1592622047603 0.15708056269420517 0
1592622682504 0.15660628020763398 0
1592623313825 0.15481070008542802 0
1592623947553 0.15547772182358635 0
1592624577496 0.15619121412436168 0
1592625212474 0.15507167973452143 0
1592625844324 0.15411096120874088 0
1592626475919 0.15260698149601618 0
1592627107986 0.15286484546131557 0
1592627740479 0.1531704358756542 0
1592628371016 0.15336187365982268 0
1592629149173 0.15159724497132832 0
1592630057562 0.15242908308903377 0
1592630977390 0.15197662096884515 0
1592631897286 0.1518678664829996 0
1592632813738 0.1517839644352595 0
1592633735315 0.150912777086099 0
1592634653864 0.14964576131767696 0
1592635576220 0.15077036556270387 0
1592636508143 0.14963949685295422 0
1592637428309 0.14989502314064237 0
1592638346789 0.14957346609897085 0
1592639259215 0.1493843583431509 0
1592640179135 0.14863424407111273 0
1592641091841 0.14940465114182896 0
1592642012516 0.14865179230769476 0
1592642921612 0.1488416561484337 0
1592643846437 0.14984484462274444 0
1592644758691 0.148714989407195 0
1592645681319 0.14849195415774982 0
1592646598565 0.14825186441342036 0
1592647538308 0.14848607488804394 0
1592648451856 0.14834771886467935 0
1592649394030 0.14769799951050017 0
1592650323164 0.14827564208043947 0
1592651255160 0.14875252571370867 0
1592652191560 0.1482615343729655 0
1592653139773 0.14850068304273817 0
1592654075987 0.14775564410620265 0
1592655034313 0.14799777284264565 0
1592655978882 0.1476137214899063 0
1592656914450 0.14717072033219866 0
1592657845398 0.14728122015794118 0
1592658803524 0.14815932598378923 0
1592659732198 0.14754089976350465 0
1592660665707 0.148525476935837 0
1592661600363 0.1476074365278085 0
1592662552937 0.14797985624935892 0
1592663486944 0.14695187775625124 0
1592664422840 0.14812641627258724 0
1592665357351 0.1482840206887987 0
1592666300778 0.14858769742978944 0
1592667232374 0.14797878104779455 0
1592668188908 0.1473402868045701 0
1592669123797 0.14727367717358802 0
1592670059744 0.14748142315281762 0
1592670990192 0.14698490755425558 0
1592671926403 0.1469468143582344 0
1592672861535 0.14801456741160818 0
1592673790184 0.1472667595744133 0
1592674716004 0.1484473743206925 0
