1592595681891 0.29357203682263694 0
1592596621942 0.26340467251009414 0
1592597540861 0.25018264638053045 0
1592598465307 0.2449521021048228 0
1592599261901 0.24013344595829647 0
1592599895367 0.2341678783297539 0
1592600527359 0.23135247227218417 0
1592601161342 0.22938146581252417 0
1592601793625 0.22495902011791866 0
1592602427238 0.2202796240647634 0
1592603061434 0.21090423891941706 0
1592603694831 0.2071447448929151 0
1592604327756 0.2054749526580175 0
1592604961409 0.20350337147712708 0
1592605593956 0.2025576510694292 0
1592606226897 0.20162245174249013 0
1592606859126 0.19914672315120696 0
1592607490912 0.19812107602755227 0
1592608123789 0.19805610252751243 0
1592608756206 0.19256417178445392 0
1592609388672 0.19027184658580357 0
1592610021600 0.18670078105396695 0
1592610653644 0.18453303512599734 0
1592611287504 0.18135256631506813 0
1592611920329 0.18229635073079004 0
1592612553716 0.18186569756931728 0
1592613185629 0.17908879240353903 0
1592613818231 0.18125099912285805 0
1592614450337 0.17958491863475906 0
1592615085031 0.177375821289089 0
1592615717672 0.17509624880221156 0
1592616351286 0.17363545179367065 0
1592616981206 0.17269713130262163 0
1592617615524 0.17317731936772665 0
1592618249289 0.17190794027513928 0
1592618882232 0.17161891538235877 0
1592619515981 0.17139968423379792 0
1592620147772 0.17094705273707708 0
1592620781337 0.16874204349186686 0
1592621413491 0.16769871254762014 0
1592622047601 0.1692547284728951 0
1592622682503 0.16770298881663218 0
1592623313824 0.1665919477575355 0
1592623947552 0.1673547273874283 0
1592624577495 0.16742584556341172 0
1592625212472 0.16587050600184336 0
1592625844322 0.16579510360956193 0
1592626475918 0.1651305988430977 0
1592627107985 0.16610481942693392 0
1592627740478 0.16476924979024463 0
1592628371015 0.16434800798694293 0
1592629149172 0.1634618954360485 0
1592630057561 0.16452340533336005 0
1592630977388 0.1640723813076814 0
1592631897285 0.16330359664228228 0
1592632813737 0.16458489217691952 0
1592633735313 0.16331250843074588 0
1592634653863 0.16356318129433525 0
1592635576219 0.16331788602802488 0
1592636508141 0.16298519854744276 0
1592637428308 0.16309609638320074 0
1592638346787 0.1620405965546767 0
1592639259213 0.16285157913963 0
1592640179133 0.16223665653003586 0
1592641091839 0.1621272128323714 0
1592642012514 0.16196464311745432 0
1592642921611 0.1627293167511622 0
1592643846436 0.1636259217063586 0
1592644758689 0.16196407771772808 0
1592645681317 0.16177627727389335 0
1592646598562 0.16221056545774143 0
1592647538306 0.16180506413181622 0
1592648451854 0.16165634413560231 0
1592649394028 0.16088598095708423 0
1592650323163 0.1607933752735456 0
1592651255159 0.16177709622515574 0
1592652191559 0.16108888917499117 0
1592653139771 0.16098793177141082 0
1592654075986 0.16136583467324575 0
1592655034312 0.16065473152531518 0
1592655978880 0.16058058376113574 0
1592656914448 0.16045062659515275 0
1592657845397 0.15929818963011105 0
1592658803522 0.16111546880669064 0
1592659732196 0.1610619215336111 0
1592660665705 0.1611771408551269 0
1592661600362 0.16043589532375335 0
1592662552936 0.16144957279165587 0
1592663486942 0.16041900533768866 0
1592664422838 0.16091553153263197 0
1592665357350 0.16124871894717216 0
1592666300777 0.16201832254727683 0
1592667232372 0.16049827623698446 0
1592668188906 0.16080661452478834 0
1592669123796 0.16045248568058013 0
1592670059742 0.16128282947672737 0
1592670990190 0.1599569731619623 0
1592671926402 0.1604656111697356 0
1592672861533 0.16041155523724027 0
1592673790183 0.16010349775354069 0
1592674716002 0.16093326755695872 0
