1594920945473 0.5439703635053506 0
1594923267525 0.20413163385713473 0
1594925574348 0.6709386247763001 0
1594927895709 0.6923606663501456 0
1594930206867 0.6477347133751377 0
1594932516933 0.6202493635666305 0
1594934838045 0.6889376844270811 0
1594937156520 0.6433016593628644 0
1594939442913 0.6748613059477051 0
1594941759275 0.6550940456362789 0
1594944058483 0.6487263257321838 0
1594946360142 0.683137216524832 0
1594948662599 0.6923038942633873 0
1594950977396 0.68937322909964 0
1594953280225 0.6894837109992996 0
1594955602595 0.6968556896482282 0
1594957897545 0.6642264160347836 0
1594960213979 0.6842269204609241 0
1594962533421 0.6813072319393876 0
1594964833989 0.6860970651293907 0
1594967113302 0.6919687827717599 0
1594969420246 0.6886614590393803 0
1594971721867 0.690188648044669 0
1594974013744 0.6875743546467535 0
1594976304846 0.6922616736581255 0
1594978600891 0.6873755231635293 0
1594980885740 0.6819288726154681 0
1594983184222 0.6924471439181629 0
1594985489867 0.6863110053570162 0
1594987796152 0.6897806829117645 0
1594990106256 0.6880775817034491 0
1594992416169 0.6942575842556675 0
1594994737118 0.6809336001551686 0
1594997065796 0.6838780289244191 0
1594999381033 0.6746673989556068 0
1595001722147 0.7013493056941522 0
1595004050959 0.6820614378535549 0
1595006367781 0.6818484428855964 0
1595008683457 0.677461815545078 0
1595011010869 0.6851766956868292 0
1595013317251 0.6933561543501535 0
1595015644870 0.6855565618315878 0
1595017965356 0.6663536642058976 0
1595020284073 0.6929013219123369 0
1595022560570 0.680937573054498 0
1595024848565 0.6894169699732908 0
1595027137001 0.6940194344877808 0
1595029438579 0.6691534091304833 0
1595031716642 0.6915149441904017 0
1595034000286 0.6832116215164362 0
1595036286282 0.6571685404025247 0
1595038564170 0.6960469058519689 0
1595040848758 0.6923590444963774 0
1595043139716 0.6933608785894032 0
1595045436794 0.6834183188577774 0
1595047753106 0.6951918452971654 0
1595050058066 0.6798484733403344 0
1595052359105 0.6720208346651456 0
1595054668875 0.6955654428802868 0
1595056973112 0.6779511059289424 0
1595059279530 0.6877211212318968 0
1595061592289 0.6954255361686587 0
1595063902833 0.6920006103838348 0
1595066210540 0.6611035930641334 0
1595068528197 0.6961121201269842 0
1595070836929 0.6905393249264169 0
1595073148447 0.69886888592531 0
1595075450064 0.6960413294071598 0
1595077731851 0.6923367348333893 0
1595079822179 0.694455401692899 0
1595081793684 0.691114227909114 0
1595083751349 0.67344374583917 0
1595085672474 0.6918370199975444 0
1595087564897 0.6876923255354296 0
1595089440277 0.6985505078612448 0
1595091330151 0.6863486709846883 0
1595093222675 0.6916907338027324 0
1595095114983 0.6898919155746857 0
1595097006261 0.7013046436974977 0
1595098894833 0.6936414135259962 0
1595100778614 0.6973464773283611 0
1595102668259 0.6872645477374386 0
1595104567426 0.6788585583619025 0
1595106469399 0.6955656571312682 0
1595108375777 0.6740781737417924 0
1595110278191 0.6836455229559927 0
1595112179535 0.6835769222756033 0
1595114075516 0.6942597971485492 0
1595115967959 0.6850834349925403 0
1595117867066 0.6812511678746096 0
1595119772723 0.6825831704848768 0
1595121677687 0.6888475489364695 0
1595123587915 0.6918872454824758 0
1595125477696 0.6734007550901037 0
1595127379415 0.6962323084544899 0
1595129277211 0.6941613555933746 0
1595131169484 0.6984839250404898 0
1595133069055 0.6805439714253974 0
1595134679221 0.6892032567065647 0
1595135954249 0.6848825978832721 0
