1594920945448 0.3431701046821911 0
1594923267514 0.17146232758589855 0
1594925574338 0.35656780104771496 0
1594927895703 0.3551598217540981 0
1594930206863 0.357088158046963 0
1594932516928 0.3467280513716527 0
1594934838040 0.3594130520503978 0
1594937156515 0.35831313927156877 0
1594939442903 0.3587304028961371 0
1594941759270 0.357034151900389 0
1594944058478 0.35700990363950263 0
1594946360128 0.3582168402784102 0
1594948662595 0.3586645040926359 0
1594950977391 0.35764340876731215 0
1594953280220 0.3566826802884728 0
1594955602590 0.3571871772003286 0
1594957897534 0.35610181521194034 0
1594960213975 0.3581563613608441 0
1594962533417 0.3572776831129827 0
1594964833984 0.35657440503565874 0
1594967113297 0.357662079731121 0
1594969420242 0.357114703391291 0
1594971721858 0.3562961897226753 0
1594974013737 0.3568203008914363 0
1594976304840 0.35801177789071037 0
1594978600886 0.35698305004881936 0
1594980885734 0.35624584701374234 0
1594983184217 0.3571007748376782 0
1594985489862 0.35714220490043364 0
1594987796147 0.3571068479555642 0
1594990106252 0.3571673971852178 0
1594992416159 0.35752684200676305 0
1594994737108 0.35622810173921576 0
1594997065791 0.3566799433249109 0
1594999381028 0.35578422586964553 0
1595001722140 0.357852220822317 0
1595004050950 0.35521158531562785 0
1595006367777 0.35729534470292584 0
1595008683452 0.3559871469823785 0
1595011010864 0.3571907668048806 0
1595013317246 0.35789235343709375 0
1595015644866 0.3568971726145986 0
1595017965351 0.3561488011633285 0
1595020284058 0.35819857399715027 0
1595022560565 0.3574509193734316 0
1595024848559 0.35661329775710143 0
1595027136978 0.3575054003063527 0
1595029438574 0.35504677286959185 0
1595031716638 0.3573935463865611 0
1595034000281 0.3567133906555779 0
1595036286277 0.3549224081624231 0
1595038564153 0.35752748550911645 0
1595040848754 0.35728444707694207 0
1595043139712 0.3574699355224476 0
1595045436790 0.3570774233222767 0
1595047753101 0.35755618003421513 0
1595050058061 0.35715473083908944 0
1595052359100 0.3555063692608404 0
1595054668870 0.35821665801309827 0
1595056973102 0.35615195627240714 0
1595059279525 0.3570828453412786 0
1595061592284 0.3580817010779333 0
1595063902826 0.35805482657723214 0
1595066210530 0.3552746952618639 0
1595068528192 0.35745072942740846 0
1595070836924 0.35837407821392203 0
1595073148442 0.35773802552053874 0
1595075450059 0.3575947471513305 0
1595077731847 0.3578658367346211 0
1595079822175 0.35750189629841556 0
1595081793679 0.3578916533618319 0
1595083751336 0.355647337380363 0
1595085672469 0.3566381822491386 0
1595087564893 0.3573537948862464 0
1595089440263 0.35783988970269515 0
1595091330146 0.35732956436080343 0
1595093222671 0.35755652724487935 0
1595095114980 0.3574610079278144 0
1595097006257 0.3570725898041474 0
1595098894829 0.3572157758422416 0
1595100778610 0.3584504250727753 0
1595102668254 0.35795273552055656 0
1595104567421 0.35605243657589014 0
1595106469394 0.35811920714964945 0
1595108375772 0.35627887432118294 0
1595110278186 0.35692543309327923 0
1595112179530 0.35732469099838604 0
1595114075512 0.3573505006085731 0
1595115967955 0.3570107106955967 0
1595117867061 0.3564543860224861 0
1595119772716 0.35736603666880123 0
1595121677683 0.35637715504310924 0
1595123587910 0.357625513572283 0
1595125477692 0.35479794713941243 0
1595127379404 0.35720946336605164 0
1595129277206 0.35788049915000847 0
1595131169480 0.3581663161847886 0
1595133069051 0.35796848378301377 0
1595134679216 0.35700309284508186 0
1595135954246 0.3567667286973493 0
