1594920945445 0.34293966091510236 0
1594923267511 0.1648652554777904 0
1594925574334 0.3566773445366289 0
1594927895700 0.35513315341909013 0
1594930206859 0.3571441429907493 0
1594932516924 0.34609246591105036 0
1594934838036 0.35972423957557603 0
1594937156510 0.3586114767100331 0
1594939442899 0.3590280135913911 0
1594941759267 0.3572507797957389 0
1594944058475 0.35752129908529046 0
1594946360124 0.35888551462390644 0
1594948662591 0.3588089273953449 0
1594950977387 0.3579429671836482 0
1594953280217 0.3571008732207698 0
1594955602587 0.3574279561784485 0
1594957897530 0.3564797068271049 0
1594960213971 0.35848572186549255 0
1594962533412 0.35779749891658547 0
1594964833980 0.3567041757589932 0
1594967113294 0.35812538988633624 0
1594969420238 0.3573663996559614 0
1594971721854 0.35669929201847617 0
1594974013733 0.35710245785455563 0
1594976304837 0.35832701003713113 0
1594978600883 0.3571539070206102 0
1594980885728 0.3564669614488393 0
1594983184214 0.35726896185867063 0
1594985489858 0.35739627093870463 0
1594987796143 0.3575253518533972 0
1594990106248 0.3575224786961841 0
1594992416155 0.35767333200980506 0
1594994737104 0.35653781057584927 0
1594997065788 0.35698466718192173 0
1594999381025 0.35599692635228447 0
1595001722136 0.3584448845422201 0
1595004050946 0.35531756461982644 0
1595006367773 0.3575921781269372 0
1595008683448 0.35629655277149364 0
1595011010860 0.3574707835892052 0
1595013317242 0.35839014518261947 0
1595015644862 0.3570016830079954 0
1595017965348 0.3562185998528196 0
1595020284054 0.3584102455034308 0
1595022560562 0.3578661519005767 0
1595024848556 0.3568304600987844 0
1595027136965 0.35768499675065657 0
1595029438571 0.35492523511958946 0
1595031716635 0.35753653233312466 0
1595034000278 0.35680245915215786 0
1595036286273 0.3553932046529045 0
1595038564149 0.3576645512692984 0
1595040848750 0.3576723528165009 0
1595043139709 0.35787029168062395 0
1595045436786 0.35720974981484954 0
1595047753098 0.35759963753149926 0
1595050058058 0.35746018686656644 0
1595052359096 0.35571129314875133 0
1595054668867 0.3583126378136258 0
1595056973099 0.35626784209678153 0
1595059279521 0.3575995998392996 0
1595061592279 0.35844038909373743 0
1595063902823 0.35848296100501825 0
1595066210526 0.3554606016793931 0
1595068528187 0.35760202618462233 0
1595070836920 0.3587532874720615 0
1595073148438 0.35792500835424995 0
1595075450056 0.3575966717712478 0
1595077731842 0.358133684154071 0
1595079822171 0.35773436705793066 0
1595081793676 0.35828707995798154 0
1595083751332 0.35559857235266723 0
1595085672466 0.35672451079195305 0
1595087564889 0.3576600848655675 0
1595089440260 0.3580874364539695 0
1595091330143 0.357871354404415 0
1595093222667 0.35785445991276543 0
1595095114978 0.3576194932751787 0
1595097006253 0.35718619108969973 0
1595098894825 0.3572315631389498 0
1595100778606 0.3586215052514417 0
1595102668250 0.358391369684272 0
1595104567417 0.35635372777007 0
1595106469390 0.3581482925261957 0
1595108375768 0.35663079142440807 0
1595110278182 0.35715281937373583 0
1595112179526 0.35780483551138403 0
1595114075509 0.35765692067208926 0
1595115967951 0.3572863776498951 0
1595117867058 0.35660740901671495 0
1595119772713 0.3575804445942042 0
1595121677679 0.35671498237075516 0
1595123587906 0.3580782849734826 0
1595125477688 0.3549863544203632 0
1595127379400 0.3573526560690539 0
1595129277203 0.35810559080896087 0
1595131169475 0.3584725383268495 0
1595133069047 0.3581848776687481 0
1595134679213 0.357314434295161 0
1595135954244 0.3570314172343703 0
