1594920945442 0.3507472915048404 0
1594923267508 0.19278481350395588 0
1594925574331 0.36340465859869364 0
1594927895697 0.36232034565785964 0
1594930206857 0.36340611240726134 0
1594932516922 0.3545892839735166 0
1594934838034 0.36531253085349713 0
1594937156507 0.3647685235871589 0
1594939442897 0.36504731877929986 0
1594941759264 0.36315688917295963 0
1594944058472 0.36316177568689045 0
1594946360122 0.36404343020298235 0
1594948662589 0.3644870274021469 0
1594950977384 0.36345127041789765 0
1594953280215 0.3629659766748281 0
1594955602584 0.363329661026601 0
1594957897528 0.3623872035831014 0
1594960213968 0.3641047943566792 0
1594962533410 0.36335637357532957 0
1594964833978 0.3628089980801397 0
1594967113291 0.3635921253732972 0
1594969420236 0.36319402032191855 0
1594971721851 0.3623131733444129 0
1594974013730 0.36285909348904444 0
1594976304835 0.36386882426767947 0
1594978600881 0.36304443602327097 0
1594980885725 0.3624894321097821 0
1594983184212 0.3632744196630999 0
1594985489855 0.36321638489123886 0
1594987796141 0.3630946150197941 0
1594990106246 0.36320753137458966 0
1594992416153 0.36342208818639266 0
1594994737102 0.36243165721219867 0
1594997065786 0.36274043242522935 0
1594999381023 0.3618887323190216 0
1595001722134 0.363583127007106 0
1595004050943 0.3615874633704961 0
1595006367771 0.36327338130180703 0
1595008683446 0.3621324162337947 0
1595011010858 0.3633288433736312 0
1595013317239 0.36363581654328475 0
1595015644859 0.3630250085848076 0
1595017965345 0.3625231559216998 0
1595020284052 0.36424344587392593 0
1595022560559 0.36344955307953103 0
1595024848553 0.3628013676178208 0
1595027136957 0.3634904777586014 0
1595029438568 0.3616857282170609 0
1595031716632 0.3634887677340035 0
1595034000276 0.36271432301062145 0
1595036286271 0.3612099218200328 0
1595038564146 0.3634684690682268 0
1595040848747 0.3631363563786284 0
1595043139707 0.3634284982517855 0
1595045436784 0.3631071394176359 0
1595047753096 0.36368541119091197 0
1595050058056 0.36307986360867184 0
1595052359094 0.3618211725751263 0
1595054668865 0.3642144085259991 0
1595056973096 0.36237871061436744 0
1595059279518 0.36293366255333365 0
1595061592277 0.36363049870295455 0
1595063902821 0.3639214080803755 0
1595066210524 0.36159977479828326 0
1595068528185 0.36346538835694864 0
1595070836918 0.36438752073146796 0
1595073148436 0.36368823684406154 0
1595075450054 0.3636835309516749 0
1595077731839 0.3638795173722959 0
1595079822169 0.3634714372881908 0
1595081793674 0.3637876497833766 0
1595083751330 0.3620336466443956 0
1595085672463 0.3628730951853374 0
1595087564887 0.3633638960498931 0
1595089440257 0.3636685602670411 0
1595091330140 0.3633365502647727 0
1595093222664 0.3635211948437789 0
1595095114976 0.36358694097459493 0
1595097006251 0.36317629784061006 0
1595098894823 0.3632325577502957 0
1595100778604 0.3644160916534779 0
1595102668248 0.363838008679978 0
1595104567415 0.36224973210811845 0
1595106469388 0.3640815474537821 0
1595108375766 0.36216091296584696 0
1595110278180 0.36313027055385905 0
1595112179523 0.363343022896611 0
1595114075506 0.3629953809784288 0
1595115967948 0.36324027800928516 0
1595117867056 0.3626811239138904 0
1595119772711 0.36342348499282584 0
1595121677677 0.36257923075809984 0
1595123587903 0.3631441679585307 0
1595125477686 0.36107025428739753 0
1595127379398 0.3631805635158758 0
1595129277200 0.3635834618086547 0
1595131169472 0.3640162568194548 0
1595133069044 0.3638607131703309 0
1595134679210 0.3629974006144252 0
1595135954243 0.362963753501713 0
