1594920945446 0.33663719496897726 0
1594923267512 0.150654122593166 0
1594925574335 0.351060760300767 0
1594927895701 0.3491475702530918 0
1594930206860 0.35172820432392066 0
1594932516926 0.3401798823925425 0
1594934838038 0.3545912621852341 0
1594937156512 0.35347858250393416 0
1594939442900 0.35348018238182516 0
1594941759268 0.35204679966650027 0
1594944058476 0.3520328242076504 0
1594946360126 0.35356648415129494 0
1594948662592 0.35415145346690785 0
1594950977388 0.3531877643810781 0
1594953280218 0.3515034589758417 0
1594955602588 0.3521218494569899 0
1594957897531 0.3510281717510316 0
1594960213972 0.3530347157568795 0
1594962533414 0.35236354997318775 0
1594964833982 0.3513487353260632 0
1594967113295 0.3526261272442823 0
1594969420239 0.351881796582683 0
1594971721855 0.3510219941948668 0
1594974013734 0.35171434640037397 0
1594976304838 0.35312192768053174 0
1594978600884 0.35220908204986573 0
1594980885730 0.3511042141601212 0
1594983184215 0.352052522876124 0
1594985489859 0.35214373540812566 0
1594987796145 0.35224040176499877 0
1594990106249 0.35228889439988825 0
1594992416156 0.3525252901603809 0
1594994737106 0.35104847039649845 0
1594997065789 0.35147634747182976 0
1594999381026 0.35058176653354134 0
1595001722137 0.353072048249313 0
1595004050947 0.3499268274608032 0
1595006367774 0.3525999702299075 0
1595008683450 0.35093262605111597 0
1595011010862 0.35218406724066476 0
1595013317243 0.35304485892741516 0
1595015644863 0.3521497221018225 0
1595017965349 0.350934669040807 0
1595020284055 0.3532161088614376 0
1595022560563 0.3526788272159088 0
1595024848557 0.3515335899550266 0
1595027136969 0.35249899694244835 0
1595029438572 0.3492400898491208 0
1595031716636 0.35248971589228095 0
1595034000279 0.3517975925712733 0
1595036286275 0.34962016940891977 0
1595038564150 0.3525812072962601 0
1595040848751 0.35247123010484743 0
1595043139710 0.35272202165853844 0
1595045436787 0.35206783397360697 0
1595047753099 0.352706420137931 0
1595050058059 0.3521705487742827 0
1595052359097 0.35000483055073367 0
1595054668868 0.3535242054153826 0
1595056973100 0.3512480825314782 0
1595059279523 0.3519366461141325 0
1595061592280 0.3535530132357512 0
1595063902824 0.35335149169537067 0
1595066210527 0.35003096599488565 0
1595068528189 0.3527073100746051 0
1595070836922 0.353498837015271 0
1595073148439 0.3527670051404113 0
1595075450057 0.352680778195567 0
1595077731843 0.35296220563526615 0
1595079822172 0.3526820456606859 0
1595081793677 0.3530794924794994 0
1595083751333 0.3504503119620512 0
1595085672467 0.35139224060682234 0
1595087564890 0.35245525227497637 0
1595089440261 0.3531319426677871 0
1595091330144 0.3523586109931303 0
1595093222668 0.3526347787839279 0
1595095114978 0.3524465222751777 0
1595097006254 0.35205579504907053 0
1595098894827 0.3522822506734754 0
1595100778608 0.3536426030810179 0
1595102668251 0.3530061835875968 0
1595104567418 0.35073716772719526 0
1595106469391 0.3533823238778116 0
1595108375770 0.35147891143832805 0
1595110278184 0.3518079720881799 0
1595112179527 0.3523306928507186 0
1595114075510 0.3526142279901555 0
1595115967952 0.3519421218175818 0
1595117867059 0.3513630412248875 0
1595119772714 0.3523383706401898 0
1595121677680 0.3511637961314052 0
1595123587907 0.3530385089184311 0
1595125477689 0.34967645552162424 0
1595127379401 0.3523672316925008 0
1595129277204 0.3531425735543898 0
1595131169476 0.3531482691537702 0
1595133069048 0.35305075814606934 0
1595134679214 0.3520294499418768 0
1595135954245 0.3517289265365387 0
