1594920945444 0.34758306629020935 0
1594923267510 0.17880979375717868 0
1594925574332 0.3607636890488863 0
1594927895699 0.3595160472965699 0
1594930206858 0.36089222766329737 0
1594932516923 0.3508862947322687 0
1594934838035 0.3630277140314088 0
1594937156508 0.3621804936556254 0
1594939442898 0.3626074804177339 0
1594941759265 0.3609434999521292 0
1594944058474 0.3609637233881008 0
1594946360123 0.36194919189946134 0
1594948662590 0.36215996890143104 0
1594950977386 0.3611624297428059 0
1594953280216 0.3606531814695821 0
1594955602586 0.3611575378447477 0
1594957897529 0.3599895933518649 0
1594960213970 0.36208728133728785 0
1594962533411 0.36099023519745516 0
1594964833979 0.36055691392681244 0
1594967113292 0.36126591113394935 0
1594969420237 0.3610107159138647 0
1594971721852 0.3602254299531797 0
1594974013731 0.3607007821233026 0
1594976304836 0.3619355118567025 0
1594978600882 0.3607119842319499 0
1594980885726 0.36012882506803834 0
1594983184213 0.3611699702153024 0
1594985489856 0.36091792058015193 0
1594987796142 0.36091870895252065 0
1594990106247 0.36082477037315225 0
1594992416154 0.3613436482893821 0
1594994737103 0.35993513541726146 0
1594997065787 0.3605655999276685 0
1594999381024 0.3594659886466672 0
1595001722135 0.3616476712101709 0
1595004050945 0.3591689134230756 0
1595006367772 0.36107696613827417 0
1595008683447 0.35984693737205736 0
1595011010859 0.3608726530822784 0
1595013317241 0.3616552423890689 0
1595015644860 0.3607510973604789 0
1595017965346 0.360022827418681 0
1595020284053 0.36205070129626377 0
1595022560561 0.3611593098910389 0
1595024848555 0.36053989171025946 0
1595027136961 0.3614161609434934 0
1595029438569 0.3591129106137567 0
1595031716634 0.3613314486817059 0
1595034000277 0.3605207205029272 0
1595036286272 0.3588277004208006 0
1595038564148 0.36141564920940805 0
1595040848748 0.3611082775365999 0
1595043139708 0.36126479776298265 0
1595045436785 0.3608539698138588 0
1595047753097 0.3613646898043121 0
1595050058057 0.36104842266583065 0
1595052359095 0.35942082900555067 0
1595054668866 0.3620076205741974 0
1595056973098 0.36004398363889156 0
1595059279520 0.3607830394370046 0
1595061592278 0.3618894723487105 0
1595063902822 0.36185408346489795 0
1595066210525 0.3589923140331564 0
1595068528186 0.36133037788270944 0
1595070836919 0.3621673102985663 0
1595073148437 0.3616861969167262 0
1595075450055 0.36141884293184195 0
1595077731841 0.3616444179476634 0
1595079822170 0.3612991125436858 0
1595081793675 0.36164561280692814 0
1595083751331 0.3595471779088368 0
1595085672464 0.3607045594323309 0
1595087564888 0.3610935674569064 0
1595089440258 0.3616835297763384 0
1595091330141 0.36120253267757746 0
1595093222666 0.3613820277785613 0
1595095114977 0.3614688679914634 0
1595097006252 0.36087114197821063 0
1595098894824 0.36102021280227226 0
1595100778605 0.3623228204277676 0
1595102668249 0.36186396950662053 0
1595104567416 0.35992486351495007 0
1595106469389 0.3619993760730018 0
1595108375767 0.35993876003117325 0
1595110278181 0.36076904518115044 0
1595112179525 0.36119573896131413 0
1595114075507 0.36119103977575784 0
1595115967950 0.3610564077399914 0
1595117867057 0.36041514537267644 0
1595119772712 0.3613681713900164 0
1595121677678 0.3603200374525314 0
1595123587904 0.36145878379568974 0
1595125477687 0.35865724461398013 0
1595127379399 0.3610788028371035 0
1595129277201 0.3615676192928175 0
1595131169474 0.3618603563126141 0
1595133069046 0.3618164432350364 0
1595134679212 0.3608127714780851 0
1595135954243 0.3605561987680896 0
