1594920945466 0.5595860075426665 0
1594923267516 0.2510898627572892 0
1594925574339 0.6891974250819947 0
1594927895706 0.7093849923131752 0
1594930206864 0.6613527836034733 0
1594932516930 0.6368752720785894 0
1594934838041 0.703709806891991 0
1594937156516 0.6572170413950965 0
1594939442904 0.6899487204814222 0
1594941759272 0.6688685501037726 0
1594944058479 0.6637098034188575 0
1594946360138 0.6989067715378399 0
1594948662596 0.7080857167744449 0
1594950977392 0.7057211093610288 0
1594953280221 0.7055173947652337 0
1594955602591 0.7114786613334632 0
1594957897535 0.680542912636108 0
1594960213976 0.7000410987694319 0
1594962533418 0.6971341776662612 0
1594964833985 0.7014628318699302 0
1594967113298 0.707122966539513 0
1594969420243 0.7047966664561376 0
1594971721859 0.7061397990337839 0
1594974013738 0.7039257163373633 0
1594976304842 0.7081460692994775 0
1594978600887 0.7028379870178876 0
1594980885735 0.6979426798279073 0
1594983184218 0.7080830626252498 0
1594985489863 0.7010150393102217 0
1594987796148 0.705684272509549 0
1594990106253 0.7036939431384235 0
1594992416161 0.7096082429863906 0
1594994737109 0.6971045450926088 0
1594997065793 0.6991074113128453 0
1594999381030 0.6913574179243391 0
1595001722144 0.7179146047940126 0
1595004050951 0.6979887426009604 0
1595006367778 0.6973267658503093 0
1595008683453 0.6936650777575631 0
1595011010865 0.7005583968332011 0
1595013317247 0.7091817671736699 0
1595015644867 0.701200857264386 0
1595017965352 0.6830997269061704 0
1595020284070 0.7079148951144594 0
1595022560566 0.696402710200138 0
1595024848560 0.7052000254216735 0
1595027136985 0.7092098437486067 0
1595029438576 0.6855783164097585 0
1595031716639 0.7068308745598002 0
1595034000282 0.6987495913064873 0
1595036286279 0.673640900627777 0
1595038564166 0.7113464936767708 0
1595040848755 0.707698874632365 0
1595043139713 0.7082751031482477 0
1595045436791 0.6988995868612826 0
1595047753102 0.710018111128405 0
1595050058062 0.6954817984131587 0
1595052359101 0.6886079657008297 0
1595054668871 0.7104574370528363 0
1595056973103 0.6950501706265586 0
1595059279526 0.7035345989926761 0
1595061592285 0.7114238747311911 0
1595063902827 0.7066055577112562 0
1595066210531 0.6775221063634559 0
1595068528193 0.7111899052817803 0
1595070836925 0.7061574257121329 0
1595073148444 0.7138541635467882 0
1595075450060 0.7121562042760589 0
1595077731848 0.7080692567069515 0
1595079822176 0.7097818773368679 0
1595081793680 0.7065680318408074 0
1595083751346 0.6906632367143135 0
1595085672471 0.7076597493796883 0
1595087564894 0.7034524037647095 0
1595089440274 0.7141240016242878 0
1595091330148 0.7020063498017582 0
1595093222672 0.7074727136541243 0
1595095114980 0.705087007778868 0
1595097006258 0.7159375394039132 0
1595098894830 0.7087727735202499 0
1595100778611 0.7121513778691412 0
1595102668255 0.70242918018376 0
1595104567422 0.694983014532135 0
1595106469395 0.7101468299180771 0
1595108375773 0.6901879872029255 0
1595110278187 0.6997047501545185 0
1595112179531 0.6996829712525131 0
1595114075513 0.7104176888469447 0
1595115967956 0.7004761907181367 0
1595117867062 0.6973996679692591 0
1595119772718 0.6980831269065791 0
1595121677684 0.704400118678841 0
1595123587911 0.7079964047420011 0
1595125477693 0.6894827338108015 0
1595127379406 0.7110255671210197 0
1595129277208 0.7091129366478489 0
1595131169481 0.7137414335945977 0
1595133069052 0.695082846948718 0
1595134679217 0.7048362349786277 0
1595135954247 0.7002765215566956 0
