1591675021204 0.4677797515018457 0
1591675447407 0.5832217771115318 0
1591675872701 0.40420184952537097 0
1591676298671 0.5655219021944139 0
1591676724509 0.5735608009164902 0
1591677150141 0.6044112116329359 0
1591677575881 0.49405963960729155 0
1591678001700 0.5860205123258128 0
1591678426979 0.6050345916137188 0
1591678854034 0.6394656908902234 0
1591679280064 0.5732196335468975 0
1591679706809 0.5901682489227296 0
1591680132192 0.5993702986385055 0
1591680559041 0.6037186500035152 0
1591680984459 0.5998301282218904 0
1591681410100 0.5973243678529989 0
1591681835316 0.6314625443187761 0
1591682261182 0.6255685633749772 0
1591682686421 0.5824526238336717 0
1591683112288 0.6241139006428548 0
1591683537259 0.6176425745874643 0
1591683963202 0.6299936260476003 0
1591684387607 0.6278117702031655 0
1591684813698 0.6341693518070807 0
1591685238801 0.6274199797588849 0
1591685665189 0.6188453742036293 0
1591686089832 0.6271803914206419 0
1591686515961 0.6293208269529531 0
1591686940398 0.6317158423588809 0
1591687365461 0.6305875910416031 0
1591687790080 0.6273923237590104 0
1591688216393 0.6287493521113404 0
1591688640929 0.6301660711411712 0
1591689067014 0.6306031741746035 0
1591689492976 0.6290042172939508 0
1591689918722 0.6292443705082869 0
1591690343542 0.6296639168441134 0
1591690768297 0.6301533424911266 0
1591691193009 0.6304651103941213 0
1591691618895 0.6304468456790644 0
1591692043725 0.6304468456790644 0
1591692469139 0.6302856245738001 0
1591692894009 0.6299003631297297 0
1591693319663 0.6297613768937191 0
1591693744279 0.6300628954508155 0
1591694171052 0.6293808598625199 0
1591694595050 0.6291917641888136 0
1591695020767 0.6296073856472031 0
1591695445267 0.6295498929930131 0
1591695871040 0.6296547235356016 0
1591696294428 0.6296634721182446 0
