1591675021198 0.5525427479763326 0
1591675447400 0.674866508783062 0
1591675872694 0.46262634601869346 0
1591676298665 0.6525787223174019 0
1591676724503 0.6626255733931248 0
1591677150135 0.7025605056836497 0
1591677575874 0.5653555855541186 0
1591678001694 0.6781410116683009 0
1591678426972 0.6983669398445581 0
1591678854028 0.7271444777166925 0
1591679280057 0.6542548414643099 0
1591679706801 0.6688187187045839 0
1591680132185 0.686996146160141 0
1591680559034 0.6981783752120968 0
1591680984452 0.681248600728142 0
1591681410093 0.6852361520743201 0
1591681835310 0.7243750637276726 0
1591682261174 0.7196415013223446 0
1591682686414 0.6618617332681559 0
1591683112281 0.7103040551288127 0
1591683537253 0.7060204754747368 0
1591683963195 0.7213199594279023 0
1591684387600 0.71906988749541 0
1591684813691 0.7270350929050832 0
1591685238795 0.7176886027979464 0
1591685665182 0.7107093502947339 0
1591686089825 0.7199910862201592 0
1591686515951 0.7206550948079118 0
1591686940386 0.7225038183164995 0
1591687365454 0.7218357890146061 0
1591687790073 0.7181109791017871 0
1591688216383 0.7204285235588562 0
1591688640922 0.723041898846454 0
1591689067007 0.7224414267117008 0
1591689492969 0.7211138536686006 0
1591689918714 0.7215334901806678 0
1591690343536 0.7222481259176512 0
1591690768290 0.7226006745449076 0
1591691193002 0.7227091091653091 0
1591691618884 0.7220589026209329 0
1591692043718 0.7220589026209329 0
1591692469133 0.7224185194021182 0
1591692894001 0.7224185194021182 0
1591693319656 0.7225511935544003 0
1591693744272 0.722562694719304 0
1591694171046 0.7221002102602797 0
1591694595044 0.7219279427917338 0
1591695020760 0.7220659696800491 0
1591695445261 0.7219675361079976 0
1591695871033 0.7221523879941183 0
1591696294422 0.722159815593719 0
