1591675021180 0.2988708754334832 0
1591675447380 0.35443472565925704 0
1591675872675 0.2472397853644227 0
1591676298645 0.40898313737093034 0
1591676724482 0.3680651902252198 0
1591677150117 0.4047051893119101 0
1591677575856 0.3123213223358226 0
1591678001675 0.4299336015383597 0
1591678426955 0.46886981013297785 0
1591678854009 0.5205472132880842 0
1591679280039 0.4281874700823567 0
1591679706781 0.42916186676751994 0
1591680132168 0.46286082069794765 0
1591680559014 0.44111823835000424 0
1591680984432 0.41241463061559586 0
1591681410070 0.45843798375374956 0
1591681835293 0.5179426886039556 0
1591682261155 0.5230871629719636 0
1591682686396 0.43044053933972154 0
1591683112261 0.4799754603916638 0
1591683537235 0.5129238332185606 0
1591683963176 0.5005100235677578 0
1591684387581 0.5077167998953185 0
1591684813673 0.5305606203706505 0
1591685238774 0.5140512417910417 0
1591685665160 0.5079340744820542 0
1591686089805 0.5130486576282567 0
1591686515931 0.5169292761000053 0
1591686940367 0.521327773857195 0
1591687365437 0.5213651955823221 0
1591687790053 0.5123737878870169 0
1591688216357 0.5178813323379888 0
1591688640904 0.5183085707239514 0
1591689066974 0.5168407382143585 0
1591689492951 0.5163722677731964 0
1591689918692 0.5168934283549622 0
1591690343517 0.5173535473301571 0
1591690768272 0.5173246056190137 0
1591691192984 0.5175478249351925 0
1591691618864 0.5177351469761806 0
1591692043690 0.5180864552023967 0
1591692469112 0.518102991195895 0
1591692893982 0.5183542383472561 0
1591693319637 0.5181002852774415 0
1591693744253 0.5179631296260996 0
1591694171028 0.5181237637435523 0
1591694595025 0.5179804622114436 0
1591695020744 0.5177884442088033 0
1591695445243 0.5181834529557028 0
1591695871010 0.5177093571631172 0
1591696294398 0.5179394473354851 0
