1591675021196 0.5655055157348727 0
1591675447397 0.6893217976543162 0
1591675872692 0.47108678315959296 0
1591676298662 0.6668485177742347 0
1591676724500 0.6789876093169025 0
1591677150133 0.7183277282773588 0
1591677575871 0.5771969902387508 0
1591678001692 0.6911820428923805 0
1591678426970 0.710630998462901 0
1591678854025 0.7380991962458945 0
1591679280055 0.6660653282760204 0
1591679706798 0.680370222530774 0
1591680132183 0.699767742612684 0
1591680559031 0.7123569532200367 0
1591680984450 0.6927402166132737 0
1591681410090 0.6997831240353027 0
1591681835308 0.7374150382676969 0
1591682261172 0.7325783441422403 0
1591682686412 0.6735357821753893 0
1591683112279 0.7225983377249754 0
1591683537250 0.7184544903939734 0
1591683963193 0.7335620431002495 0
1591684387598 0.7304559945486072 0
1591684813689 0.7389904091744325 0
1591685238792 0.7303301403876513 0
1591685665178 0.7235443219441633 0
1591686089823 0.7304274199984849 0
1591686515949 0.7323464965401637 0
1591686940383 0.7343392067285149 0
1591687365452 0.7352528278904987 0
1591687790071 0.7313204723053587 0
1591688216380 0.73377227945636 0
1591688640920 0.7360608327195959 0
1591689067004 0.7354890799335217 0
1591689492967 0.7341408489215994 0
1591689918711 0.7342656839488717 0
1591690343533 0.7352776322448307 0
1591690768287 0.7356226393939577 0
1591691193000 0.735749788052681 0
1591691618881 0.7350995815083048 0
1591692043711 0.7350995815083045 0
1591692469131 0.7354387734528886 0
1591692893999 0.7354387734528888 0
1591693319653 0.7355714476051713 0
1591693744270 0.7355829487700747 0
1591694171044 0.7351204643110499 0
1591694595041 0.7349481968425046 0
1591695020758 0.7350862237308196 0
1591695445259 0.7349877901587683 0
1591695871030 0.7351726420448887 0
1591696294420 0.7351800696444893 0
