1591674990648 0.2887271070611966 0
1591675423322 0.24451199329049805 0
1591675848430 0.23510223236933867 0
1591676274374 0.2292275475308722 0
1591676700248 0.22504131383136244 0
1591677126148 0.2223794913442353 0
1591677551826 0.21535934512547514 0
1591677977626 0.20816062404906335 0
1591678402948 0.20501672873737684 0
1591678829996 0.2032118779533669 0
1591679256058 0.20390913924584253 0
1591679682875 0.2006902527827946 0
1591680108162 0.2006750258173476 0
1591680535046 0.20147776740018503 0
1591680960263 0.19533863677775445 0
1591681386095 0.1951418394452014 0
1591681811298 0.1888498720780532 0
1591682237294 0.1892411381194268 0
1591682662339 0.18774081179020158 0
1591683088251 0.18622028221279288 0
1591683513284 0.18696221234482546 0
1591683939202 0.18629718254605301 0
1591684363689 0.18756447271781765 0
1591684789773 0.18648570597359812 0
1591685214904 0.18498604154737214 0
1591685641080 0.18495216453301042 0
1591686065833 0.18454392672713246 0
1591686492027 0.18423507736308342 0
1591686916522 0.18566024829912636 0
1591687341530 0.18647145115614688 0
1591687766119 0.18477178917322248 0
1591688192539 0.18372112601901455 0
1591688617024 0.18475403709554522 0
1591689043035 0.1839844358362234 0
1591689468997 0.18346393512626552 0
1591689894784 0.1848260589202496 0
1591690319599 0.1844902942515322 0
1591690744263 0.18478556658943368 0
1591691169007 0.18544817953267684 0
1591691594953 0.18390909857366364 0
1591692019691 0.18570187542152705 0
1591692445216 0.18480687031422505 0
1591692869990 0.18374863290448293 0
1591693295656 0.1850811200281047 0
1591693720312 0.18415604879615435 0
1591694147007 0.18309643328753933 0
1591694571110 0.18656478154734482 0
1591694996892 0.1853232292534801 0
1591695421303 0.1838016702737718 0
1591695847240 0.18490999908853403 0
1591696270505 0.18483895853114804 0
