1591674990653 0.16063598733783144 0
1591675423331 0.1068881588873427 0
1591675848437 0.09762885105393662 0
1591676274385 0.09180133539466452 0
1591676700257 0.08841807624378038 0
1591677126157 0.0864598662577781 0
1591677551833 0.08412727480901153 0
1591677977634 0.07733118876062733 0
1591678402956 0.07614012573161148 0
1591678830006 0.07542388816878247 0
1591679256065 0.07327919870567999 0
1591679682883 0.0735982782339636 0
1591680108171 0.07258025172522016 0
1591680535053 0.07276814989158031 0
1591680960274 0.0686807072830125 0
1591681386105 0.06762983481919728 0
1591681811307 0.06532758988487043 0
1591682237302 0.06572974016684274 0
1591682662349 0.06344378951713678 0
1591683088257 0.06391393322767895 0
1591683513289 0.06419766630848124 0
1591683939211 0.06380214515709162 0
1591684363699 0.0625884653383437 0
1591684789780 0.06226351109189378 0
1591685214912 0.061576059934233644 0
1591685641090 0.061637794205254934 0
1591686065848 0.06143573418330131 0
1591686492036 0.06205477806436903 0
1591686916530 0.062017249865956865 0
1591687341544 0.06180097204442092 0
1591687766126 0.06124871468012829 0
1591688192546 0.06334913439155565 0
1591688617034 0.061908370994430986 0
1591689043047 0.06245696631022244 0
1591689469005 0.06172498554719923 0
1591689894792 0.061731238294193046 0
1591690319610 0.06261094219465549 0
1591690744270 0.06176209227660853 0
1591691169018 0.061262604225227134 0
1591691594959 0.06190660973123571 0
1591692019699 0.0611631492276203 0
1591692445224 0.06019397213326456 0
1591692870003 0.06191672011622307 0
1591693295663 0.06047684094671759 0
1591693720320 0.06030201912513855 0
1591694147019 0.06231112838708076 0
1591694571119 0.06100181811004407 0
1591694996898 0.061942182469537206 0
1591695421310 0.061142519128153376 0
1591695847248 0.0622531517059175 0
1591696270515 0.06206427970519201 0
