1591674990662 0.9451108984766698 0
1591675423336 0.8103633172786574 0
1591675848443 0.7772503320938593 0
1591676274391 0.7574921868600492 0
1591676700266 0.7440349464466331 0
1591677126165 0.7356108171683192 0
1591677551840 0.7216062982234669 0
1591677977640 0.6961551343299425 0
1591678402961 0.6898611842093502 0
1591678830014 0.6864111850196819 0
1591679256074 0.6813798221621415 0
1591679682893 0.6783712408167518 0
1591680108180 0.6748353291643718 0
1591680535061 0.6762710599234616 0
1591680960281 0.6588104009299248 0
1591681386113 0.655500267100541 0
1591681811313 0.6449591565336621 0
1591682237310 0.6435507482522952 0
1591682662357 0.637406404679553 0
1591683088264 0.6378145060187634 0
1591683513295 0.6376547306211965 0
1591683939220 0.6350718646101677 0
1591684363708 0.6333506332375461 0
1591684789788 0.6299055290793301 0
1591685214921 0.6288518439508293 0
1591685641098 0.6279434216229322 0
1591686065857 0.6278681093973786 0
1591686492045 0.6291844394140251 0
1591686916538 0.6292539541536137 0
1591687341554 0.6319846031123814 0
1591687766131 0.6292091352506672 0
1591688192554 0.6293246477125477 0
1591688617042 0.6281376562142974 0
1591689043055 0.6297411942084787 0
1591689469010 0.627149050185686 0
1591689894798 0.6286376562051781 0
1591690319615 0.6300698842101199 0
1591690744276 0.6282780591974311 0
1591691169027 0.6290362085383209 0
1591691594967 0.6270891712737572 0
1591692019707 0.6305708655740843 0
1591692445229 0.6273997562529067 0
1591692870011 0.6277302821645695 0
1591693295671 0.6274498096999216 0
1591693720327 0.6247855582882648 0
1591694147029 0.6260991484714137 0
1591694571125 0.630744706322248 0
1591694996906 0.6294369654912114 0
1591695421317 0.6262159935706986 0
1591695847255 0.631078250418279 0
1591696270521 0.6292243609763094 0
