1593108385757 0.5727084011737646 0
1593109208185 0.6796436180283785 0
1593110020701 0.6504905213343279 0
1593110849393 0.6855770819326995 0
1593111664695 0.7029626365713149 0
1593112483098 0.7222197743024242 0
1593113136181 0.6878853150224711 0
1593113761075 0.6259035013353024 0
1593114386848 0.6910612154461966 0
1593115011083 0.7107265617830939 0
1593115636301 0.7186644438080544 0
1593116263329 0.7215007096991063 0
1593116886792 0.6977948634744569 0
1593117514604 0.7062268425549527 0
1593118140507 0.7254175291675936 0
1593118768963 0.7145764574179588 0
1593119394271 0.6984568634649986 0
1593120022665 0.7564393339980106 0
1593120648709 0.7097027098708385 0
1593121275897 0.7304632066646137 0
1593121901816 0.7336117403593159 0
1593122545025 0.7167407696100995 0
1593123171606 0.7429127377595536 0
1593123799424 0.734078280058943 0
1593124425724 0.7371448085902372 0
1593125054079 0.7585094800985991 0
1593125681447 0.7356712311798128 0
1593126306060 0.7497481599995095 0
1593126932876 0.7333088171389293 0
1593127560971 0.7294985769825221 0
1593128188161 0.7488876025286382 0
1593128815127 0.7500747583645938 0
1593129441851 0.7478166813791769 0
1593130068167 0.7532527690888041 0
1593130695923 0.7488842923357094 0
