1593108385748 0.19751333758486045 0
1593109208176 0.26591950504576456 0
1593110020697 0.2781306635517983 0
1593110849383 0.28236012595509236 0
1593111664691 0.3227122833020687 0
1593112483094 0.31764606579288246 0
1593113136177 0.2753192794000991 0
1593113761072 0.2450223864614735 0
1593114386844 0.2855294855244266 0
1593115011080 0.30772731512570956 0
1593115636297 0.3193291514772379 0
1593116263325 0.3367064905748112 0
1593116886788 0.31068948060639423 0
1593117514600 0.3246126684832022 0
1593118140501 0.3205932567766976 0
1593118768959 0.3296111505583899 0
1593119394266 0.3177511746537996 0
1593120022660 0.46883401517751194 0
1593120648704 0.34270708853377996 0
1593121275893 0.36075990218271353 0
1593121901813 0.3603730035922139 0
1593122545021 0.3594682272613056 0
1593123171602 0.4143462988665676 0
1593123799420 0.41065229915635615 0
1593124425720 0.3533752511225854 0
1593125054075 0.4431514440520946 0
1593125681443 0.404274470830599 0
1593126306053 0.4184401188934541 0
1593126932872 0.3735505846919221 0
1593127560967 0.40917024365640275 0
1593128188157 0.4431118230360495 0
1593128815124 0.43839931097748946 0
1593129441847 0.4108342624541011 0
1593130068164 0.43064671122916065 0
1593130695918 0.4344388070685124 0
