1593108385749 0.18845683443656314 0
1593109208178 0.2529995057602127 0
1593110020698 0.26440665114816997 0
1593110849384 0.2689261613319133 0
1593111664692 0.3077098165983171 0
1593112483095 0.30442096006401176 0
1593113136178 0.2635786606370001 0
1593113761072 0.23568006045901832 0
1593114386845 0.27223859452134697 0
1593115011080 0.29416751869800445 0
1593115636298 0.3050387863162697 0
1593116263326 0.32257415798832356 0
1593116886789 0.297553988452563 0
1593117514601 0.3118062545311603 0
1593118140502 0.3080133714057764 0
1593118768960 0.3151767794363505 0
1593119394267 0.30547294541471837 0
1593120022661 0.4459973130680298 0
1593120648705 0.3302830822907559 0
1593121275894 0.3434707058747986 0
1593121901814 0.3449029917300919 0
1593122545022 0.34485104811822237 0
1593123171602 0.39402723825036073 0
1593123799421 0.3916380628805703 0
1593124425720 0.3367024026469063 0
1593125054076 0.4218114934723905 0
1593125681444 0.3876274786126738 0
1593126306055 0.4006141393350432 0
1593126932873 0.3580975520717444 0
1593127560968 0.39124057948756036 0
1593128188158 0.42311131900287235 0
1593128815124 0.4185407104546923 0
1593129441848 0.3933653038418292 0
1593130068164 0.41309409402901 0
1593130695919 0.4144106306994359 0
