1593108385768 0.4719979871253852 0
1593109208193 0.581229934144814 0
1593110020704 0.555173156089182 0
1593110849397 0.587407833776391 0
1593111664697 0.6137724916971511 0
1593112483100 0.6312629182083835 0
1593113136184 0.5942474901789137 0
1593113761077 0.5429142765449556 0
1593114386850 0.5900800369431743 0
1593115011085 0.6161683482178457 0
1593115636303 0.6252797760655938 0
1593116263331 0.6299738078883231 0
1593116886795 0.6066468596881621 0
1593117514606 0.6106067660114324 0
1593118140510 0.6347311265135683 0
1593118768966 0.6221191293740241 0
1593119394274 0.6125971432308114 0
1593120022667 0.6722599075562274 0
1593120648712 0.6282849176954801 0
1593121275899 0.6375810524719878 0
1593121901819 0.6495067508800556 0
1593122545027 0.6304616315281234 0
1593123171608 0.655296444648005 0
1593123799426 0.6458087543451856 0
1593124425726 0.64303606460921 0
1593125054081 0.6654753457010801 0
1593125681449 0.6500605834349127 0
1593126306063 0.6596420344971256 0
1593126932878 0.6496690694309541 0
1593127560974 0.6467551962023717 0
1593128188163 0.6628441775881287 0
1593128815130 0.6613300740432826 0
1593129441853 0.6620150598106221 0
1593130068169 0.6608181258229298 0
1593130695925 0.6607980389560584 0
