1593108385754 0.5951503192382716 0
1593109208183 0.6957741269705391 0
1593110020700 0.6672033199129938 0
1593110849392 0.7030330984141709 0
1593111664694 0.7171881661488513 0
1593112483097 0.7387035623641065 0
1593113136180 0.7046317279089885 0
1593113761074 0.6403941244392066 0
1593114386847 0.7066482167924427 0
1593115011082 0.7238979810440309 0
1593115636300 0.7343572375220856 0
1593116263328 0.737749287286807 0
1593116886791 0.7136757401967464 0
1593117514603 0.72140812563468 0
1593118140506 0.7412831410434911 0
1593118768962 0.7268032512188776 0
1593119394270 0.7116530773676097 0
1593120022664 0.7706195749632168 0
1593120648708 0.7232735532931596 0
1593121275896 0.7475620926648849 0
1593121901816 0.748138196020371 0
1593122545024 0.7313714532791089 0
1593123171605 0.7575896220299518 0
1593123799423 0.7470010695587153 0
1593124425723 0.7518083389119414 0
1593125054078 0.7718376118781594 0
1593125681446 0.7494233633694384 0
1593126306059 0.7642042697890125 0
1593126932875 0.7466474641605272 0
1593127560970 0.744536501108738 0
1593128188161 0.7634131196498593 0
1593128815126 0.7626405614730942 0
1593129441850 0.7608205397116968 0
1593130068167 0.7692377516062158 0
1593130695922 0.7614066985714186 0
