1593108385747 0.20325980109408995 0
1593109208173 0.27288160053996613 0
1593110020695 0.28532271804134707 0
1593110849382 0.2897517793224516 0
1593111664690 0.33148982468484106 0
1593112483093 0.32747604387192314 0
1593113136177 0.2822051438685642 0
1593113761071 0.2517697975973096 0
1593114386843 0.2929485743324547 0
1593115011079 0.31757289634052094 0
1593115636296 0.3284177027851018 0
1593116263325 0.3469076692741031 0
1593116886787 0.3205936188780091 0
1593117514599 0.33522008570342043 0
1593118140500 0.3302619163732891 0
1593118768958 0.3385249785528542 0
1593119394265 0.32695107821354324 0
1593120022659 0.48510499414958036 0
1593120648703 0.35208143954711457 0
1593121275893 0.3704162191911477 0
1593121901812 0.3693157668845866 0
1593122545020 0.37014118087675435 0
1593123171601 0.4269994861703435 0
1593123799420 0.4225825874850203 0
1593124425719 0.36291283072399483 0
1593125054074 0.45546180396319563 0
1593125681443 0.4147275999899272 0
1593126306052 0.4307909674545446 0
1593126932871 0.3829109929557911 0
1593127560965 0.4206821971693648 0
1593128188157 0.45706341076237655 0
1593128815123 0.4516700698543435 0
1593129441846 0.42222738694022754 0
1593130068163 0.44263387242965113 0
1593130695917 0.44600158849582056 0
