1593108385743 0.20929883994293866 0
1593109208166 0.2818852177365121 0
1593110020692 0.29428771448572966 0
1593110849379 0.3013288619932979 0
1593111664688 0.34190502765123604 0
1593112483091 0.33876654075005846 0
1593113136174 0.2906341874126464 0
1593113761069 0.25890710622349145 0
1593114386841 0.3023253103156925 0
1593115011077 0.32833006429787254 0
1593115636294 0.33966528260093387 0
1593116263322 0.35825565685127064 0
1593116886784 0.33019980951891853 0
1593117514597 0.3454854264392453 0
1593118140496 0.3402240702708757 0
1593118768955 0.3493513527966637 0
1593119394263 0.33714959719856447 0
1593120022657 0.503425397883241 0
1593120648700 0.3621583182004976 0
1593121275890 0.38456020560936227 0
1593121901810 0.3803770169014675 0
1593122545018 0.3824398100764554 0
1593123171599 0.44232434334987153 0
1593123799418 0.4378324074152041 0
1593124425717 0.3752711823094595 0
1593125054072 0.4750441599937216 0
1593125681441 0.4304091198743814 0
1593126306050 0.44696629101335134 0
1593126932869 0.3957320731570058 0
1593127560962 0.43749480924160816 0
1593128188154 0.4746567147392912 0
1593128815121 0.4696275153798548 0
1593129441844 0.43750389308035664 0
1593130068161 0.45915717600463085 0
1593130695914 0.46188627205069843 0
