1593108385771 0.5517712852250328 0
1593109208194 0.6576306798646528 0
1593110020705 0.6304144063554383 0
1593110849399 0.6651343723017112 0
1593111664698 0.6827825763403874 0
1593112483101 0.7018092953195275 0
1593113136184 0.668285540549672 0
1593113761079 0.6075253043040482 0
1593114386851 0.6689134446510385 0
1593115011086 0.6887163056125182 0
1593115636303 0.6977217663966039 0
1593116263332 0.7011613073685076 0
1593116886795 0.6777897705387814 0
1593117514607 0.684329591235877 0
1593118140510 0.70683426701846 0
1593118768967 0.693316090997503 0
1593119394275 0.6786015724731059 0
1593120022668 0.7384746583284066 0
1593120648713 0.6922784490467419 0
1593121275900 0.7115504130389588 0
1593121901819 0.7154369903602625 0
1593122545027 0.6973271813174725 0
1593123171609 0.7247894930839491 0
1593123799427 0.713424994539249 0
1593124425727 0.7155392652226112 0
1593125054081 0.7373840207697775 0
1593125681450 0.7165578607367299 0
1593126306064 0.7293280122993274 0
1593126932879 0.7153423760165024 0
1593127560975 0.7119140396903346 0
1593128188164 0.7303048513227419 0
1593128815131 0.7302225406965327 0
1593129441854 0.7291318742579428 0
1593130068170 0.7326312006917844 0
1593130695926 0.7299058631919314 0
