1593108385746 0.2061744635923885 0
1593109208172 0.2774663480733782 0
1593110020694 0.28962134695247294 0
1593110849381 0.29486335342972436 0
1593111664690 0.33668996099555926 0
1593112483093 0.33296641592240467 0
1593113136176 0.28589404579628913 0
1593113761070 0.25595941577600717 0
1593114386842 0.29761065368321654 0
1593115011078 0.3223943218114044 0
1593115636295 0.3336137957741433 0
1593116263324 0.3519746947388578 0
1593116886786 0.32527886833007214 0
1593117514599 0.34011472474054244 0
1593118140499 0.3348779026292858 0
1593118768957 0.3433048838670582 0
1593119394264 0.3324296433244166 0
1593120022658 0.4915168192788667 0
1593120648702 0.35694529887926685 0
1593121275892 0.3765555603435033 0
1593121901811 0.37441857122372496 0
1593122545020 0.3762829978868405 0
1593123171600 0.4329229416866398 0
1593123799419 0.4299786886438085 0
1593124425718 0.36880121324715964 0
1593125054073 0.46515458688673855 0
1593125681442 0.42305660048237376 0
1593126306051 0.43788611844785136 0
1593126932871 0.3886147252831195 0
1593127560964 0.427722848669012 0
1593128188156 0.46492884424525677 0
1593128815122 0.4595910763499999 0
1593129441845 0.4285247761489323 0
1593130068162 0.45020996421254694 0
1593130695916 0.4528416783747001 0
