1593108326402 -3.664449754403904 0
1593109160621 -4.1631675591043225 0
1593109972394 -4.29388762165256 0
1593110800771 -4.371198041445688 0
1593111617255 -4.387895517682685 0
1593112435760 -4.409585436890748 0
1593113103332 -4.438842143979855 0
1593113728131 -4.45072161583371 0
1593114354078 -4.461205096989446 0
1593114978325 -4.490780926104917 0
1593115603390 -4.59354195264027 0
1593116230512 -4.560087044127144 0
1593116854044 -4.596117793981014 0
1593117481854 -4.56970467775792 0
1593118107591 -4.588842579738632 0
1593118736037 -4.604013961171873 0
1593119361501 -4.588542087987827 0
1593119990096 -4.601171038332254 0
1593120615897 -4.607798766552922 0
1593121243053 -4.614128805097249 0
1593121869003 -4.65677884794687 0
1593122512248 -4.642977950163186 0
1593123139045 -4.673016620817537 0
1593123766690 -4.652452750198515 0
1593124392933 -4.658254207863303 0
1593125021493 -4.665283424515192 0
1593125648797 -4.689399344742538 0
1593126273449 -4.692730301636567 0
1593126900082 -4.685864980163222 0
1593127528510 -4.681034257035759 0
1593128155385 -4.697452718783594 0
1593128782499 -4.707381008469824 0
1593129409098 -4.698471168668193 0
1593130035901 -4.754966865166683 0
1593130663415 -4.70415579784083 0
