1593108326398 0.2552589230013616 0
1593109160602 0.2302140472174594 0
1593109972390 0.22277045893398198 0
1593110800766 0.21860495604800456 0
1593111617251 0.21496243501138507 0
1593112435757 0.2121820722734838 0
1593113103327 0.20942523395360418 0
1593113728127 0.20776730233972723 0
1593114354074 0.20637739001011307 0
1593114978321 0.20614734596826814 0
1593115603386 0.19754069196906957 0
1593116230509 0.19657974447490592 0
1593116854041 0.19658935738896782 0
1593117481851 0.19501820985566487 0
1593118107588 0.19420874677598476 0
1593118736033 0.1941699322425958 0
1593119361498 0.19307541294079839 0
1593119990093 0.19283215401016854 0
1593120615894 0.19144687573002142 0
1593121243048 0.19171382704128823 0
1593121868996 0.1888596836731515 0
1593122512244 0.18719095237214456 0
1593123139041 0.18698438392444092 0
1593123766687 0.1865569387252132 0
1593124392930 0.18639845262761368 0
1593125021488 0.18480182818673324 0
1593125648794 0.18508526847951792 0
1593126273446 0.18451788768906033 0
1593126900078 0.1849674378578184 0
1593127528507 0.18449454940855503 0
1593128155380 0.18220891048567314 0
1593128782496 0.18166049785742705 0
1593129409094 0.1813216989747051 0
1593130035898 0.1811381959299924 0
1593130663412 0.1805039175193418 0
