1593108326401 -4.4751940938559445 0
1593109160617 -4.880955219720349 0
1593109972393 -4.977156542467348 0
1593110800770 -5.039883401357766 0
1593111617254 -5.045251861214638 0
1593112435760 -5.054006977063237 0
1593113103331 -5.072841801426628 0
1593113728130 -5.077772703134652 0
1593114354077 -5.085697198004434 0
1593114978324 -5.10793028410637 0
1593115603389 -5.18066874914097 0
1593116230511 -5.143783449223547 0
1593116854043 -5.17626102539626 0
1593117481853 -5.146424785256386 0
1593118107591 -5.161670878529549 0
1593118736036 -5.1760447079485115 0
1593119361500 -5.156364134315289 0
1593119990095 -5.167398173249129 0
1593120615897 -5.171718524260954 0
1593121243052 -5.178749101180019 0
1593121869002 -5.206502733808575 0
1593122512247 -5.188123432072726 0
1593123139044 -5.217669775540179 0
1593123766689 -5.1957587252060575 0
1593124392932 -5.199617193955364 0
1593125021492 -5.203038333943396 0
1593125648796 -5.2273444465615535 0
1593126273448 -5.22864476388151 0
1593126900081 -5.220683176860665 0
1593127528509 -5.213987910386288 0
1593128155384 -5.224743241162011 0
1593128782499 -5.232750501145016 0
1593129409097 -5.221961603471727 0
1593130035900 -5.276914669257222 0
1593130663415 -5.226466626380429 0
