1590489772858 0.47221005952355327 0
1590490202061 0.6013942276919051 0
1590490630925 0.43168409465647106 0
1590491059027 0.7065421658673403 0
1590491486671 0.7062005703031109 0
1590491915305 0.6770607370821181 0
1590492343124 0.6552664626181649 0
1590492771790 0.6872448561184334 0
1590493199300 0.7345097338994722 0
1590493628936 0.6616641378988688 0
1590494056892 0.7479659761853896 0
1590494485567 0.7494405660651173 0
1590494913681 0.7523652396222026 0
1590495342605 0.7430083164034682 0
1590495770495 0.747616431273248 0
1590496200166 0.750040514293643 0
1590496628539 0.7629808916569659 0
1590497058071 0.756063184470234 0
1590497487692 0.7552335959151317 0
1590497916339 0.7588157639263169 0
1590498346246 0.7528009877014633 0
1590498775428 0.7505869189416343 0
1590499204073 0.7545912161567885 0
1590499633139 0.7527258305844354 0
1590500061762 0.7600397384362096 0
1590500491019 0.7574242790132069 0
1590500920077 0.7562732998193124 0
1590501350219 0.7552392127865969 0
1590501778826 0.7568136641159865 0
1590502208359 0.7543471667578516 0
1590502636851 0.7541032447019494 0
1590503065340 0.7548573925917925 0
1590503494252 0.7538049393798123 0
1590503923310 0.7541078098724648 0
1590504351822 0.7548651215027364 0
1590504781333 0.7552300547258846 0
1590505209757 0.7552112773845928 0
1590505638819 0.7556706018924233 0
1590506067310 0.754931535653171 0
1590506496788 0.7553691862822239 0
1590506925497 0.7552927078422096 0
1590507354591 0.7556738340848997 0
1590507783327 0.7551643626698892 0
1590508212834 0.7552518449826031 0
1590508641179 0.7553793042562981 0
1590509071371 0.7553100090657127 0
1590509499752 0.7555248172036285 0
1590509928754 0.7554350310632247 0
1590510357086 0.7558486269943708 0
1590510785291 0.7556042216920977 0
1590511215125 0.7553487013815338 0
1590511644040 0.7551939448954166 0
1590512071332 0.75563962840323 0
1590512499677 0.7555308570840514 0
1590512927779 0.755424659124716 0
1590513356173 0.7555163152880812 0
1590513784045 0.7554424241685178 0
1590514212795 0.7554659168184793 0
1590514641232 0.7554726256163967 0
1590515070066 0.7550083760525846 0
1590515498449 0.7546592268740041 0
1590515926733 0.7549299897649594 0
1590516354667 0.7547563231249461 0
1590516782930 0.7551319323062239 0
1590517211154 0.7554882794782046 0
1590517639992 0.7554084776232546 0
1590518068574 0.7555337960917689 0
1590518497389 0.7555167273616824 0
1590518925942 0.7553251067125981 0
1590519354419 0.7554433617674509 0
1590519782588 0.7551241465696932 0
1590520211850 0.7555461079626514 0
1590520640676 0.7555679335519417 0
1590521069752 0.7554433617674505 0
1590521497735 0.7556454201678899 0
1590521926581 0.7551833181673263 0
1590522354398 0.7555128227502249 0
1590522783553 0.7550501820726512 0
1590523211751 0.7551422603240706 0
1590523640369 0.7552606964103844 0
1590524068999 0.7551679773827547 0
1590524497325 0.7555649145928784 0
1590524925487 0.7554655211714225 0
1590525354174 0.7550290493592111 0
1590525782234 0.755443361767451 0
1590526210939 0.7555559393091781 0
1590526639321 0.7556049158004621 0
1590527068303 0.7555514969970438 0
1590527497319 0.7550726930065338 0
1590527925951 0.7551331119632744 0
1590528355847 0.7550331133425646 0
