1590489772862 0.4798294090020167 0
1590490202065 0.612246507952981 0
1590490630930 0.43907267072155615 0
1590491059031 0.7235473553269842 0
1590491486675 0.7191944835215054 0
1590491915309 0.6906731226220274 0
1590492343128 0.6672486467873234 0
1590492771794 0.6982610309647915 0
1590493199304 0.7488479160891176 0
1590493628940 0.672636497740482 0
1590494056897 0.7601736253758092 0
1590494485576 0.7618419540689413 0
1590494913685 0.7655421832067462 0
1590495342609 0.7550369091952559 0
1590495770500 0.7602417984902572 0
1590496200176 0.7626029554302143 0
1590496628542 0.7761694944589644 0
1590497058075 0.7683708630207341 0
1590497487696 0.7683625861167043 0
1590497916343 0.7712385187611975 0
1590498346252 0.765507323148172 0
1590498775433 0.7630090476083363 0
1590499204077 0.7673319771022218 0
1590499633143 0.7651648258945807 0
1590500061766 0.7729654758490696 0
1590500491025 0.7704124087166844 0
1590500920081 0.7690739630956807 0
1590501350224 0.7681326616070598 0
1590501778832 0.7700479775936313 0
1590502208363 0.7670782178938335 0
1590502636855 0.7667677330117643 0
1590503065344 0.7675279829057379 0
1590503494256 0.7664103346966492 0
1590503923314 0.7667713586244428 0
1590504351826 0.7675989285237351 0
1590504781336 0.7676173863391856 0
1590505209763 0.767862718063035 0
1590505638823 0.7686192630758365 0
1590506067314 0.7678432317162328 0
1590506496792 0.7682829072478471 0
1590506925501 0.7682091881938954 0
1590507354595 0.7685916365565468 0
1590507783331 0.7681096449060719 0
1590508212838 0.7682150618642068 0
1590508641183 0.7682640527250387 0
1590509071376 0.7682195277071681 0
1590509499756 0.7684090377932972 0
1590509928762 0.7683378422220849 0
1590510357090 0.7687636660182621 0
1590510785295 0.7684806882217106 0
1590511215129 0.7682984861846623 0
1590511644044 0.7680560620517053 0
1590512071338 0.7684998339821639 0
1590512499681 0.7684284911528153 0
1590512927783 0.7683260920192797 0
1590513356178 0.768402696228839 0
1590513784049 0.7683464021881314 0
1590514212799 0.7683706269289541 0
1590514641236 0.7683486556157737 0
1590515070070 0.7679446384024522 0
1590515498452 0.7675352568733812 0
1590515926737 0.7678527446482196 0
1590516354674 0.7677615585702711 0
1590516782934 0.7679978142302081 0
1590517211158 0.7683643094775814 0
1590517639998 0.7682962847482365 0
1590518068579 0.7684028146936015 0
1590518497393 0.7684111332413969 0
1590518925946 0.7682346851086725 0
1590519354423 0.7683079127963018 0
1590519782592 0.7679643149947473 0
1590520211854 0.7684378813306473 0
1590520640680 0.7684711195985416 0
1590521069757 0.7682970077743015 0
1590521497739 0.7685214501672665 0
1590521926585 0.768101294925683 0
1590522354402 0.7683800208903517 0
1590522783557 0.7679654069337086 0
1590523211755 0.7680773157014027 0
1590523640373 0.7681367264097615 0
1590524069003 0.7680162982474377 0
1590524497329 0.7684701907581778 0
1590524925491 0.7683629230024526 0
1590525354178 0.7678798375064234 0
1590525782238 0.7683193917668275 0
1590526210943 0.7684319693085552 0
1590526639325 0.768480945799839 0
1590527068308 0.7684626743465172 0
1590527497325 0.7679487230059108 0
1590527925957 0.7680586384063783 0
1590528355851 0.7679595914615275 0
