1590489772830 0.3831729708401863 0
1590490202034 0.40649152244233616 0
1590490630901 0.375529650479918 0
1590491059002 0.5174525745953543 0
1590491486648 0.5030876888974963 0
1590491915271 0.4409041587570298 0
1590492343103 0.5010372272022415 0
1590492771766 0.5280180743260122 0
1590493199275 0.5996009098081356 0
1590493628909 0.4413293378723519 0
1590494056862 0.6000015870258997 0
1590494485533 0.6086429338707712 0
1590494913655 0.6259546195966142 0
1590495342577 0.6026819133446043 0
1590495770473 0.6171652204448711 0
1590496200135 0.619238791418668 0
1590496628516 0.6433395345544668 0
1590497058047 0.6310720171981511 0
1590497487669 0.6269781874214926 0
1590497916312 0.6280574145423643 0
1590498346213 0.6244030159770203 0
1590498775401 0.6198148556061482 0
1590499204049 0.6244406350604875 0
1590499633110 0.6237137624796437 0
1590500061740 0.6384523330237092 0
1590500490991 0.6372321028248155 0
1590500920056 0.6342983758659344 0
1590501350197 0.6315138412931243 0
1590501778797 0.636388943826188 0
1590502208333 0.6269540624959105 0
1590502636828 0.6260413143841661 0
1590503065315 0.6272290243250123 0
1590503494224 0.6276590232022927 0
1590503923289 0.6278468910037986 0
1590504351799 0.6292043230086874 0
1590504781310 0.630192872764073 0
1590505209730 0.6310284376096573 0
1590505638795 0.6322519500062224 0
1590506067284 0.6301724161669544 0
1590506496766 0.6316362215174371 0
1590506925466 0.6312384660950114 0
1590507354566 0.6317279959037184 0
1590507783306 0.6310828637543019 0
1590508212813 0.6310895986220528 0
1590508641158 0.6312771325987518 0
1590509071349 0.6317374395698238 0
1590509499731 0.6311660839370494 0
1590509928728 0.6311801886399407 0
1590510357065 0.6316636765281529 0
1590510785268 0.6314286702490498 0
1590511215100 0.6310799994030125 0
1590511644013 0.6310249574704404 0
1590512071309 0.6315278228132345 0
1590512499652 0.6314777824462007 0
1590512927756 0.6315198080469759 0
1590513356151 0.6314556686211344 0
1590513784023 0.6315627991026643 0
1590514212773 0.6314394195101951 0
1590514641210 0.6315036426970989 0
1590515070045 0.6309784118644294 0
1590515498428 0.6307865918501241 0
1590515926711 0.6308675256462787 0
1590516354626 0.6307337600665226 0
1590516782908 0.6309825497383899 0
1590517211128 0.6315070252628646 0
1590517639965 0.6314734050369374 0
1590518068550 0.6315276456681006 0
1590518497364 0.6314910156314709 0
1590518925921 0.6315720243663254 0
1590519354398 0.6312203685996902 0
1590519782561 0.6309556535576469 0
1590520211829 0.6315098664087182 0
1590520640646 0.631701377801791 0
1590521069725 0.6314158770947944 0
1590521497713 0.6314597079078551 0
1590521926544 0.631180858891923 0
1590522354374 0.6314861575364272 0
1590522783532 0.6308237168872487 0
1590523211729 0.6310499850901057 0
1590523640347 0.6309852393564641 0
1590524068978 0.6309354814220902 0
1590524497279 0.6316011618954636 0
1590524925465 0.6313809494156353 0
1590525354153 0.6308105156766602 0
1590525782207 0.6313608503675265 0
1590526210912 0.6313601940720777 0
1590526639299 0.6317056191555556 0
1590527068279 0.6316426458352523 0
1590527497296 0.6308218130391913 0
1590527925927 0.6309979189845278 0
1590528355821 0.6308717535311524 0
