1590489685811 1.155284646876465 0
1590490120013 1.0120389154897287 0
1590490548629 0.968668611422622 0
1590490977963 0.9461009062209426 0
1590491405532 0.9175167721448213 0
1590491833433 0.9039745821490796 0
1590492261612 0.8903880993113715 0
1590492690278 0.8751245612311646 0
1590493118399 0.8648078442060736 0
1590493547047 0.853017007215665 0
1590493976084 0.812608315879424 0
1590494404785 0.7949251738327319 0
1590494832962 0.7905108014441277 0
1590495261381 0.7880172736986855 0
1590495689654 0.7836480621006009 0
1590496119027 0.7740986199950325 0
1590496547805 0.7735133038822716 0
1590496977098 0.7690686036628731 0
1590497406529 0.7646421014424964 0
1590497835620 0.7645151482663564 0
1590498264830 0.7616039332685739 0
1590498694357 0.7602218747050804 0
1590499123240 0.7602592033813514 0
1590499551854 0.7557443049929199 0
1590499980978 0.7582436374239844 0
1590500409932 0.755798787694182 0
1590500839087 0.7557330820929898 0
1590501268744 0.7577443301302971 0
1590501697723 0.756630246555047 0
1590502127514 0.752066365084969 0
1590502555797 0.7529571455346762 0
1590502984320 0.7556717997780565 0
1590503413046 0.7510188212342692 0
1590503842350 0.7520651120207542 0
1590504270716 0.7520784316749791 0
1590504700174 0.7544750508538188 0
1590505128831 0.7508831335198597 0
1590505557954 0.7504640345808846 0
1590505986200 0.7539621441784872 0
1590506415881 0.7505110866505895 0
1590506844431 0.7548325636021836 0
1590507273660 0.7541753863970909 0
1590507702465 0.7531368902184554 0
1590508131892 0.7499095047851638 0
1590508560427 0.7518743254112069 0
1590508990294 0.7545454327854708 0
1590509418680 0.7529826581191558 0
1590509847898 0.7525163678198876 0
1590510276196 0.7532192005627077 0
1590510704432 0.7553112855919543 0
1590511134085 0.7503028712814024 0
1590511563171 0.7529998965473217 0
1590511990794 0.7479928103248044 0
1590512419079 0.7544318917455405 0
1590512847139 0.7524972701742805 0
1590513275416 0.7538397660996963 0
1590513703458 0.7524587558527317 0
1590514131822 0.7516516619334384 0
1590514560466 0.7507044390042329 0
1590514989361 0.7477731200475135 0
1590515417411 0.7563224631036527 0
1590515846007 0.7522341396725742 0
1590516273727 0.7533786740352416 0
1590516702111 0.7507058766025764 0
1590517130155 0.7522240386250809 0
1590517558829 0.7510069251699737 0
1590517987653 0.7528323282283791 0
1590518416541 0.7559228879812907 0
1590518845011 0.7517143569820555 0
1590519273454 0.7509670298568596 0
1590519701492 0.7497468729938804 0
1590520130702 0.7493808412560697 0
1590520559874 0.7530455500019725 0
1590520988855 0.752943829341224 0
1590521416768 0.7488224612405667 0
1590521845601 0.7531639083161862 0
1590522273669 0.7489204213640394 0
1590522702671 0.751689351841631 0
1590523130727 0.753245349157844 0
1590523559396 0.7526236083578958 0
1590523988061 0.7549226544136126 0
1590524416555 0.7534128854040211 0
1590524844570 0.7518037362079296 0
1590525273037 0.7529680150831063 0
1590525701262 0.7560767805832025 0
1590526129826 0.7520639548772539 0
1590526558400 0.7509668162698753 0
1590526987367 0.7546966265137556 0
1590527416275 0.7529641051705067 0
1590527845065 0.7521340664277768 0
1590528274322 0.7547943182069169 0
