1590479866196 0.1803977478009004 0
1590479907301 0.15025859268812033 0
1590479931819 0.13641261997131202 0
1590479957266 0.12676945729897574 0
1590479981877 0.11602304875850677 0
1590480007701 0.11705948125857574 0
1590480032835 0.10763741886386505 0
1590480059500 0.10184078090465985 0
1590480084276 0.1000665661234122 0
1590480111994 0.10161770421725053 0
1590480137493 0.08527219410126026 0
1590480165261 0.07816917277299441 0
1590480189510 0.07463808415027764 0
1590480214997 0.07250763590519245 0
