1592909350889 0.2034835831739211 0
1592909779250 0.34083368344751436 0
1592910207442 0.2639425366913358 0
1592910637569 0.47943264345195236 0
1592911067051 0.3363441955283447 0
1592911496883 0.264825501155484 0
1592911925647 0.28802366875077445 0
1592912356484 0.24725370295091684 0
1592912787156 0.1506750504790616 0
1592913217085 0.44431046728055973 0
1592913645729 0.5019725612372844 0
1592914076206 0.45625534259854417 0
1592914506373 0.29826147540312653 0
1592914936137 0.46644443300944377 0
1592915365563 0.36320569465882113 0
1592915795539 0.40686665387163 0
1592916224678 0.41532041362518246 0
1592916654731 0.44699402630278456 0
1592917083401 0.42910307577759566 0
1592917514972 0.5120121358753424 0
1592917946737 0.43780754838784375 0
1592918379099 0.5240000805952234 0
1592918810266 0.5053697248964534 0
1592919242318 0.468187964554999 0
1592919673830 0.5072773852825844 0
1592920106327 0.544585017133526 0
1592920537986 0.5000497242587535 0
1592920970497 0.502968463002503 0
1592921402209 0.49313399688409987 0
1592921834238 0.49758016874237965 0
1592922265672 0.4942371789353982 0
