1592909350910 0.5237973994214156 0
1592909779267 0.6655944326322841 0
1592910207462 0.6433070793923323 0
1592910637599 0.7058461907849638 0
1592911067075 0.6430712790460617 0
1592911496901 0.6605726973873154 0
1592911925668 0.6635711361234851 0
1592912356503 0.6454820632120769 0
1592912787174 0.14959475904374528 0
1592913217105 0.7088510400614938 0
1592913645758 0.6314484342622787 0
1592914076227 0.6999067090857846 0
1592914506395 0.6839310191945449 0
1592914936154 0.7137083205973074 0
1592915365581 0.6845120477018114 0
1592915795556 0.694384293815123 0
1592916224697 0.7165808920649773 0
1592916654750 0.7133199318805158 0
1592917083422 0.7149220448402138 0
1592917514990 0.7156824735368379 0
1592917946755 0.7023923510079857 0
1592918379118 0.7295153627860844 0
1592918810286 0.7235363474268084 0
1592919242335 0.7156201857289964 0
1592919673849 0.7230589146176105 0
1592920106349 0.7416823193761825 0
1592920538013 0.7340871989483593 0
1592920970517 0.7229051427171271 0
1592921402228 0.7294032260368966 0
1592921834256 0.7297070310227588 0
1592922265692 0.72977773280654 0
