1592909350905 0.5699021288976351 0
1592909779264 0.7140505035550104 0
1592910207458 0.6957968954077108 0
1592910637595 0.7583554385517592 0
1592911067071 0.7070979438032787 0
1592911496897 0.708841627648246 0
1592911925660 0.7085214471166691 0
1592912356499 0.6946886150524799 0
1592912787170 0.20312803398778748 0
1592913217101 0.7592244663987807 0
1592913645754 0.6743027326920581 0
1592914076224 0.7534859315585153 0
1592914506391 0.7300949322879169 0
1592914936150 0.7640881230256508 0
1592915365577 0.737015940127646 0
1592915795552 0.7450182081394787 0
1592916224693 0.765633097838516 0
1592916654745 0.7633632652861897 0
1592917083419 0.7704278408397612 0
1592917514985 0.7724082731303651 0
1592917946751 0.7476495121356614 0
1592918379114 0.7843394166311843 0
1592918810280 0.7746373938140346 0
1592919242331 0.7633165321884815 0
1592919673845 0.7753974657513264 0
1592920106346 0.7934200013626829 0
1592920538006 0.7820694623779019 0
1592920970513 0.7774157862328752 0
1592921402224 0.7816879054731487 0
1592921834252 0.7811466115329749 0
1592922265687 0.7825065910631248 0
