1592909350903 0.5863127578994506 0
1592909779262 0.7276208214532646 0
1592910207456 0.708724643103287 0
1592910637593 0.7756237438266579 0
1592911067069 0.7278493144902137 0
1592911496895 0.7210206519217 0
1592911925659 0.721073703278518 0
1592912356497 0.7072303673858639 0
1592912787168 0.2324638725034681 0
1592913217099 0.771098395041029 0
1592913645752 0.6843139431831547 0
1592914076222 0.7687871599564248 0
1592914506389 0.741738410973993 0
1592914936148 0.7734075311996651 0
1592915365575 0.7466606939097482 0
1592915795550 0.7577627091091717 0
1592916224691 0.7786086630877935 0
1592916654743 0.7778878457740237 0
1592917083416 0.7814439006001914 0
1592917514983 0.7837127221997013 0
1592917946749 0.7612910498884576 0
1592918379112 0.7941883840914835 0
1592918810278 0.7873385175614533 0
1592919242329 0.7756818173547132 0
1592919673842 0.7852088439421763 0
1592920106344 0.8036469400762555 0
1592920538004 0.794539731374059 0
1592920970511 0.7893615611918495 0
1592921402222 0.7911563667330626 0
1592921834250 0.7903966647345798 0
1592922265685 0.791371169518843 0
