1592909350885 0.20516308672689978 0
1592909779248 0.34386027563214944 0
1592910207440 0.2648354272419077 0
1592910637567 0.48563491074878945 0
1592911067048 0.3406357998792928 0
1592911496880 0.2671661819265053 0
1592911925645 0.2900245917216778 0
1592912356482 0.2481754781875952 0
1592912787154 0.16503338657272024 0
1592913217082 0.4484483417453431 0
1592913645726 0.5094549790519445 0
1592914076203 0.4634174722153726 0
1592914506370 0.3003349369386517 0
1592914936135 0.4719441314500804 0
1592915365561 0.3662549572418436 0
1592915795537 0.41141253426367996 0
1592916224676 0.4186753607292717 0
1592916654729 0.4530753660591827 0
1592917083397 0.43469915535220377 0
1592917514970 0.5168594298016591 0
1592917946735 0.4415433329622848 0
1592918379096 0.5301556393860958 0
1592918810264 0.5104943868327844 0
1592919242316 0.4732663548397118 0
1592919673828 0.5126562465279405 0
1592920106325 0.5503824318691858 0
1592920537984 0.5067061442745588 0
1592920970495 0.5093437507045072 0
1592921402208 0.49894747963674535 0
1592921834236 0.5024921886138239 0
1592922265669 0.4988198137955619 0
