1592909320974 0.2099351834890524 0
1592909754753 0.1943423423719046 0
1592910182775 0.18833440517823702 0
1592910613270 0.18575560106363345 0
1592911042537 0.18206252379141166 0
1592911472292 0.1811696496470749 0
1592911900925 0.1785110837453859 0
1592912331635 0.1771850863316798 0
1592912762031 0.17478810025552657 0
1592913192867 0.17753032084451215 0
1592913621405 0.17260825009523922 0
1592914051950 0.16972481117816055 0
1592914481738 0.16848861105195823 0
1592914911915 0.1663872116346203 0
1592915341216 0.16616849355418375 0
1592915771300 0.16377704718176003 0
1592916200341 0.16334693938944142 0
1592916630506 0.16232185292829493 0
1592917059026 0.16064829553855156 0
1592917490405 0.15819289109268478 0
1592917921958 0.15672776510268074 0
1592918354602 0.15615936607047354 0
1592918785594 0.15375079218326348 0
1592919217751 0.15356835026659954 0
1592919649290 0.1528088335576526 0
1592920081753 0.1521814773867953 0
1592920513332 0.15175830045485075 0
1592920945863 0.1503381415150628 0
1592921377579 0.15070198025901613 0
1592921809721 0.15120264595041347 0
1592922241033 0.15039868495176062 0
