1592909320971 0.2275604423445178 0
1592909754750 0.17196088930784303 0
1592910182773 0.15923685388128164 0
1592910613265 0.15197696202723146 0
1592911042533 0.14796539198991934 0
1592911472287 0.14356298793473232 0
1592911900921 0.13682880085571586 0
1592912331633 0.13513270608836817 0
1592912762028 0.1291597066752106 0
1592913192864 0.1352203927408688 0
1592913621403 0.12264512606922265 0
1592914051948 0.11908084520558716 0
1592914481733 0.11603006497213161 0
1592914911911 0.11241586321509756 0
1592915341212 0.11061766479042374 0
1592915771295 0.10763936710335145 0
1592916200338 0.10583130066618511 0
1592916630502 0.10181165178792002 0
1592917059024 0.10028799744768617 0
1592917490401 0.09789978030140063 0
1592917921955 0.09447172653253756 0
1592918354600 0.09283483526681172 0
1592918785590 0.09193923809947986 0
1592919217747 0.09019738096997179 0
1592919649284 0.08736980698946441 0
1592920081750 0.08513456156069145 0
1592920513328 0.08537896194258325 0
1592920945859 0.08454252767754292 0
1592921377575 0.08543482045138663 0
1592921809717 0.08460206202036638 0
1592922241030 0.08280301419197011 0
