1593275647936 0.19746539535737248 0
1593277308519 0.20066789752772102 0
1593278935541 0.31007708022163194 0
1593280559019 0.26793985952400506 0
1593282126720 0.32749156970772886 0
1593283226308 0.285810701045071 0
1593284335223 0.20428085108203026 0
1593285433821 0.23900192357725766 0
1593286536314 0.2387546797671352 0
1593287630192 0.29289390134592136 0
1593288730258 0.23441292094518099 0
1593289828174 0.37699375306168026 0
1593290926257 0.27227953126749654 0
1593292020974 0.2341522847371271 0
1593293117380 0.3546369108297734 0
1593294218115 0.2900700842334563 0
1593295316421 0.2986730453287029 0
1593296413867 0.20356501621819317 0
1593297513397 0.26491633280858584 0
1593298612609 0.26914700116840506 0
1593299821391 0.23086038804331477 0
1593301460736 0.3113335901981797 0
1593303111462 0.2427012939648068 0
1593304731144 0.3629174240710225 0
1593306370707 0.31634986017369027 0
1593308020709 0.32208026239048587 0
1593309656711 0.24718140298596897 0
1593311287687 0.34690103871194417 0
1593312944241 0.312015858998533 0
1593314566152 0.31763258973026015 0
1593316190819 0.3700634661545555 0
1593317850168 0.36517502790000006 0
1593319491741 0.41602264267653005 0
1593321128412 0.32762079064287797 0
1593322765386 0.4423119356229967 0
1593324409408 0.4019572995898138 0
1593326051288 0.40965617735079934 0
1593327675914 0.4814986801209573 0
1593329320303 0.42437263869362724 0
1593330968886 0.4437444381775828 0
1593332604555 0.43842533354768776 0
1593334253347 0.46031385236767236 0
1593335912279 0.42300847223776245 0
1593337550990 0.461543041784291 0
1593339191423 0.45559340408769144 0
1593340847337 0.4489719432289452 0
1593342487137 0.47580660331074404 0
1593344105579 0.47051862328119154 0
1593345745398 0.46258785712348227 0
1593347396333 0.4733534020107786 0
1593349022764 0.4722088575006957 0
1593350671312 0.47529611939841643 0
1593352311634 0.47344343664684035 0
1593353972942 0.47902387033768207 0
1593355614531 0.4677608833773666 0
1593357256679 0.4722970122385706 0
1593358900924 0.434389467276496 0
1593360524755 0.46447658770841727 0
1593362155029 0.4620725491706849 0
1593363795960 0.4786324249716384 0
1593365436765 0.46919914956554604 0
1593367061327 0.4350080959438132 0
1593368709911 0.44998946077480645 0
1593370355993 0.47581710548776895 0
1593371981834 0.49422949606829814 0
1593373638399 0.44235149175359806 0
1593375295790 0.4352112029593607 0
1593376918966 0.42818760823798285 0
1593378564281 0.4538839796899284 0
1593380213821 0.43356983617660844 0
1593381834954 0.5190596571449154 0
1593383485564 0.44492875411768634 0
1593385145839 0.46260111384254643 0
1593386551532 0.402083403107519 0
1593387949834 0.4186827456145932 0
1593389364798 0.3433964144222568 0
1593390759799 0.42006461387735666 0
1593392176955 0.36212644553505063 0
1593393568263 0.3693978437267979 0
1593394992190 0.37176807439658355 0
1593396383475 0.392695072051744 0
1593504125334 0.47079299045241335 0
1593505167245 0.28392989269894514 0
1593506101411 0.4786737003272605 0
1593507036026 0.4071520461869505 0
1593507913661 0.4771251957365268 0
1593508851899 0.46020020446688514 0
1593509794293 0.43527244212045996 0
1593510661157 0.42913833857340744 0
1593511528158 0.3693618486971244 0
1593512394268 0.4723103085442329 0
1593513260174 0.5098123780002457 0
1593514125455 0.3730017881503268 0
1593514991372 0.4455755241355626 0
1593515856843 0.4134945552521638 0
1593516723982 0.362589388401262 0
1593517588249 0.4350149007242418 0
1593518455796 0.4147710607030771 0
1593519321084 0.3164699318583057 0
1593520187199 0.3705365333981502 0
1593521053716 0.4100039506139435 0
1593521919220 0.4462452481842166 0
1593522784905 0.39100433215512737 0
1593523650192 0.37268036215304134 0
1593524517128 0.42543167560087813 0
1593525383227 0.48741071759523596 0
1593526266944 0.5090749361800563 0
