1593275647959 0.6067782027812061 0
1593277308525 0.6429343698585052 0
1593278935549 0.719138855081695 0
1593280559075 0.713626591715573 0
1593282126726 0.7234151185013354 0
1593283226314 0.7163377579068233 0
1593284335228 0.6906662257086736 0
1593285433827 0.6890015977844494 0
1593286536320 0.7009358637252369 0
1593287630198 0.6917087671267849 0
1593288730263 0.6867577486908525 0
1593289828180 0.7444840472620288 0
1593290926262 0.700808798477984 0
1593292020987 0.6433334158738692 0
1593293117385 0.5430834862983189 0
1593294218121 0.7192015849769051 0
1593295316425 0.7300845603544259 0
1593296413872 0.5531984586595716 0
1593297513404 0.7181670552416357 0
1593298612614 0.7112769271132016 0
1593299821405 0.6422783662375207 0
1593301460785 0.7219785107578331 0
1593303111474 0.7257911416441456 0
1593304731152 0.7464855715477023 0
1593306370720 0.7607796204800504 0
1593308020731 0.7435960732756811 0
1593309656717 0.6804388654129738 0
1593311287694 0.7536396419447375 0
1593312944257 0.7197993353003734 0
1593314566174 0.7145336935808297 0
1593316190862 0.7550158608125114 0
1593317850225 0.753990525220929 0
1593319491764 0.7659061388845563 0
1593321128418 0.7354358637620079 0
1593322765399 0.7744671030352426 0
1593324409414 0.7657043633179719 0
1593326051316 0.763625413837409 0
1593327675919 0.7887834919340085 0
1593329320330 0.7714861720739004 0
1593330968895 0.7716536589243733 0
1593332604574 0.7803270407774292 0
1593334253369 0.7858445635364785 0
1593335912321 0.7672612215287425 0
1593337550996 0.7797587983467628 0
1593339191429 0.7774767532841201 0
1593340847349 0.7764559250601583 0
1593342487152 0.7872453968568924 0
1593344105647 0.7842757662028649 0
1593345745409 0.7790910434241295 0
1593347396343 0.7859543382123428 0
1593349022772 0.7858079709954063 0
1593350671323 0.7863777336560142 0
1593352311670 0.7860126508270999 0
1593353972950 0.7843527759094963 0
1593355614541 0.7852469554281682 0
1593357256692 0.784637743178958 0
1593358900959 0.7735242209985299 0
1593360524771 0.780211607125046 0
1593362155036 0.7775863620356439 0
1593363795965 0.7833359033022829 0
1593365436771 0.7818272298999321 0
1593367061365 0.7745263696759904 0
1593368709965 0.7790614352810047 0
1593370356000 0.7921612355602959 0
1593371981848 0.7878073137191389 0
1593373638404 0.7833795393464578 0
1593375295805 0.7729122897639349 0
1593376918978 0.771932642208198 0
1593378564304 0.7799058671294857 0
1593380213828 0.7774697727919978 0
1593381834960 0.7878954445630549 0
1593383485656 0.7786259269352338 0
1593385145862 0.769528945596561 0
1593386551538 0.7647094033354014 0
1593387949840 0.766232444744916 0
1593389364809 0.739148800812431 0
1593390759813 0.7742295789089362 0
1593392176974 0.7484917773070756 0
1593393568268 0.7496635125319456 0
1593394992205 0.7459710052932503 0
1593396383497 0.7353295953244781 0
1593504125343 0.7671693015709271 0
1593505167250 0.6801204377580051 0
1593506101417 0.7783973250520109 0
1593507036030 0.7605290924242857 0
1593507913666 0.7663616275003764 0
1593508851913 0.7696918862813344 0
1593509794298 0.7530646621755779 0
1593510661161 0.7738749295957069 0
1593511528162 0.7608983677761225 0
1593512394273 0.7716323982662555 0
1593513260177 0.7681973539182346 0
1593514125458 0.7530448592812874 0
1593514991376 0.7512256185959179 0
1593515856847 0.7732829661441355 0
1593516723986 0.7588349548030784 0
1593517588254 0.760799752715252 0
1593518455800 0.7579806093504128 0
1593519321088 0.7194446888646593 0
1593520187204 0.7308649795107327 0
1593521053720 0.7632895075735717 0
1593521919223 0.7656101786168809 0
1593522784909 0.7602897913292906 0
1593523650197 0.7493112091038234 0
1593524517132 0.7602261346831904 0
1593525383232 0.7722515862652175 0
1593526266948 0.7828344590320363 0
