1593275647941 0.18551237992038866 0
1593277308521 0.1881511026073393 0
1593278935545 0.2889957476481934 0
1593280559054 0.24927388274426865 0
1593282126722 0.3049244014906648 0
1593283226310 0.26807833696082917 0
1593284335225 0.1902310561344344 0
1593285433824 0.22650141488223327 0
1593286536316 0.22309591885133198 0
1593287630195 0.27576612264387 0
1593288730260 0.22037663005666974 0
1593289828177 0.3529691880645965 0
1593290926259 0.2531472430273128 0
1593292020976 0.21819178253251875 0
1593293117382 0.3160024641728291 0
1593294218117 0.2720313729498423 0
1593295316423 0.28084259540600687 0
1593296413869 0.1880055640884347 0
1593297513400 0.24816433157618992 0
1593298612611 0.2541815276622287 0
1593299821395 0.21714019901000475 0
1593301460747 0.29157942209876286 0
1593303111465 0.22753582211175247 0
1593304731146 0.33716858018761564 0
1593306370715 0.2952351649769132 0
1593308020714 0.3004658890495407 0
1593309656713 0.232487034426877 0
1593311287690 0.3206901028470717 0
1593312944249 0.29126483178384954 0
1593314566156 0.297726397110483 0
1593316190824 0.34466052973759415 0
1593317850181 0.34144187791192643 0
1593319491749 0.38436622410316 0
1593321128414 0.30565334267482014 0
1593322765388 0.4083119371961451 0
1593324409410 0.3708196757943412 0
1593326051299 0.3807137006291903 0
1593327675916 0.44726570341195726 0
1593329320309 0.3933583907662912 0
1593330968889 0.4109942104904608 0
1593332604559 0.4081158822362002 0
1593334253362 0.42690479794232944 0
1593335912295 0.39351674417882504 0
1593337550993 0.42952252039561967 0
1593339191426 0.4246064278396073 0
1593340847339 0.4190303971825617 0
1593342487141 0.44075945972218195 0
1593344105581 0.4353095505381429 0
1593345745401 0.42923070647012734 0
1593347396335 0.43928438579222673 0
1593349022766 0.4391782848855245 0
1593350671319 0.44154580190695314 0
1593352311652 0.4392005260298602 0
1593353972944 0.4449471976400828 0
1593355614533 0.4342561127392588 0
1593357256681 0.4380102624812118 0
1593358900936 0.40403021106717396 0
1593360524762 0.4313050074768226 0
1593362155031 0.42712620787037353 0
1593363795962 0.44612311382114866 0
1593365436767 0.4369156922539469 0
1593367061334 0.4033170493016603 0
1593368709917 0.41710300368804754 0
1593370355995 0.440556276109985 0
1593371981837 0.4572741428422143 0
1593373638401 0.4131036048572542 0
1593375295793 0.40383762302138226 0
1593376918974 0.39580484482730793 0
1593378564290 0.4205479168023755 0
1593380213823 0.4034575479484426 0
1593381834957 0.48118276310660596 0
1593383485587 0.41567427696192427 0
1593385145842 0.4231093540297472 0
1593386551534 0.37440665108473686 0
1593387949837 0.3925980386225087 0
1593389364806 0.3204694496299224 0
1593390759802 0.3898551010937937 0
1593392176961 0.3389644912067159 0
1593393568265 0.3436645459380549 0
1593394992197 0.34759259653988933 0
1593396383478 0.36580079730399734 0
