1593275647965 0.5910613963967503 0
1593277308527 0.6281311983232715 0
1593278935554 0.7053853344549447 0
1593280559076 0.6987938262016212 0
1593282126727 0.7082840340802384 0
1593283226316 0.6989544859735437 0
1593284335229 0.6735188195746469 0
1593285433828 0.670892344198591 0
1593286536321 0.6862012473258589 0
1593287630200 0.675673559796977 0
1593288730265 0.6703017071815519 0
1593289828181 0.729330569570134 0
1593290926263 0.6852308136971413 0
1593292020990 0.6286577377984618 0
1593293117386 0.5240940647080595 0
1593294218122 0.7035321363753863 0
1593295316426 0.714677998765923 0
1593296413873 0.5355770037129353 0
1593297513406 0.7020345102688418 0
1593298612615 0.6978909188705295 0
1593299821407 0.6293131772222662 0
1593301460786 0.7073681308656875 0
1593303111478 0.7089609122916889 0
1593304731154 0.7322459107277515 0
1593306370764 0.7468233442261962 0
1593308020742 0.7309862761611321 0
1593309656720 0.6644637320277812 0
1593311287696 0.7397697824795819 0
1593312944259 0.7044174592841571 0
1593314566187 0.7043709442913756 0
1593316190863 0.7420502060576591 0
1593317850227 0.7362041708389306 0
1593319491770 0.7514330346495972 0
1593321128419 0.7200659115939783 0
1593322765401 0.7628203579021181 0
1593324409415 0.7517808698053381 0
1593326051322 0.7545920332955726 0
1593327675921 0.7765864946602693 0
1593329320342 0.7564946830303781 0
1593330968898 0.7591859949965885 0
1593332604579 0.7680140072722247 0
1593334253373 0.7727991707140777 0
1593335912326 0.7533374712062614 0
1593337550997 0.7667603937924838 0
1593339191430 0.7669613348755914 0
1593340847354 0.7636985498629737 0
1593342487160 0.7717647104381944 0
1593344105648 0.7690720664618041 0
1593345745415 0.7640552429541523 0
1593347396345 0.7718991124334409 0
1593349022775 0.7705381996344519 0
1593350671330 0.7708127414962778 0
1593352311676 0.7700781686911814 0
1593353972953 0.7700506114343068 0
1593355614545 0.7709978579006145 0
1593357256703 0.7717111912886655 0
1593358900961 0.7617305034586677 0
1593360524776 0.7655489545489369 0
1593362155039 0.7640370513454379 0
1593363795966 0.7698093525013053 0
1593365436777 0.7696240775932784 0
1593367061366 0.7619214593364915 0
1593368709966 0.7710691591822927 0
1593370356006 0.7770806641523631 0
1593371981852 0.7761477570213758 0
1593373638405 0.7743184560949694 0
1593375295809 0.7625213681643058 0
1593376918984 0.7597293964446024 0
1593378564305 0.7702990399648447 0
1593380213831 0.7627357092666773 0
1593381834961 0.775238127008063 0
1593383485668 0.768271228471273 0
1593385145866 0.7533606195171971 0
1593386551540 0.749395208658164 0
1593387949841 0.7543038687602298 0
1593389364810 0.7248514925705194 0
1593390759816 0.7605530438229291 0
1593392176978 0.7365098705899988 0
1593393568270 0.7347440705143549 0
1593394992206 0.7316849435497753 0
1593396383501 0.7243047653933935 0
1593504125345 0.7538431512744758 0
1593505167252 0.6684602429734582 0
1593506101419 0.7671992628629787 0
1593507036031 0.7497372234451283 0
1593507913667 0.7471319824592003 0
1593508851917 0.7580532422849737 0
1593509794299 0.7405838383686604 0
1593510661163 0.7586798495463265 0
1593511528162 0.7451329424466248 0
1593512394273 0.7604280798573042 0
1593513260179 0.7569111659278659 0
1593514125459 0.740140685851995 0
1593514991377 0.7393940797552813 0
1593515856848 0.758963065873446 0
1593516723987 0.7445458174020007 0
1593517588255 0.7497070427825206 0
1593518455801 0.7456486852105024 0
1593519321089 0.705587252848941 0
1593520187205 0.7177433453716271 0
1593521053720 0.7492229540411735 0
1593521919224 0.7533920558057365 0
1593522784909 0.7468119672116005 0
1593523650198 0.736483127720827 0
1593524517132 0.7439207911982367 0
1593525383232 0.7633233730654259 0
1593526266949 0.7700063637269758 0
