1593275647934 0.19911792057553726 0
1593277308518 0.20344151929581578 0
1593278935540 0.3146553427063927 0
1593280559018 0.27239718629807014 0
1593282126719 0.33342383380510227 0
1593283226307 0.28972175714859005 0
1593284335221 0.20805498018811333 0
1593285433820 0.2421255507270986 0
1593286536312 0.24214413614147476 0
1593287630191 0.29712269246673834 0
1593288730256 0.23834450762888873 0
1593289828173 0.3849288448091057 0
1593290926255 0.2771406593328179 0
1593292020972 0.23691617472494939 0
1593293117378 0.366332315558246 0
1593294218114 0.29524462397525447 0
1593295316420 0.3036656069501702 0
1593296413866 0.20724946389069138 0
1593297513396 0.26872892357873407 0
1593298612608 0.2738502310517424 0
1593299821390 0.2345287569399294 0
1593301460730 0.31793567752098084 0
1593303111461 0.2458350669294467 0
1593304731143 0.36964185393127325 0
1593306370695 0.32243789261213907 0
1593308020708 0.32709078977113343 0
1593309656710 0.2505824828230209 0
1593311287686 0.35307549883267214 0
1593312944240 0.3183477910919392 0
1593314566151 0.3236651893671498 0
1593316190818 0.3760227821673304 0
1593317850163 0.3718263351616787 0
1593319491738 0.42502449610997584 0
1593321128411 0.3336041674907463 0
1593322765385 0.45138515123582823 0
1593324409407 0.4097681747244476 0
1593326051272 0.41772900124071044 0
1593327675912 0.49386888620083846 0
1593329320298 0.4337729331943476 0
1593330968885 0.4525863985535828 0
1593332604554 0.44466828493989446 0
1593334253346 0.46926933553387795 0
1593335912275 0.43158835086948494 0
1593337550989 0.47061886814983056 0
1593339191422 0.4657945431024013 0
1593340847335 0.45692589925185245 0
1593342487136 0.48453259820763284 0
1593344105578 0.4789901366712362 0
1593345745397 0.47026362805427924 0
1593347396327 0.4823064351199056 0
1593349022763 0.4812814982472257 0
1593350671311 0.48459506683372744 0
1593352311623 0.48226526142359705 0
1593353972941 0.48955850829976066 0
1593355614529 0.476017642516293 0
1593357256677 0.4809035227697819 0
1593358900923 0.44255230055357986 0
1593360524754 0.4728800502112804 0
1593362155028 0.4704773076521266 0
1593363795959 0.48670823833043475 0
1593365436764 0.47777197242440483 0
1593367061316 0.44295229311935785 0
1593368709904 0.4565022070471167 0
1593370355991 0.4860499011727694 0
1593371981833 0.5013880982566469 0
1593373638397 0.449839878894386 0
1593375295789 0.4432863422794494 0
1593376918965 0.4359748427604941 0
1593378564280 0.4622098367865685 0
1593380213820 0.4393403672410666 0
1593381834953 0.5291016755478396 0
1593383485563 0.45200893930924074 0
1593385145838 0.472375360101388 0
1593386551530 0.4089748658869511 0
1593387949833 0.4262262847947405 0
1593389364797 0.3484120537450499 0
1593390759798 0.42684648155220845 0
1593392176954 0.3691351496411031 0
1593393568262 0.3767180596282423 0
1593394992189 0.3780888294566406 0
1593396383474 0.40001738142482945 0
1593397736855 0.3652549418341103 0
1593399249277 0.3651134485891927 0
1593400841253 0.41384650142757207 0
1593402440384 0.32724396230889924 0
1593404044487 0.38028116108051646 0
1593405638743 0.3571759058688836 0
1593407241878 0.3868633932858988 0
1593408831918 0.3599918544181501 0
1593410419228 0.33343168713646254 0
1593412012638 0.42810198352822226 0
1593413612639 0.33624802640227625 0
1593415204814 0.30546091846849854 0
1593416794570 0.30780718808311286 0
1593418385458 0.3484905494815385 0
1593419979573 0.4241601310194832 0
1593421567671 0.4109286399737917 0
1593422983970 0.38025192797176505 0
1593424296940 0.3698495695009607 0
1593425604347 0.4464826752526543 0
1593426904022 0.37694566584524375 0
1593428212765 0.35628259840382726 0
1593429512360 0.35378082838013525 0
1593430823223 0.42806191476010325 0
1593432129729 0.37421945385553806 0
1593433444151 0.44302040121022285 0
1593434756634 0.41221552468916545 0
1593436056748 0.44551763608170625 0
1593437371926 0.43332813709570267 0
1593438680607 0.49713462310541073 0
1593439989151 0.5057925379024798 0
1593441303631 0.48065560200041246 0
1593442610236 0.4633087727968219 0
1593443917028 0.4131739920176354 0
1593445231642 0.46850253418540605 0
1593446539892 0.4703200436843004 0
1593447855662 0.44227073777991066 0
1593449162790 0.5020306175888252 0
1593450474075 0.49522839147057296 0
1593451784580 0.45452617184509647 0
1593453097659 0.48225233558226 0
1593454399615 0.5202604082586721 0
1593455705876 0.5098361363072069 0
1593457012064 0.5401980903072837 0
1593458321668 0.520688362337053 0
1593459634563 0.5197375068188398 0
1593460942555 0.5235005976249631 0
1593462251666 0.5074245903708484 0
1593463560628 0.5094041178746902 0
1593464857649 0.5088326772060874 0
1593466165720 0.5069014395820696 0
1593467470728 0.5074875969635217 0
1593468779158 0.511252508479647 0
1593470082782 0.5164824837370461 0
1593471383818 0.5143675827689701 0
1593472696127 0.5207373433254733 0
1593473991467 0.495830260629868 0
1593475302648 0.5091593370341724 0
1593476603284 0.5102689411238025 0
1593477920376 0.5168086181303531 0
1593479225756 0.4897949782104267 0
1593480537880 0.49466652658951343 0
1593481838148 0.4881238477404912 0
1593483157899 0.5130157684413051 0
1593484460683 0.5213171787921866 0
1593485776651 0.5230634094299886 0
1593487076649 0.5372290651066833 0
1593488391208 0.5108049492409541 0
1593489686628 0.4557207866826812 0
1593491001351 0.5218212967064423 0
