1593275647979 0.5420263764450775 0
1593277308533 0.5820208738677388 0
1593278935600 0.6638740803001076 0
1593280559079 0.6465087300380791 0
1593282126730 0.660854951226101 0
1593283226318 0.6465437729386471 0
1593284335231 0.6185202399969216 0
1593285433846 0.621732185676056 0
1593286536326 0.6290517950162959 0
1593287630206 0.6242733572331383 0
1593288730269 0.622900796510268 0
1593289828184 0.6821670936867557 0
1593290926267 0.6345112162379926 0
1593292020997 0.5784991973594149 0
1593293117388 0.4717328807903274 0
1593294218124 0.647761655572956 0
1593295316427 0.6638552619983594 0
1593296413884 0.4827895526458421 0
1593297513411 0.6520317326430093 0
1593298612619 0.6485900331893361 0
1593299821409 0.5846600051892464 0
1593301460791 0.6529114764302579 0
1593303111489 0.6571454158837365 0
1593304731159 0.6789361854358298 0
1593306370767 0.6957357868633466 0
1593308020755 0.675724588673765 0
1593309656765 0.6212458522011277 0
1593311287701 0.6890888847649418 0
1593312944264 0.6554355507035817 0
1593314566198 0.6519425100947822 0
1593316190866 0.688970760906195 0
1593317850265 0.6892929884670774 0
1593319491782 0.6947718761281088 0
1593321128423 0.671970369577074 0
1593322765414 0.7077095694676014 0
1593324409419 0.6982101399469786 0
1593326051331 0.7029625278295435 0
1593327675925 0.7231560059797744 0
1593329320353 0.7094743325022944 0
1593330968905 0.7133439387754769 0
1593332604591 0.7191981745286437 0
1593334253382 0.7251049738369406 0
1593335912344 0.7058484726415767 0
1593337551002 0.716789950724759 0
1593339191432 0.7199280874573569 0
1593340847365 0.7171373375427809 0
1593342487167 0.7236880399456779 0
1593344105651 0.7217127956284038 0
1593345745418 0.7191896793132578 0
1593347396349 0.723684012310816 0
1593349022779 0.7230658134753594 0
1593350671332 0.723311793547231 0
1593352311691 0.7254538252899704 0
1593353972958 0.7213127376851347 0
1593355614551 0.7248287126332289 0
1593357256751 0.7236803921204146 0
1593358900963 0.712470306212079 0
1593360524782 0.7213884575920411 0
1593362155046 0.7174865620666805 0
1593363795975 0.7266542932570713 0
1593365436779 0.7218287114828882 0
1593367061380 0.7131612217302755 0
1593368709968 0.7258477105725366 0
1593370356050 0.7257160819019188 0
1593371981861 0.7264168050453731 0
1593373638407 0.7263246867115027 0
1593375295818 0.7121403054117432 0
1593376918986 0.7113039806326792 0
1593378564320 0.7212810066415191 0
1593380213839 0.7189645775558793 0
1593381834963 0.7259739683266806 0
1593383485712 0.718776851552867 0
1593385145879 0.6972628341018656 0
1593386551544 0.7008628422492944 0
1593387949847 0.7097274805572527 0
1593389364819 0.6699957531105298 0
1593390759826 0.7098175079317424 0
1593392176987 0.6829711695031008 0
1593393568275 0.6814159399808554 0
1593394992213 0.6793400636567181 0
1593396383503 0.6770388846904988 0
1593504125348 0.7037056903360122 0
1593505167254 0.6232340615005738 0
1593506101428 0.7153452330971064 0
1593507036033 0.694401386026018 0
1593507913669 0.7029254285001242 0
1593508851920 0.7064150390711691 0
1593509794301 0.6902574835311862 0
1593510661165 0.7067105313128739 0
1593511528164 0.6916933382209607 0
1593512394275 0.7129988558111213 0
1593513260181 0.7147280979984659 0
1593514125460 0.6902477109222126 0
1593514991379 0.683048021802974 0
1593515856850 0.7136990996750772 0
1593516723988 0.6925990605003531 0
1593517588257 0.6973260707701234 0
1593518455803 0.6969388930877997 0
1593519321090 0.6594777777637517 0
1593520187207 0.6674068118481279 0
1593521053722 0.70524151809397 0
1593521919225 0.706001235125164 0
1593522784911 0.6965018686729093 0
1593523650199 0.6854565209763008 0
1593524517134 0.6942727790160943 0
1593525383234 0.7111432681610456 0
1593526266950 0.7215907646454948 0
