1593275647947 0.1962592836968828 0
1593277308522 0.19966804995729037 0
1593278935546 0.3088050273664684 0
1593280559055 0.2668686380162621 0
1593282126723 0.32676592315876474 0
1593283226311 0.28466388856641966 0
1593284335226 0.20388629435271496 0
1593285433825 0.23838201802907574 0
1593286536317 0.23786579540053301 0
1593287630196 0.29205788757518086 0
1593288730261 0.23415122394594134 0
1593289828178 0.3774513172023893 0
1593290926260 0.2711549516458592 0
1593292020979 0.23268777593112364 0
1593293117383 0.3560703443957774 0
1593294218118 0.2897468567981027 0
1593295316423 0.29843690747276713 0
1593296413870 0.20268405328426545 0
1593297513401 0.26417342559630236 0
1593298612612 0.2690252974820768 0
1593299821399 0.23022704626016843 0
1593301460752 0.31163358883975395 0
1593303111468 0.2418723236134727 0
1593304731148 0.362498810456026 0
1593306370716 0.3159563876008221 0
1593308020719 0.3212522608119651 0
1593309656715 0.24636579271011416 0
1593311287691 0.3456654304367286 0
1593312944250 0.31208050983894636 0
1593314566161 0.3171538537349195 0
1593316190830 0.36868976737455794 0
1593317850188 0.365042592273696 0
1593319491753 0.4147583707408073 0
1593321128415 0.32715784441862444 0
1593322765390 0.44060195521492834 0
1593324409411 0.40109014906726537 0
1593326051303 0.40873942269339686 0
1593327675917 0.48146665954262363 0
1593329320316 0.4238172394589334 0
1593330968890 0.44291260011509365 0
1593332604564 0.4367726286433317 0
1593334253365 0.4589155136524174 0
1593335912303 0.422453213339647 0
1593337550994 0.4609101968925791 0
1593339191427 0.45518185424823626 0
1593340847342 0.44816654590184063 0
1593342487145 0.47444013553851244 0
1593344105593 0.46881573091274126 0
1593345745406 0.46107201517065444 0
1593347396336 0.47224857924595826 0
1593349022770 0.4713022683720203 0
1593350671321 0.47438559205435266 0
1593352311659 0.47240181684258076 0
1593353972946 0.47870974170309033 0
1593355614535 0.4663507779703777 0
1593357256683 0.47080898293723566 0
1593358900944 0.433230450710341 0
1593360524765 0.46343585023503725 0
1593362155033 0.4605720651123763 0
1593363795963 0.4774783187407652 0
1593365436768 0.4678224466735648 0
1593367061336 0.432966100599177 0
1593368709920 0.4476508719660453 0
1593370355996 0.47528409089668083 0
1593371981841 0.4914072085947298 0
1593373638402 0.44093326820753415 0
1593375295797 0.4340881299672577 0
1593376918975 0.4268178235194992 0
1593378564297 0.4523236131136226 0
1593380213825 0.43206609685416203 0
1593381834958 0.5180464551284601 0
1593383485590 0.4438087871698227 0
1593385145847 0.46050441797774605 0
1593386551535 0.4011951176148664 0
1593387949838 0.41855592631948807 0
1593389364807 0.3419800641200688 0
1593390759805 0.41803410979883804 0
1593392176965 0.3619425869698682 0
1593393568266 0.3687273045364064 0
1593394992203 0.37123916786286526 0
1593396383484 0.39248409088941805 0
1593397736860 0.35786465625646446 0
1593399249285 0.35810964947000484 0
1593400841260 0.4058291684220104 0
1593402440391 0.3210024145394102 0
1593404044491 0.373884606261158 0
1593405638749 0.3506502052385698 0
1593407241895 0.3802604651532831 0
1593408831923 0.3527274627633343 0
1593410419233 0.32743081771851906 0
1593412012642 0.4192044863829847 0
1593413612643 0.3300354767093689 0
1593415204821 0.3001005816727943 0
1593416794577 0.30165976218323814 0
1593418385475 0.34079033129405545 0
1593419979601 0.4163952641142807 0
1593421567676 0.40296084768747953 0
1593422983980 0.37156162808737525 0
1593424296950 0.3616879058587194 0
1593425604353 0.43572701310437667 0
1593426904032 0.3689156603220313 0
1593428212781 0.3500075527144832 0
1593429512366 0.34635763289498134 0
1593430823228 0.4186581552738329 0
1593432129734 0.3680402640967279 0
1593433444156 0.43383573440651807 0
1593434756639 0.403378569576554 0
1593436056763 0.43638221781006775 0
1593437371930 0.42543572945009456 0
1593438680619 0.48632756625932044 0
1593439989160 0.4946566488541389 0
1593441303646 0.470148114315126 0
1593442610239 0.4523931582226091 0
1593443917039 0.4038416893610522 0
1593445231646 0.45989956320439535 0
1593446539899 0.46114262979478765 0
1593447855667 0.43427099924780593 0
1593449162794 0.49022427945780156 0
1593450474083 0.4856197956399875 0
1593451784589 0.4449538565389732 0
1593453097664 0.47209549016052804 0
1593454399621 0.5084409917000382 0
1593455705885 0.4997167816440678 0
1593457012068 0.5288990585548088 0
1593458321678 0.5099485096713366 0
1593459634567 0.5093401015829898 0
1593460942559 0.512261685387069 0
1593462251671 0.4964834911166926 0
1593463560633 0.49797548758454285 0
1593464857666 0.4972544607868417 0
1593466165743 0.4954129437619563 0
1593467470732 0.4964418794482026 0
1593468779168 0.5003178487559922 0
1593470082787 0.5052650857861628 0
1593471383822 0.5037335063352543 0
1593472696131 0.5088235250824575 0
1593473991477 0.4850266186360632 0
1593475302663 0.49772923011901665 0
1593476603294 0.5003365596713247 0
1593477920386 0.5064631544268101 0
1593479225761 0.47936306673013096 0
1593480537887 0.48530188805871705 0
1593481838159 0.4789290636631876 0
1593483157903 0.5024774449889248 0
1593484460699 0.509676048510337 0
1593485776655 0.5129150801615513 0
1593487076653 0.5269730484545816 0
1593488391214 0.4998261009856828 0
1593489686638 0.44558787507832326 0
1593491001357 0.510291752944418 0
