1593275647937 0.19254751758136834 0
1593277308520 0.19530757210420646 0
1593278935542 0.30188294989787845 0
1593280559021 0.260574053607707 0
1593282126721 0.31794285325223104 0
1593283226309 0.2783446652535661 0
1593284335224 0.198163488226153 0
1593285433823 0.2332537013956635 0
1593286536315 0.23225561452860113 0
1593287630194 0.28527004582589854 0
1593288730259 0.22964931621332624 0
1593289828176 0.36678701696372656 0
1593290926258 0.26421470881690723 0
1593292020975 0.22740332865040946 0
1593293117381 0.3382757106061299 0
1593294218116 0.28272923305306535 0
1593295316422 0.292681142763558 0
1593296413868 0.19690771787187927 0
1593297513399 0.25875071028216884 0
1593298612610 0.26349215530545 0
1593299821392 0.2253448586112227 0
1593301460741 0.30431887223208454 0
1593303111463 0.2378649336119183 0
1593304731145 0.3514400828810895 0
1593306370714 0.30926815792696033 0
1593308020710 0.31319192892942854 0
1593309656712 0.2407984285836971 0
1593311287689 0.3369754483066704 0
1593312944247 0.3050719215639147 0
1593314566153 0.30928478485564187 0
1593316190820 0.3582900689042985 0
1593317850173 0.3564502664002766 0
1593319491744 0.4017688919348853 0
1593321128413 0.3187544179732126 0
1593322765387 0.42679430242812105 0
1593324409409 0.3912027485292824 0
1593326051294 0.3973270146919553 0
1593327675915 0.46695655459186064 0
1593329320306 0.4117970611206492 0
1593330968888 0.4317168676703817 0
1593332604556 0.4262703689003271 0
1593334253356 0.4468372246963945 0
1593335912286 0.41101217201608314 0
1593337550991 0.44881485926067627 0
1593339191424 0.4438701016574956 0
1593340847338 0.43655478252148294 0
1593342487139 0.4616422280859701 0
1593344105580 0.4564642114300913 0
1593345745400 0.44928802334824197 0
1593347396334 0.4600356645843473 0
1593349022765 0.4591569765524784 0
1593350671313 0.462246460430116 0
1593352311643 0.4607658442230649 0
1593353972943 0.4653357424278573 0
1593355614532 0.4547839271802914 0
1593357256680 0.45780244591624764 0
1593358900928 0.42193144536622634 0
1593360524758 0.4517564954066251 0
1593362155030 0.44753206187663935 0
1593363795961 0.4647762996121878 0
1593365436766 0.45423508917879096 0
1593367061333 0.4200431430625653 0
1593368709914 0.43816476837412066 0
1593370355994 0.46125788427079345 0
1593371981835 0.4777168898424016 0
1593373638400 0.43023025497386996 0
1593375295791 0.4228073183064129 0
1593376918967 0.415732347182504 0
1593378564282 0.4396548504419502 0
1593380213822 0.42337035227471637 0
1593381834955 0.5032627163008854 0
1593383485576 0.43390374551063665 0
1593385145840 0.44421319090568495 0
1593386551533 0.3902876941481692 0
1593387949836 0.40856317122184066 0
1593389364799 0.3344078554707379 0
1593390759800 0.407491030170551 0
1593392176958 0.3541061372716138 0
1593393568264 0.35947962867508937 0
1593394992191 0.3619563193925152 0
1593396383476 0.38192841723640997 0
