1593275509060 -2.5588092303316277 0
1593277191136 -3.1422304405026478 0
1593278819907 -3.2278440366940093 0
1593280458172 -3.300632130490461 0
1593282049354 -3.3114456219993755 0
1593283168397 -3.360986844419103 0
1593284274742 -3.367272546084485 0
1593285373287 -3.4105741420344478 0
1593286478602 -3.2871150000102 0
1593287572134 -3.4525802199716438 0
1593288672130 -3.4537342318667057 0
1593289769560 -3.4814276823502346 0
1593290867868 -3.4890842600072958 0
1593291963307 -3.5316602180122794 0
1593293059535 -3.5267117105223322 0
1593294159329 -3.5501527511647013 0
1593295259188 -3.558119478639018 0
1593296354159 -3.5774130674659372 0
1593297458674 -3.564505244568202 0
1593298555468 -3.590102503337689 0
1593299713588 -3.559583967176767 0
1593301344701 -3.5936126401418624 0
1593302995572 -3.5921647612629 0
1593304649962 -3.5961562182289497 0
1593306253151 -3.634643731639671 0
1593307911081 -3.6166116151395147 0
1593309553992 -3.6595676211039643 0
1593311174828 -3.626033050039427 0
1593312830716 -3.658971540854757 0
1593314466383 -3.677779272378592 0
1593316089414 -3.7045458451329702 0
1593317734221 -3.682805860117448 0
1593319386084 -3.6826991263735565 0
1593321033624 -3.6826404272699924 0
1593322654459 -3.7015176352636474 0
1593324297248 -3.7248838999664504 0
1593325938365 -3.730341436511177 0
1593327560848 -3.7281885688176826 0
1593329205383 -3.7450498875151617 0
1593330858246 -3.732568723612613 0
1593332501740 -3.7447034401737973 0
1593334137658 -3.7720848578767 0
1593335798916 -3.7495780656626625 0
1593337458838 -3.762482507622432 0
1593339076301 -3.792070162749786 0
1593340732095 -3.7894612359161712 0
1593342378723 -3.775044209458539 0
1593343994959 -3.7975231040029693 0
1593345635632 -3.793847149603552 0
1593347288847 -3.773664855548828 0
1593348933422 -3.8058333955548624 0
1593350557249 -3.8010610596353547 0
1593352212848 -3.7897323715574616 0
1593353864274 -3.7837576665767827 0
1593355498117 -3.7834687874055817 0
1593357152534 -3.7740947585414024 0
1593358787268 -3.770110429997713 0
1593360419637 -3.7881422742252515 0
1593362052615 -3.7722001312424918 0
1593363683759 -3.743231477709549 0
1593365336221 -3.7945056581487404 0
1593366951727 -3.815644661334139 0
1593368598972 -3.7864663420301494 0
1593370246846 -3.7592962586173653 0
1593371869486 -3.7235793453728547 0
1593373528013 -3.7447384729453144 0
1593375181918 -3.759104866986683 0
1593376816851 -3.7277479029993024 0
1593378451268 -3.7485235520990416 0
1593380101439 -3.727541079613068 0
1593381735263 -3.7164507886266094 0
1593383371482 -3.6904901090363804 0
1593385032032 -3.7069858022304922 0
1593386478951 -3.696437529706269 0
1593387862433 -3.6760345504497476 0
1593389275020 -3.710980581721577 0
1593390668182 -3.7239505724384356 0
1593392086032 -3.6824839410010926 0
1593393476230 -3.6541716538009825 0
1593394900619 -3.665888062566272 0
1593396303050 -3.6723681005647504 0
1593504046594 -3.758094995959034 0
1593505118514 -3.737606728200097 0
1593506057953 -3.7163498528810153 0
1593506992969 -3.7092248866635296 0
1593507863081 -3.7093322446402675 0
1593508801357 -3.7165096601143666 0
1593509750718 -3.6891280144213163 0
1593510618419 -3.718195558698922 0
1593511485371 -3.7324638982329015 0
1593512351608 -3.747407214811877 0
1593513217574 -3.72324463689967 0
1593514082805 -3.698787155714385 0
1593514948761 -3.7033957331935228 0
1593515814072 -3.700034098172292 0
1593516681088 -3.733117702006535 0
1593517545697 -3.7343101841192534 0
1593518413114 -3.698016742040195 0
1593519278266 -3.699695860417154 0
1593520144589 -3.751558179702966 0
1593521011073 -3.679763760909599 0
1593521876850 -3.710529402278057 0
1593522742030 -3.7341670048756925 0
1593523607082 -3.732634107414704 0
1593524474484 -3.7329005015210095 0
1593525340616 -3.7284996335432274 0
1593526224344 -3.7146972081064824 0
