1593275509059 -3.5448087902005874 0
1593277191135 -3.9675787387020662 0
1593278819906 -4.012131760517756 0
1593280458171 -4.054066071230354 0
1593282049353 -4.043190697377378 0
1593283168396 -4.070360509057839 0
1593284274741 -4.072990640772112 0
1593285373286 -4.10310323491241 0
1593286478602 -4.05067095453992 0
1593287572133 -4.132672579676816 0
1593288672128 -4.12473806106683 0
1593289769559 -4.146195574466026 0
1593290867867 -4.151730250680085 0
1593291963306 -4.186311389686483 0
1593293059532 -4.1951759240844035 0
1593294159328 -4.192997991361401 0
1593295259187 -4.202655548399145 0
1593296354158 -4.213591714022738 0
1593297458673 -4.201593636337555 0
1593298555465 -4.219269703057679 0
1593299713587 -4.1841551907586325 0
1593301344697 -4.216595056382093 0
1593302995571 -4.206287513402375 0
1593304649961 -4.21052076769146 0
1593306253150 -4.243561228116353 0
1593307911080 -4.226116522469304 0
1593309553991 -4.258277733669137 0
1593311174826 -4.225124997848814 0
1593312830715 -4.250591666409464 0
1593314466382 -4.2675905098969285 0
1593316089413 -4.2895237844098695 0
1593317734220 -4.265740989284082 0
1593319386083 -4.263349432836879 0
1593321033623 -4.259132749429255 0
1593322654458 -4.273972557123863 0
1593324297247 -4.294290405331236 0
1593325938364 -4.296307223312782 0
1593327560847 -4.29182230816646 0
1593329205382 -4.3078081944223605 0
1593330858245 -4.292266143993898 0
1593332501739 -4.3023388324813405 0
1593334137657 -4.3261935053901235 0
1593335798915 -4.300692115091916 0
1593337458837 -4.3131333088332955 0
1593339076300 -4.340396698902953 0
1593340732094 -4.338837661074869 0
1593342378722 -4.3226003062092895 0
1593343994944 -4.344618977922382 0
1593345635631 -4.341659999029203 0
1593347288846 -4.3189781425577225 0
1593348933421 -4.352272875381239 0
1593350557247 -4.34841616835558 0
1593352212847 -4.335096634472862 0
1593353864273 -4.329321536602396 0
1593355498116 -4.331234954071768 0
1593357152533 -4.320037397245566 0
1593358787267 -4.317815082091274 0
1593360419636 -4.335993373484323 0
1593362052614 -4.319354683838108 0
1593363683758 -4.291612225048469 0
1593365336220 -4.342182321304625 0
1593366951726 -4.365406729506724 0
1593368598971 -4.336559729594173 0
1593370246836 -4.31383077935739 0
1593371869485 -4.27798373974634 0
1593373528012 -4.297589113992272 0
1593375181917 -4.314627336281719 0
1593376816850 -4.283910356913552 0
1593378451267 -4.305559751436566 0
1593380101438 -4.28962220590223 0
1593381735262 -4.27858257722674 0
1593383371481 -4.257487013484493 0
1593385032031 -4.274393454645619 0
1593386478949 -4.263236778703603 0
1593387862432 -4.249748045973705 0
1593389275019 -4.2830431718717925 0
1593390668180 -4.295733140499303 0
1593392086031 -4.258712575742693 0
1593393476229 -4.240944430006273 0
1593394900618 -4.241553830603759 0
1593396303049 -4.253116843826843 0
1593504046593 -4.306817310100252 0
1593505118513 -4.28828387888092 0
1593506057951 -4.269622257713116 0
1593506992968 -4.26649944710009 0
1593507863080 -4.264518028633161 0
1593508801356 -4.2789831403078455 0
1593509750716 -4.246912041848356 0
1593510618419 -4.27597626908259 0
1593511485370 -4.289822278149201 0
1593512351608 -4.301350933810075 0
1593513217573 -4.286324507133528 0
1593514082804 -4.263823007769657 0
1593514948760 -4.262441355396401 0
1593515814071 -4.260359469462525 0
1593516681088 -4.296179931046384 0
1593517545696 -4.293113640086218 0
1593518413113 -4.258682230431022 0
1593519278265 -4.261448106756716 0
1593520144588 -4.310712146036552 0
1593521011072 -4.247675187659986 0
1593521876849 -4.264282043233062 0
1593522742029 -4.289109120540546 0
1593523607081 -4.2841420900641065 0
1593524474483 -4.28579557461269 0
1593525340615 -4.279783611496289 0
1593526224343 -4.262770569911509 0
