1590497786506 0.44760269205676345 0
1590498210680 0.4904164667838647 0
1590498633690 0.5029713833856742 0
1590499055690 0.6049485810814277 0
1590499477981 0.51249316712725 0
1590499899113 0.6021326191174766 0
1590500320337 0.5499501610011293 0
1590500740292 0.6722323526900679 0
1590501161825 0.4864828471561568 0
1590501584728 0.5396559510256618 0
1590502006158 0.6357454503038683 0
1590502427680 0.6306119659289013 0
1590502848544 0.631155376469204 0
1590503270625 0.6377441574033639 0
1590503691484 0.6393802805997074 0
1590504113353 0.6442473588767313 0
1590504535246 0.6305153682016338 0
1590504956425 0.6576193350685322 0
1590505377221 0.630884743990532 0
1590505798239 0.6280643381719645 0
1590506219613 0.638426378420984 0
1590506641669 0.6527618059219019 0
1590507062259 0.6499920086336961 0
1590507483738 0.6426804939398927 0
1590507904311 0.6511757351695074 0
1590508325470 0.6531646604638143 0
1590508745479 0.638583926298594 0
1590509166378 0.6462415316030623 0
1590509587250 0.6483013431681736 0
1590510008028 0.6482889834881123 0
1590510428181 0.6466830742729145 0
1590510848288 0.6481965664600676 0
1590511269251 0.6484920303658867 0
1590511689798 0.6462722878488154 0
1590512110401 0.6478665929484096 0
1590512531200 0.6475887052709289 0
1590512950290 0.6474344872862011 0
1590513370678 0.648048955175304 0
1590513789817 0.6490954604368088 0
1590514209097 0.6472653582887663 0
1590514629098 0.6480792126236143 0
1590515050375 0.6480412824929306 0
1590515470431 0.6483230083961549 0
1590515890481 0.6482186249001984 0
1590516309792 0.6476054798729937 0
1590516731327 0.6484256099391218 0
1590517151237 0.647729732885848 0
1590517571867 0.6482749824975153 0
1590517992876 0.6477896855755882 0
1590518413640 0.6479482569885633 0
1590518834445 0.6479939050820717 0
1590519255543 0.6484492487254676 0
1590519674852 0.6485640454094678 0
1590520095009 0.6482722011197426 0
1590520514719 0.6481641008703934 0
1590520936127 0.647811409024673 0
1590521356821 0.6484914942570356 0
1590521777296 0.6484479362593615 0
1590522196782 0.6480236910662599 0
1590522617548 0.6478942511242928 0
1590523037499 0.6484640947747957 0
1590523458794 0.6484568960322151 0
1590523879471 0.6484739790255138 0
1590524301479 0.6484873909359269 0
1590524720813 0.6484690759176118 0
1590525141243 0.6484550729921599 0
1590525560938 0.6484367179530416 0
1590525981830 0.6479496807828321 0
1590526401585 0.6485344316054651 0
1590526822696 0.6486444584006867 0
1590527243071 0.6485748366467148 0
1590527662922 0.6480319099009926 0
1590528083363 0.6485043583268232 0
