1590497786491 0.4579095678170013 0
1590498210667 0.5021222040217834 0
1590498633678 0.5139174636767719 0
1590499055675 0.6187314762781564 0
1590499477968 0.5244505332678804 0
1590499899095 0.6154681472591407 0
1590500320319 0.5627318026590261 0
1590500740277 0.6897651002441864 0
1590501161811 0.4958082155053452 0
1590501584714 0.5512747084092644 0
1590502006139 0.6498375759550552 0
1590502427668 0.6442682362601433 0
1590502848527 0.6455211767245456 0
1590503270611 0.6526964481904343 0
1590503691470 0.6540815753152203 0
1590504113341 0.6592073036120452 0
1590504535233 0.645342769350401 0
1590504956410 0.6727333003589262 0
1590505377207 0.6454418124999973 0
1590505798227 0.6417392637823741 0
1590506219600 0.6530065389910173 0
1590506641657 0.6678432792193251 0
1590507062245 0.6651652568511371 0
1590507483723 0.6575419481887061 0
1590507904299 0.6660688701287377 0
1590508325456 0.6683058012144685 0
1590508745466 0.6534492745286306 0
1590509166361 0.6612505316036141 0
1590509587236 0.6634860885082847 0
1590510008010 0.6631134472400065 0
1590510428170 0.6620100374336364 0
1590510848277 0.6633490114315927 0
1590511269237 0.6636694482326441 0
1590511689786 0.661320085987644 0
1590512110373 0.6629801005703666 0
1590512531188 0.6626078227812681 0
1590512950277 0.6625744064761855 0
1590513370662 0.6632095742616821 0
1590513789804 0.6643818328449134 0
1590514209080 0.6623888363438994 0
1590514629082 0.6632838274782392 0
1590515050362 0.6632292478377165 0
1590515470420 0.6634965753449961 0
1590515890465 0.6633766744679658 0
1590516309780 0.6627426324034448 0
1590516731312 0.6635728261817593 0
1590517151225 0.6628617811087159 0
1590517571856 0.6633807463826508 0
1590517992862 0.6628835722954866 0
1590518413629 0.6631298007461249 0
1590518834432 0.6631212274163665 0
1590519255530 0.6635685830495804 0
1590519674839 0.6636524606085177 0
1590520094993 0.6634104090783675 0
1590520514705 0.6632529834555029 0
1590520936115 0.6629161424634197 0
1590521356808 0.6635790922772095 0
1590521777284 0.6635839783142788 0
1590522196769 0.6631316166336926 0
1590522617535 0.6630104953611845 0
1590523037480 0.6635701897051247 0
1590523458782 0.6635747837732636 0
1590523879457 0.6635909019445316 0
1590524301465 0.6635747837732633 0
1590524720801 0.6635564687549484 0
1590525141229 0.6635821556500449 0
1590525560926 0.6636869497138318 0
1590525981811 0.6630370736201686 0
1590526401574 0.6636345066590734 0
1590526822683 0.6637318512380231 0
1590527243056 0.6636622294840514 0
1590527662909 0.663125713612655 0
1590528083348 0.6636186747934857 0
