1590497786508 0.6676069183804358 0
1590498210682 0.6726459735529219 0
1590498633692 0.710502699636274 0
1590499055692 0.7754812118780077 0
1590499477986 0.7377340193566149 0
1590499899115 0.7696941621793306 0
1590500320340 0.7663157743424975 0
1590500740294 0.8236665540457582 0
1590501161828 0.6438832851418672 0
1590501584731 0.7120249802218818 0
1590502006160 0.7990004272863717 0
1590502427682 0.7925900274478119 0
1590502848546 0.7928278056191013 0
1590503270627 0.7991418210906653 0
1590503691487 0.8066908849707136 0
1590504113356 0.8010490893895121 0
1590504535248 0.7974107388881944 0
1590504956427 0.8066453503382662 0
1590505377223 0.8010906213703897 0
1590505798241 0.7852053161941787 0
1590506219615 0.8008978780278556 0
1590506641671 0.8075124121930524 0
1590507062261 0.8043694722476975 0
1590507483740 0.8005686272143872 0
1590507904313 0.8045382049635184 0
1590508325475 0.8062152566902268 0
1590508745481 0.80068646133497 0
1590509166380 0.8058245444124812 0
1590509587254 0.8064294514066818 0
1590510008030 0.8042486223040719 0
1590510428184 0.804424262068656 0
1590510848290 0.805718090760418 0
1590511269253 0.8062531422464441 0
1590511689801 0.8051372489694834 0
1590512110405 0.8058365253498461 0
1590512531202 0.8056844171616202 0
1590512950292 0.8055553855908804 0
1590513370680 0.806058784157574 0
1590513789819 0.806225573620808 0
1590514209101 0.8052462787032852 0
1590514629100 0.8056697330354315 0
1590515050377 0.805739129008518 0
1590515470434 0.8058187792047844 0
1590515890484 0.8059849481617253 0
1590516309794 0.8054532452368501 0
1590516731329 0.8058277839618349 0
1590517151239 0.8054896682770462 0
1590517571869 0.8058041132694056 0
1590517992878 0.8054348634571021 0
1590518413642 0.8060491161807505 0
1590518834447 0.8057793633091884 0
1590519255545 0.8060118231570318 0
1590519674854 0.8061146942514434 0
1590520095012 0.8059012305375559 0
1590520514721 0.8057434127715656 0
1590520936129 0.8054420874205053 0
1590521356823 0.8060511953191666 0
1590521777298 0.8060047579155477 0
1590522196784 0.8057328444088743 0
1590522617550 0.805496486596257 0
1590523037503 0.8058622955041046 0
1590523458796 0.8059870759721136 0
1590523879474 0.8060745637291621 0
1590524301483 0.8059731466883022 0
1590524720815 0.806040509618212 0
1590525141245 0.8059146055338708 0
1590525560940 0.8057482254107488 0
1590525981832 0.8055648838730908 0
1590526401588 0.8059357908817147 0
1590526822699 0.8060940037096113 0
1590527243074 0.805846937427477 0
1590527662924 0.8055535819974817 0
1590528083365 0.8060582645618811 0
