1590497786501 0.44060298158452343 0
1590498210676 0.4824253562687168 0
1590498633686 0.49560101222984004 0
1590499055686 0.5959060416797275 0
1590499477977 0.5046402868885591 0
1590499899108 0.5936536902571702 0
1590500320332 0.5416408719164636 0
1590500740288 0.6614729741835299 0
1590501161820 0.480349172801625 0
1590501584723 0.5319861279631584 0
1590502006152 0.6267063746300336 0
1590502427676 0.6220265927162388 0
1590502848537 0.6222604256436629 0
1590503270620 0.628749658250693 0
1590503691478 0.630361576195095 0
1590504113349 0.6353586601471809 0
1590504535242 0.6218311598390872 0
1590504956420 0.6488121596902026 0
1590505377217 0.6222825816184123 0
1590505798235 0.6198926102997452 0
1590506219609 0.6300336624843351 0
1590506641665 0.6438622279343447 0
1590507062255 0.6412424924174278 0
1590507483734 0.634288910937024 0
1590507904307 0.642392984432452 0
1590508325465 0.6438681790285813 0
1590508745475 0.6301541837047474 0
1590509166374 0.6375306819759197 0
1590509587244 0.6391196872260881 0
1590510008023 0.6393797456901007 0
1590510428177 0.6377522217538706 0
1590510848284 0.6391414990756576 0
1590511269247 0.6394333877416364 0
1590511689795 0.6374868479582726 0
1590512110393 0.6389898754961424 0
1590512531196 0.6389293499458327 0
1590512950286 0.6385221183416105 0
1590513370674 0.6392347466524545 0
1590513789813 0.6401894481864129 0
1590514209091 0.6384706732347082 0
1590514629091 0.6392784974641769 0
1590515050371 0.6391563058904584 0
1590515470428 0.6394710025402042 0
1590515890476 0.6393128533743557 0
1590516309788 0.6387184084988756 0
1590516731322 0.6395432770597019 0
1590517151233 0.638883376415492 0
1590517571864 0.6394455932913484 0
1590517992872 0.6389379043488896 0
1590518413637 0.6390832934794094 0
1590518834441 0.6391605892559108 0
1590519255539 0.6396233774300588 0
1590519674848 0.6397812541511533 0
1590520095002 0.6394496431998865 0
1590520514715 0.639380754251537 0
1590520936123 0.638997264204929 0
1590521356817 0.6397090976949025 0
1590521777292 0.6396301012627296 0
1590522196778 0.6392003118189731 0
1590522617544 0.6390972236795449 0
1590523037493 0.6396440888438409 0
1590523458790 0.6396675837095479 0
1590523879467 0.639676612239703 0
1590524301473 0.639704789190957 0
1590524720809 0.6396864741726418 0
1590525141239 0.6396519574073556 0
1590525560934 0.6395842434311914 0
1590525981826 0.6391670790378617 0
1590526401581 0.6397645120767664 0
1590526822691 0.6398618566557169 0
1590527243065 0.6397922349017446 0
1590527662917 0.6392557190303483 0
1590528083358 0.6397079911172355 0
