1590497786522 0.6206600479233254 0
1590498210693 0.6252006029345499 0
1590498633702 0.6629177818505618 0
1590499055701 0.7208208259670503 0
1590499477998 0.6794517477806692 0
1590499899127 0.7196691552623617 0
1590500320350 0.7078307115580335 0
1590500740305 0.7640296984407815 0
1590501161838 0.6058600379268155 0
1590501584742 0.6651474695533952 0
1590502006172 0.7443450010128884 0
1590502427698 0.7403267339831684 0
1590502848556 0.7375407754524709 0
1590503270637 0.7436605696426701 0
1590503691504 0.7521203613930607 0
1590504113366 0.7462225472459485 0
1590504535258 0.7415042295818739 0
1590504956439 0.7517816388249787 0
1590505377234 0.7455828243723402 0
1590505798251 0.7345507342138652 0
1590506219628 0.7469589756723433 0
1590506641680 0.752265476985177 0
1590507062271 0.7493546799559409 0
1590507483751 0.746526104931937 0
1590507904322 0.7503533735539575 0
1590508325492 0.7518138476785393 0
1590508745491 0.7461686941882816 0
1590509166394 0.7503845297230305 0
1590509587273 0.7512577531093193 0
1590510008041 0.749428509425683 0
1590510428193 0.7488763442598261 0
1590510848300 0.7505138939958887 0
1590511269265 0.7505852343239638 0
1590511689818 0.7498254729372006 0
1590512110418 0.750126904770891 0
1590512531213 0.7499330348700249 0
1590512950303 0.7501019003664715 0
1590513370690 0.7502388174458885 0
1590513789830 0.7505343889674092 0
1590514209117 0.7493943299238572 0
1590514629114 0.7496460542791995 0
1590515050387 0.7498952265135671 0
1590515470444 0.750080542464615 0
1590515890494 0.7504752292580749 0
1590516309804 0.7497681136248515 0
1590516731339 0.7503985510184248 0
1590517151249 0.7498941848333441 0
1590517571879 0.7503078620091034 0
1590517992891 0.7498681904752771 0
1590518413653 0.7502495961371732 0
1590518834457 0.7501918309951715 0
1590519255559 0.7504667194939436 0
1590519674864 0.750648712088646 0
1590520095024 0.7503546999168058 0
1590520514731 0.7502242804037953 0
1590520936140 0.7498046806535227 0
1590521356832 0.7506220726567917 0
1590521777308 0.7504771292918797 0
1590522196795 0.7501697814440462 0
1590522617561 0.7500673639338813 0
1590523037516 0.7503721873156284 0
1590523458805 0.7504220753928117 0
1590523879490 0.7505272520311321 0
1590524301495 0.7505440240259265 0
1590524720825 0.7506113869558368 0
1590525141257 0.7504485143150319 0
1590525560950 0.750274804592251 0
1590525981842 0.7500612002257947 0
1590526401605 0.7504255841450431 0
1590526822709 0.7506648810472366 0
1590527243086 0.7503710076585784 0
1590527662935 0.7500635708827514 0
1590528083375 0.7504827351771541 0
