1590497786520 0.6367333974303437 0
1590498210691 0.6424922964953029 0
1590498633700 0.6788151898879682 0
1590499055699 0.7397503578800593 0
1590499477996 0.7000293786721185 0
1590499899125 0.7371355847022596 0
1590500320348 0.7293395034468393 0
1590500740303 0.7868999691342057 0
1590501161836 0.6194736561485255 0
1590501584739 0.6817419740408626 0
1590502006170 0.7638546661902704 0
1590502427693 0.7598983979464119 0
1590502848554 0.75811738667025 0
1590503270635 0.7648855959884514 0
1590503691501 0.7720932576086103 0
1590504113364 0.7676699954329199 0
1590504535256 0.7629160594981159 0
1590504956437 0.7737177025133316 0
1590505377232 0.7657175028323027 0
1590505798249 0.7543906294608241 0
1590506219624 0.7677026415331423 0
1590506641679 0.7724801076711248 0
1590507062269 0.7704866510656807 0
1590507483749 0.7672717186307536 0
1590507904320 0.770615759462551 0
1590508325489 0.7717713360710269 0
1590508745489 0.7665300320488726 0
1590509166391 0.7714614690847476 0
1590509587269 0.7717816459072658 0
1590510008039 0.7702131640628627 0
1590510428191 0.7694035991922015 0
1590510848298 0.7705752802428525 0
1590511269263 0.7709194101940953 0
1590511689815 0.7702047301777917 0
1590512110416 0.770436820763442 0
1590512531211 0.7705865110346439 0
1590512950300 0.7704886778412552 0
1590513370687 0.7705980499424607 0
1590513789828 0.7708458950892771 0
1590514209114 0.7700922630758894 0
1590514629111 0.7704530465353675 0
1590515050385 0.7705325985218581 0
1590515470442 0.7706638556176935 0
1590515890492 0.7708634897221333 0
1590516309802 0.7701543422375159 0
1590516731337 0.7706740427249802 0
1590517151247 0.7702292454059262 0
1590517571877 0.7706209709149329 0
1590517992888 0.7702447914871058 0
1590518413651 0.7706124723579185 0
1590518834455 0.7705547072159168 0
1590519255556 0.7708295957146889 0
1590519674862 0.7710115883093908 0
1590520095022 0.7707175761375507 0
1590520514729 0.7705878790847774 0
1590520936139 0.7701675568742674 0
1590521356830 0.770985671337773 0
1590521777306 0.7708910337923983 0
1590522196793 0.7705326576647911 0
1590522617559 0.7704309626148637 0
1590523037514 0.7707357859966096 0
1590523458804 0.7708747495971119 0
1590523879486 0.7708908507121138 0
1590524301492 0.7709076227069079 0
1590524720823 0.7709749856368187 0
1590525141255 0.7708490815524766 0
1590525560948 0.770682701429355 0
1590525981840 0.7704247989067768 0
1590526401602 0.7708702669003212 0
1590526822707 0.7710284797282176 0
1590527243084 0.7707814134460829 0
1590527662933 0.7704880580160884 0
1590528083373 0.7708934532630303 0
