1590497786496 0.4527199240090604 0
1590498210672 0.49612065971289604 0
1590498633682 0.5083468516780544 0
1590499055681 0.6115737379176721 0
1590499477973 0.518495267133954 0
1590499899102 0.6081856864184314 0
1590500320325 0.55673092868562 0
1590500740284 0.6797178961423267 0
1590501161816 0.49090177860373996 0
1590501584719 0.5453013528038707 0
1590502006145 0.6427173408631067 0
1590502427672 0.6375008782679539 0
1590502848531 0.6381585941089438 0
1590503270615 0.6445084357783554 0
1590503691474 0.645750387584837 0
1590504113345 0.6509584673644241 0
1590504535238 0.6373402764883509 0
1590504956415 0.6647466663888437 0
1590505377212 0.6373495616589299 0
1590505798231 0.6344914839807563 0
1590506219605 0.6453492869041662 0
1590506641661 0.6600251795234457 0
1590507062250 0.6570853233013128 0
1590507483729 0.6494674452860392 0
1590507904303 0.658314725710027 0
1590508325460 0.6603083963934883 0
1590508745471 0.6452777427063335 0
1590509166368 0.6534150902848822 0
1590509587240 0.6553002269137881 0
1590510008016 0.6553837517091308 0
1590510428173 0.653666569443056 0
1590510848280 0.6551271139007311 0
1590511269242 0.6554721910566007 0
1590511689791 0.6531972428805438 0
1590512110382 0.654826528085487 0
1590512531192 0.654531000422642 0
1590512950282 0.6544187476991116 0
1590513370669 0.6549001010051247 0
1590513789809 0.6560001851034565 0
1590514209087 0.6542504919721909 0
1590514629087 0.6550601606067227 0
1590515050366 0.6550195147822447 0
1590515470424 0.6552771412160296 0
1590515890470 0.6551681172252142 0
1590516309784 0.6545330824107936 0
1590516731316 0.6553615586828776 0
1590517151229 0.6546419991334687 0
1590517571860 0.6551620885286136 0
1590517992868 0.6546611574885847 0
1590518413633 0.6548335784510524 0
1590518834437 0.6548936012274215 0
1590519255535 0.6553409568606355 0
1590519674843 0.655425892609837 0
1590520094997 0.6551234066735678 0
1590520514710 0.6550258942130093 0
1590520936119 0.6546882915467743 0
1590521356813 0.6553542376563751 0
1590521777288 0.6553578407754802 0
1590522196774 0.6549060003387073 0
1590522617540 0.6547423636410176 0
1590523037486 0.6553453350842907 0
1590523458786 0.6553499291524297 0
1590523879463 0.6553217522011757 0
1590524301469 0.6553499291524293 0
1590524720805 0.6553316141341142 0
1590525141234 0.6553573010292109 0
1590525560930 0.6552653982986681 0
1590525981819 0.654812218999335 0
1590526401577 0.6554096520382395 0
1590526822687 0.655506996617189 0
1590527243060 0.6554373748632172 0
1590527662913 0.654900858991821 0
1590528083353 0.6553938201726515 0
