1590497786510 0.6630834322339043 0
1590498210684 0.6679567100286625 0
1590498633694 0.706449890523596 0
1590499055694 0.7704067380563244 0
1590499477990 0.730898039184117 0
1590499899117 0.7645582578574708 0
1590500320342 0.76077094057447 0
1590500740296 0.8180668120491169 0
1590501161830 0.6407633122042016 0
1590501584733 0.7079572133088073 0
1590502006162 0.7938451107801182 0
1590502427685 0.7872247210995095 0
1590502848548 0.7878682759235762 0
1590503270629 0.7934995633993309 0
1590503691491 0.8013729641998497 0
1590504113358 0.7960823677171834 0
1590504535250 0.791857583629248 0
1590504956429 0.8015366017606291 0
1590505377225 0.7948533429921182 0
1590505798243 0.7804547564873888 0
1590506219617 0.7955851337814093 0
1590506641673 0.8015691908537814 0
1590507062263 0.7988037031076863 0
1590507483742 0.7950089938298612 0
1590507904315 0.7987961090168473 0
1590508325479 0.8009364087499491 0
1590508745483 0.7947528391512768 0
1590509166382 0.800014767562396 0
1590509587257 0.8007089191959483 0
1590510008032 0.7990249338845555 0
1590510428186 0.7984218386211618 0
1590510848292 0.7998304838225696 0
1590511269255 0.8003336276401585 0
1590511689804 0.7992119399360427 0
1590512110409 0.7998401928453656 0
1590512531204 0.7997082566311969 0
1590512950294 0.7996365128987567 0
1590513370682 0.7998791172810571 0
1590513789821 0.800160258114082 0
1590514209105 0.7991807877311626 0
1590514629103 0.799431495482421 0
1590515050379 0.7995153570353367 0
1590515470436 0.7995992104736263 0
1590515890486 0.7998035651830385 0
1590516309796 0.7992324557030653 0
1590516731331 0.7996405382195845 0
1590517151241 0.7992376245779858 0
1590517571871 0.7996166486120185 0
1590517992880 0.799208310606574 0
1590518413645 0.7998184273454828 0
1590518834449 0.7995486744739204 0
1590519255546 0.7997811343217642 0
1590519674856 0.7999244332158009 0
1590520095015 0.799710969501913 0
1590520514723 0.7995007239911872 0
1590520936131 0.799251826384862 0
1590521356824 0.7998985162441828 0
1590521777300 0.7998520788405641 0
1590522196786 0.7995425833732311 0
1590522617552 0.7993438075212738 0
1590523037507 0.799709616429121 0
1590523458798 0.7998343968971295 0
1590523879476 0.7998036956185236 0
1590524301485 0.7998204676133184 0
1590524720817 0.7998878305432285 0
1590525141247 0.7997619264588864 0
1590525560942 0.7995955463357651 0
1590525981834 0.7994122047981066 0
1590526401592 0.7997831118067309 0
1590526822701 0.7999413246346274 0
1590527243078 0.7996942583524929 0
1590527662926 0.7994009029224973 0
1590528083367 0.799905585486897 0
