1592709474772 0.7802549537951549 0
1592710189767 0.7623629517740589 0
1592710903469 0.786320732702112 0
1592711615731 0.7642979046667835 0
1592712330282 0.8442562517387704 0
1592713043451 0.7553266959443662 0
1592713752915 0.7975111852971307 0
1592714423633 0.8224497171080296 0
1592715093637 0.8191157529174287 0
1592715765441 0.8430567748200412 0
1592716437353 0.8055207757641915 0
1592717108567 0.8211146966621111 0
1592717776674 0.8222668332561152 0
1592718448514 0.8473353989062065 0
1592719121252 0.8406460025971267 0
1592719791557 0.8367457792898468 0
1592720460738 0.8477686784098333 0
1592721132565 0.8299675812998344 0
1592721804035 0.8290489152697259 0
1592722473870 0.8475966882655666 0
1592723144244 0.8480001744093927 0
1592723815414 0.850387641907768 0
1592724485823 0.8561047457630371 0
1592725156778 0.8335628259502963 0
1592725817805 0.8493778449860928 0
1592726452082 0.8428891816117348 0
1592727083323 0.8448724349247644 0
1592727715837 0.8467262906441841 0
1592728345303 0.8352774539945315 0
1592728978349 0.8325591125819282 0
1592729612453 0.8470780948455223 0
1592730246935 0.8409471931630046 0
1592730878237 0.8448994992725967 0
1592731511515 0.851915315056693 0
1592732145738 0.846230664795519 0
1592732777887 0.8495824040330577 0
1592733412096 0.848330264902094 0
1592734045886 0.8457254407037192 0
1592734678602 0.8506860325631426 0
1592735309293 0.8556301991158508 0
1592735942267 0.8516038443971095 0
1592736574609 0.8562286320389783 0
1592737206289 0.8576971819874284 0
1592737838033 0.853962832040572 0
1592738470683 0.8465836046340874 0
1592739104822 0.8559754827746665 0
1592739736080 0.8526714942265483 0
1592740367830 0.8499151968586206 0
1592740999170 0.8561610868934995 0
1592741630843 0.8545402894797438 0
1592742264908 0.8505148703138724 0
