1592709474776 0.710121756187178 0
1592710189770 0.6957240166692145 0
1592710903473 0.7238827896700106 0
1592711615737 0.7005089757310592 0
1592712330286 0.7755070338353327 0
1592713043455 0.6947374661963778 0
1592713752919 0.7346163165062033 0
1592714423636 0.7573878714519964 0
1592715093641 0.7573907074757087 0
1592715765445 0.7793767551673173 0
1592716437358 0.7455734912641927 0
1592717108571 0.7589383832697656 0
1592717776678 0.7632941624618755 0
1592718448518 0.7858173551261239 0
1592719121256 0.7772508286085299 0
1592719791561 0.7721640006223501 0
1592720460742 0.783067864189201 0
1592721132569 0.7703827880658893 0
1592721804039 0.7679745247581142 0
1592722473873 0.7866454876771647 0
1592723144248 0.7864082547715117 0
1592723815417 0.7883030907736289 0
1592724485827 0.7916843209944251 0
1592725156782 0.7733100229768097 0
1592725817809 0.7869853554008431 0
1592726452085 0.7790559414378024 0
1592727083328 0.7798869792851519 0
1592727715840 0.7844978554260934 0
1592728345307 0.7705013423022384 0
1592728978354 0.7711323790571923 0
1592729612457 0.7843757636482577 0
1592730246938 0.78081524808957 0
1592730878240 0.7827018011177705 0
1592731511521 0.7874688199604988 0
1592732145741 0.7799623455313284 0
1592732777891 0.7864809675360747 0
1592733412099 0.78607713380338 0
1592734045889 0.7813973966896887 0
1592734678606 0.7850232387207926 0
1592735309297 0.7942470888086827 0
1592735942271 0.7892203324181386 0
1592736574613 0.79141345043409 0
1592737206293 0.7936005720803556 0
1592737838037 0.7886525041254312 0
1592738470688 0.7832699345787669 0
1592739104826 0.7910339299161993 0
1592739736084 0.7873578053076592 0
1592740367833 0.7858486977427435 0
1592740999173 0.7920017048207303 0
1592741630846 0.7900745342230787 0
1592742264912 0.7862561930686132 0
