1592709474771 0.5847281450326288 0
1592710189765 0.5578019413056858 0
1592710903468 0.57301146226174 0
1592711615730 0.5934030039083206 0
1592712330281 0.6767768630429374 0
1592713043450 0.5848416458590998 0
1592713752914 0.6133905354990784 0
1592714423632 0.6752921731241228 0
1592715093636 0.6779051959855447 0
1592715765441 0.7177333820289968 0
1592716437352 0.6726758834990737 0
1592717108567 0.6787765081836866 0
1592717776673 0.6870741020477765 0
1592718448514 0.7176868793405661 0
1592719121252 0.7087558848640572 0
1592719791556 0.6957391176769776 0
1592720460737 0.7335190338425996 0
1592721132564 0.7021923337704385 0
1592721804035 0.6869176220001343 0
1592722473869 0.7236129624064106 0
1592723144244 0.7348763140897235 0
1592723815413 0.7332037249447976 0
1592724485822 0.7452418534128947 0
1592725156777 0.719736426883626 0
1592725817804 0.7419419505616199 0
1592726452081 0.7378171873694653 0
1592727083323 0.7299731820156583 0
1592727715836 0.7346007475678477 0
1592728345303 0.7143472343522205 0
1592728978348 0.7244054873548711 0
1592729612453 0.7446943116228292 0
1592730246934 0.7359912521245237 0
1592730878236 0.7447740707721876 0
1592731511513 0.7513520997758687 0
1592732145737 0.7421948095191446 0
1592732777887 0.7434621267760111 0
1592733412095 0.7471218329434376 0
1592734045885 0.7404148161737653 0
1592734678601 0.7514693973328997 0
1592735309292 0.7545133605536621 0
1592735942266 0.7544829297872858 0
1592736574608 0.7616686898992736 0
1592737206288 0.7647628721650915 0
1592737838033 0.7576142227941443 0
1592738470682 0.7476560634629452 0
1592739104822 0.7549550646450776 0
1592739736079 0.7543222090435369 0
1592740367829 0.74907540115215 0
1592740999169 0.7604794721846456 0
1592741630842 0.7619072903002896 0
1592742264907 0.7489654476737878 0
