1592709356722 0.11661786393986807 0
1592710073222 0.08119713516698943 0
1592710787332 0.0770932751066155 0
1592711500239 0.06953938518961271 0
1592712214247 0.06838681995454762 0
1592712925585 0.061807387984461254 0
1592713641025 0.06247338415020042 0
1592714311550 0.06044676809675164 0
1592714981874 0.05661059360537264 0
1592715653148 0.05644140804807345 0
1592716324980 0.04886081737362676 0
1592716996498 0.04748952992260456 0
1592717664970 0.04580907192081213 0
1592718336555 0.04645425635079543 0
1592719008926 0.045083299515148 0
1592719680004 0.045015139407995675 0
1592720349121 0.04303577414403359 0
1592721021117 0.042848179563879964 0
1592721691740 0.041969593034850226 0
1592722362135 0.04224581155512068 0
1592723032527 0.0392200557846162 0
1592723704400 0.037689689613050886 0
1592724374499 0.0367922366824415 0
1592725045215 0.037198281031515866 0
1592725709584 0.037262145334647764 0
1592726343987 0.0363051291451686 0
1592726975398 0.036252867146912546 0
1592727607676 0.03488728532774581 0
1592728237259 0.03444254672361745 0
1592728870186 0.03480821016348071 0
1592729503998 0.03303541912179854 0
1592730138870 0.03292147288305892 0
1592730770270 0.03255537979718712 0
1592731403413 0.03217732815071941 0
1592732037354 0.03314342268846101 0
1592732669707 0.03275490230259796 0
1592733303661 0.03314244089337687 0
1592733937461 0.031336337048560384 0
1592734570285 0.03223692583748036 0
1592735201142 0.031773272253986864 0
1592735833984 0.030919233533657258 0
1592736466219 0.029665579243252676 0
1592737098152 0.03023502247201072 0
1592737729971 0.03023177528546916 0
1592738362500 0.03102624212081234 0
1592738997024 0.029829914263553088 0
1592739627747 0.031029387882186305 0
1592740259749 0.02978461527162128 0
1592740891158 0.030939392261207104 0
1592741522737 0.02986243178861009 0
1592742156338 0.028727426413032744 0
