1593022445210 0.48568618883828824 0
1593023053722 0.3894603699769518 0
1593023662380 0.5810086682578783 0
1593024270741 0.46374497724184555 0
1593024877253 0.5812324042137952 0
1593025485351 0.5350437147450804 0
1593026093961 0.5766679483961502 0
1593026702610 0.5885255421246715 0
1593027311307 0.6009574442412553 0
1593027921060 0.6325712304219898 0
1593028527938 0.6526825849591595 0
1593029136654 0.6480452870672185 0
1593029745056 0.6318658150058215 0
1593030357160 0.6406038705757131 0
1593030966798 0.6105886955573159 0
1593031575365 0.6719834486360987 0
1593032182560 0.6189270161478939 0
1593032791836 0.6465666574088971 0
1593033402151 0.6331265962596414 0
1593034014315 0.6203779050323005 0
1593034624344 0.6758094256636424 0
1593035235059 0.6618412269640762 0
1593035844459 0.65407359045729 0
1593036453624 0.6649746916371935 0
1593037062939 0.6545392067515043 0
1593037672446 0.670754852309165 0
1593038283436 0.6766317758690792 0
1593038891946 0.6339789929745494 0
1593039501971 0.6912686190514574 0
1593040109282 0.663202562464614 0
1593040720541 0.6631531602643919 0
1593041330164 0.6872816685854578 0
1593041939659 0.6845172812993531 0
1593042549066 0.6830826152300565 0
1593043159098 0.689554182871069 0
1593043767460 0.6727283872768247 0
1593044377129 0.6858783530204036 0
1593044987151 0.6886850702248632 0
1593045598481 0.7012025022636972 0
1593046207526 0.6930495762940868 0
1593046819133 0.6868249465378948 0
1593047427908 0.6938110235323373 0
1593048036578 0.6972640416262827 0
1593048646878 0.7047591581325904 0
1593049256950 0.6935345333126156 0
1593049866945 0.7076179149269212 0
1593050477421 0.695906267253714 0
1593051085572 0.7010850771085487 0
1593051811495 0.7130515816063139 0
1593052500739 0.7038768296207404 0
1593053110110 0.7006532167432787 0
