1593022445222 0.6295622552680027 0
1593023053729 0.581892970697214 0
1593023662387 0.7221106535520899 0
1593024270749 0.6210119167322781 0
1593024877261 0.7373570883048738 0
1593025485360 0.6639779213327421 0
1593026093968 0.7291329975382485 0
1593026702619 0.7077573174504719 0
1593027311313 0.7328196355534504 0
1593027921070 0.7459684074589383 0
1593028527945 0.7760596653575415 0
1593029136662 0.7566088172907232 0
1593029745064 0.7648863898113019 0
1593030357168 0.7661191679164735 0
1593030966805 0.7511179285322278 0
1593031575373 0.7826414751674468 0
1593032182567 0.7579641267824884 0
1593032791846 0.7515308148475663 0
1593033402158 0.7838551270502314 0
1593034014323 0.7442246655873115 0
1593034624351 0.7781766029450632 0
1593035235065 0.7649213012498984 0
1593035844468 0.7693968585443961 0
1593036453631 0.7670006741728065 0
1593037062947 0.7654780661882722 0
1593037672455 0.7695136141183192 0
1593038283443 0.7828038750817837 0
1593038891953 0.7614850772333968 0
1593039501981 0.7897440888587146 0
1593040109290 0.7695524222399468 0
1593040720549 0.7712765046162992 0
1593041330173 0.7854083743964526 0
1593041939666 0.7774993298841035 0
1593042549075 0.7801659133799802 0
1593043159108 0.7802954302481145 0
1593043767468 0.7626051950300536 0
1593044377136 0.7814893464999595 0
1593044987158 0.7832899696749254 0
1593045598488 0.7881134286517006 0
1593046207533 0.7838784050116608 0
1593046819139 0.7849434653073276 0
1593047427916 0.7866798900461159 0
1593048036586 0.7851135390459834 0
1593048646887 0.7919567260386668 0
1593049256957 0.7824041495442626 0
1593049866952 0.7906938482094248 0
1593050477429 0.7858525986342051 0
1593051085581 0.7902390281071926 0
1593051811514 0.796148004018187 0
1593052500748 0.7886861700079759 0
1593053110118 0.7910582241038495 0
