1593022445215 0.4566804332883618 0
1593023053725 0.3595991943522186 0
1593023662383 0.5410177178961055 0
1593024270744 0.4401388437358977 0
1593024877256 0.5442082466882316 0
1593025485354 0.5032335723799352 0
1593026093964 0.5459796864718569 0
1593026702614 0.5547838775059768 0
1593027311309 0.5704525879005479 0
1593027921064 0.5981707184827993 0
1593028527940 0.616067216326269 0
1593029136657 0.6135623225336861 0
1593029745059 0.5995465545430896 0
1593030357163 0.604148606724508 0
1593030966801 0.577656637212625 0
1593031575368 0.6337814113813991 0
1593032182563 0.5851288394780925 0
1593032791840 0.6113872620332959 0
1593033402154 0.5989879593906621 0
1593034014318 0.5897532934750848 0
1593034624347 0.6392902708881171 0
1593035235061 0.6267284441000918 0
1593035844463 0.6206925013208276 0
1593036453626 0.6296261826727495 0
1593037062942 0.620939753363801 0
1593037672450 0.6358513749450199 0
1593038283439 0.6407350412196444 0
1593038891949 0.6002962413738712 0
1593039501975 0.6530584695941987 0
1593040109286 0.6268562226543726 0
1593040720544 0.6275860027277537 0
1593041330167 0.6482261275853372 0
1593041939662 0.6475187099458989 0
1593042549069 0.6474222342380389 0
1593043159102 0.6514741942084072 0
1593043767463 0.6375791072080998 0
1593044377131 0.648564848059362 0
1593044987153 0.6505757263211966 0
1593045598484 0.663280202729637 0
1593046207528 0.6522336378450996 0
1593046819135 0.6494400844486654 0
1593047427911 0.6563640157035102 0
1593048036581 0.658820426079316 0
1593048646881 0.6654646738768082 0
1593049256953 0.6567364564217159 0
1593049866948 0.6680271200153667 0
1593050477424 0.6571878705421403 0
1593051085577 0.6625003454397551 0
1593051811499 0.6732292008661704 0
1593052500743 0.6668095571012829 0
1593053110114 0.6629759255504275 0
