1593022445220 0.6433417497516867 0
1593023053729 0.6001700117233875 0
1593023662387 0.7398513205763942 0
1593024270748 0.6341304000162526 0
1593024877260 0.7539084185854927 0
1593025485359 0.6775011117485501 0
1593026093967 0.7448266677630102 0
1593026702618 0.7231446867437636 0
1593027311313 0.7485761111593473 0
1593027921069 0.7604342693817056 0
1593028527944 0.7909818844620895 0
1593029136661 0.7720367147926772 0
1593029745063 0.7795046179623409 0
1593030357168 0.7826188363519359 0
1593030966804 0.7672829440610432 0
1593031575372 0.798471648175317 0
1593032182567 0.7742527484649531 0
1593032791845 0.7659744586341082 0
1593033402157 0.7989824431465291 0
1593034014322 0.7572721225700652 0
1593034624351 0.7936388647761625 0
1593035235065 0.7805569215959703 0
1593035844467 0.7847858770157582 0
1593036453630 0.7826886026596175 0
1593037062946 0.78018259075198 0
1593037672455 0.7844737973378006 0
1593038283443 0.7992414508676253 0
1593038891953 0.7757842953496744 0
1593039501980 0.8072883158465495 0
1593040109289 0.7848106731108432 0
1593040720548 0.7871942417969325 0
1593041330172 0.8021455655655193 0
1593041939665 0.7936126209186076 0
1593042549074 0.7961204020407017 0
1593043159107 0.7959150311907262 0
1593043767467 0.776831191504894 0
1593044377135 0.7971279933986752 0
1593044987157 0.7985370044240606 0
1593045598487 0.8034472619329064 0
1593046207532 0.7995259249581377 0
1593046819139 0.7997719631285608 0
1593047427915 0.8024551748984792 0
1593048036585 0.8007189588638837 0
1593048646886 0.8066985515211109 0
1593049256956 0.7988653414684002 0
1593049866951 0.805546484959513 0
1593050477428 0.8017133376940495 0
1593051085580 0.8055174716259996 0
1593051811513 0.8134119405850063 0
1593052500747 0.8027426965553857 0
1593053110117 0.8063607175574953 0
