1593022445213 0.476345938201304 0
1593023053724 0.3798933067859766 0
1593023662382 0.5683108564911318 0
1593024270743 0.45642598461690004 0
1593024877255 0.5695202364579859 0
1593025485353 0.5255133353951795 0
1593026093962 0.5670625601586432 0
1593026702612 0.5782561173629306 0
1593027311308 0.5916593883737248 0
1593027921062 0.6215054890847097 0
1593028527939 0.6410367836615984 0
1593029136656 0.6371161801825643 0
1593029745058 0.6217804950840204 0
1593030357161 0.6300785601782216 0
1593030966799 0.6007627697534017 0
1593031575366 0.6601294436417242 0
1593032182562 0.6085068970332935 0
1593032791838 0.6355209031323692 0
1593033402152 0.6229646384120617 0
1593034014317 0.6107044371115244 0
1593034624345 0.6647077720783638 0
1593035235060 0.6518542118597785 0
1593035844461 0.644663417291669 0
1593036453625 0.6543024402602556 0
1593037062940 0.6446973530777265 0
1593037672448 0.6607405443886694 0
1593038283438 0.6665895971901481 0
1593038891948 0.6245914587496628 0
1593039501973 0.6801996987136625 0
1593040109284 0.6518444718672887 0
1593040720542 0.653231645652987 0
1593041330165 0.676278582741351 0
1593041939660 0.6744965486777093 0
1593042549067 0.6731763312605391 0
1593043159100 0.6787873690784683 0
1593043767462 0.6630513308064151 0
1593044377130 0.6741889717204768 0
1593044987152 0.6773563135185949 0
1593045598482 0.6901633355587095 0
1593046207527 0.6821862193001563 0
1593046819134 0.6756212506560956 0
1593047427910 0.6826225034529506 0
1593048036579 0.6867310155097055 0
1593048646879 0.6939539281497112 0
1593049256951 0.68243920746266 0
1593049866947 0.6963647406191121 0
1593050477423 0.6856359158201863 0
1593051085575 0.6902866769105155 0
1593051811497 0.7016040015620324 0
1593052500742 0.6938199884128696 0
1593053110112 0.6900511713258088 0
