1593022445223 0.6095813427701313 0
1593023053730 0.5553800488832904 0
1593023662388 0.6950872845477113 0
1593024270749 0.6037558714320352 0
1593024877261 0.7122012595693432 0
1593025485361 0.6419507665209191 0
1593026093969 0.704918160066834 0
1593026702619 0.6851205855631283 0
1593027311314 0.7132335446896203 0
1593027921071 0.7243959733430361 0
1593028527945 0.7518099979256506 0
1593029136662 0.7338602028082658 0
1593029745064 0.7416512905436197 0
1593030357169 0.7426841207567085 0
1593030966805 0.7279661981406981 0
1593031575374 0.758705341785326 0
1593032182568 0.7341492466567113 0
1593032791847 0.7307423291141381 0
1593033402158 0.7565983767170159 0
1593034014324 0.7229973229872051 0
1593034624352 0.7546267036408459 0
1593035235066 0.7435976979646082 0
1593035844469 0.7488722858761472 0
1593036453632 0.7455420171276094 0
1593037062947 0.7443801813464918 0
1593037672456 0.7482266338347983 0
1593038283444 0.7609448661312406 0
1593038891954 0.7385011977237124 0
1593039501982 0.7659837026260293 0
1593040109291 0.7488843439042879 0
1593040720549 0.749867901337801 0
1593041330174 0.7618282018158278 0
1593041939666 0.7545048552301465 0
1593042549076 0.7599096057476196 0
1593043159109 0.7564159079675593 0
1593043767469 0.740919105890148 0
1593044377136 0.757987485018815 0
1593044987159 0.7601833585432439 0
1593045598489 0.7661782603102875 0
1593046207533 0.75820412430646 0
1593046819140 0.7614680052924118 0
1593047427916 0.7637455915532366 0
1593048036586 0.7622945158865584 0
1593048646887 0.7693330441311266 0
1593049256958 0.7609322940363475 0
1593049866953 0.767148793658649 0
1593050477430 0.762443877246715 0
1593051085582 0.7663412925733097 0
1593051811515 0.7741969582728242 0
1593052500749 0.7670304951875161 0
1593053110119 0.7678569298445261 0
