1593022331319 0.12401463882790671 0
1593022945502 0.09021571315824986 0
1593023555048 0.08223681466446983 0
1593024162589 0.07892491701990366 0
1593024770006 0.07535378115872542 0
1593025377768 0.06980415273043844 0
1593025986210 0.06980445018659036 0
1593026595124 0.06744180120941666 0
1593027203776 0.06609368565181892 0
1593027813460 0.06542778913759523 0
1593028420523 0.05793411626170079 0
1593029029207 0.056178536725540955 0
1593029637630 0.056612144038081166 0
1593030249446 0.05550353577567471 0
1593030859091 0.05396717897305886 0
1593031468300 0.053694173594315844 0
1593032074862 0.05315300078027778 0
1593032684619 0.052269275337457656 0
1593033294442 0.051026637595560816 0
1593033906130 0.05075681517107619 0
1593034516831 0.04784985471516848 0
1593035127610 0.046470527843468716 0
1593035736581 0.045786543004214766 0
1593036346202 0.04631266930450996 0
1593036955412 0.04552778955755962 0
1593037564775 0.04559866070540415 0
1593038175843 0.044137051962316036 0
1593038784187 0.044742889168361825 0
1593039394484 0.04390143410199218 0
1593040001709 0.0432332785303394 0
1593040612638 0.042554726203282676 0
1593041222899 0.041397937178197834 0
1593041832215 0.0416569087944097 0
1593042441311 0.0423176655628615 0
1593043051788 0.040987304974761274 0
1593043659674 0.04091861773075329 0
1593044269953 0.04120163983354966 0
1593044879556 0.04066586955553955 0
1593045490994 0.040026176205525794 0
1593046099797 0.04044460583892134 0
1593046711256 0.039184158916274706 0
1593047320496 0.039680827419377035 0
1593047929189 0.038308363186402454 0
1593048539473 0.03931635659394993 0
1593049149535 0.039056045659300355 0
1593049759682 0.038585503047539126 0
1593050369797 0.038223084931572275 0
1593050977889 0.03804984257659978 0
1593051652956 0.03788074842136767 0
1593052393372 0.03796015858236287 0
1593053002639 0.03791849584939579 0
