1591501904710 0.4389917783335826 0
1591502307478 0.4005956463732092 0
1591502709812 0.45959714851116124 0
1591503112772 0.4747670443026662 0
1591503516200 0.7271025842206464 0
1591503919197 0.6577914994979936 0
1591504320989 0.6439636853309058 0
1591504723836 0.6005249578092295 0
1591505126138 0.6954228575379102 0
1591505529517 0.7182795326446907 0
1591505932207 0.6996125939816892 0
1591506335753 0.675612108393609 0
1591506738454 0.7240779194466657 0
1591507142424 0.7017224583134299 0
1591507545528 0.7376619944135077 0
1591507950177 0.7021816039434077 0
1591508354162 0.7289679151582236 0
1591508758975 0.7281389945235118 0
1591509162983 0.7331545718457511 0
1591509568156 0.7400821342861431 0
1591509972405 0.7360511081417892 0
1591510377596 0.7328380355092287 0
1591510782115 0.7373040121738267 0
1591511187582 0.7422540411511274 0
1591511592201 0.7370707521415834 0
1591511997836 0.7361514783766885 0
1591512402328 0.7336475736176606 0
1591512808154 0.7324727183671207 0
1591513212820 0.73612459168229 0
1591513618542 0.7359128614216722 0
1591514023217 0.733439234871403 0
1591514429104 0.7325608881053407 0
1591514833983 0.7327535243664897 0
1591515239988 0.7319513898104414 0
1591515644871 0.7330859778819937 0
1591516050784 0.7334499095328862 0
1591516455816 0.733582583685168 0
1591516861617 0.7334688304544077 0
1591517266491 0.7337065413141968 0
1591517672611 0.7334493782290727 0
1591518077877 0.7336020359105029 0
1591518483743 0.7337058397228677 0
1591518888577 0.7335922470487222 0
1591519294053 0.7335636845894259 0
1591519698890 0.7339401642218983 0
1591520104837 0.7338308610128256 0
1591520509910 0.7339548186418543 0
1591520915695 0.7333619734701958 0
1591521320626 0.7334916549724264 0
1591521726497 0.733959245700034 0
1591522131455 0.733959245700034 0
