1591501904693 0.22083409566736772 0
1591502307459 0.2400739154577937 0
1591502709798 0.2428401690973737 0
1591503112757 0.28840409506678216 0
1591503516184 0.4707499136602171 0
1591503919183 0.42191136444956 0
1591504320974 0.38351251225576716 0
1591504723822 0.3550454536667517 0
1591505126122 0.4318353006071569 0
1591505529502 0.49014004436475717 0
1591505932187 0.5209358411646297 0
1591506335736 0.47397919411876455 0
1591506738440 0.5179484701342867 0
1591507142410 0.47279347705769886 0
1591507545514 0.5498924223057076 0
1591507950158 0.4903655272797363 0
1591508354139 0.5523031816955405 0
1591508758960 0.5488885989300902 0
1591509162969 0.5507757936047942 0
1591509568142 0.5620511331719302 0
1591509972392 0.5429152493704454 0
1591510377580 0.5428132770567755 0
1591510782101 0.553838639335776 0
1591511187568 0.5603578600462545 0
1591511592188 0.5551318928286183 0
1591511997818 0.5546887208421633 0
1591512402314 0.5503089929474294 0
1591512808138 0.5496065954672407 0
1591513212798 0.55439480412481 0
1591513618525 0.5547340238783907 0
1591514023200 0.5502032414896997 0
1591514429091 0.5506136363913077 0
1591514833967 0.5510455040954277 0
1591515239957 0.5509638834509453 0
1591515644850 0.5507907565098479 0
1591516050771 0.5512402414819825 0
1591516455802 0.5512442783707957 0
1591516861604 0.5514776272641414 0
1591517266477 0.5512885575212914 0
1591517672597 0.5514855945081789 0
1591518077852 0.5509349786650172 0
1591518483728 0.5513633889016334 0
1591518888563 0.5512997788222965 0
1591519294040 0.5514667291356601 0
1591519698873 0.5513673300437643 0
1591520104823 0.5514399506697655 0
1591520509895 0.5517734328769979 0
1591520915682 0.5512151777574428 0
1591521320612 0.5512404234775978 0
1591521726482 0.5514983087362627 0
1591522131442 0.5515976734688298 0
