1591501904698 0.2163927744510805 0
1591502307464 0.23349942497199153 0
1591502709802 0.23511200943538352 0
1591503112762 0.2800749208849286 0
1591503516190 0.4503767816591164 0
1591503919187 0.4088965175005376 0
1591504320979 0.37127122193663475 0
1591504723827 0.34622996752388085 0
1591505126126 0.41969930029676383 0
1591505529507 0.47212994780434314 0
1591505932193 0.5038632753359057 0
1591506335741 0.45752623364409384 0
1591506738444 0.5011197015113306 0
1591507142414 0.4602555215172611 0
1591507545518 0.5298407413321353 0
1591507950163 0.473825165116866 0
1591508354146 0.5330662351633811 0
1591508758965 0.5300257121492128 0
1591509162973 0.5346089952569817 0
1591509568146 0.544829796162972 0
1591509972396 0.5256272304393566 0
1591510377584 0.5273083136465551 0
1591510782105 0.5369583580673598 0
1591511187572 0.5418902002745086 0
1591511592192 0.5367448653178645 0
1591511997824 0.5371762076257821 0
1591512402318 0.5319359139700403 0
1591512808143 0.5319887682573199 0
1591513212805 0.5366570136538282 0
1591513618529 0.5362628237818737 0
1591514023205 0.532345294906728 0
1591514429094 0.5332365978360327 0
1591514833971 0.5330177894034688 0
1591515239964 0.5333950867891946 0
1591515644854 0.5332403721763094 0
1591516050774 0.5331971073355283 0
1591516455805 0.5332011442243415 0
1591516861608 0.5334310015249712 0
1591517266481 0.5332392545930184 0
1591517672601 0.5334389687690091 0
1591518077858 0.5329013571382796 0
1591518483732 0.5333144467851085 0
1591518888567 0.5332833422226297 0
1591519294044 0.5336237795513511 0
1591519698878 0.5335263994213746 0
1591520104827 0.5336032661010623 0
1591520509900 0.5337036465661459 0
1591520915686 0.5331665276059651 0
1591521320617 0.5335904120722349 0
1591521726487 0.5336821312562923 0
1591522131446 0.5337801002000319 0
