1591501904707 0.44507141864617356 0
1591502307475 0.4057819970912135 0
1591502709810 0.46647226273117853 0
1591503112770 0.48157232675025236 0
1591503516198 0.7393824078544381 0
1591503919195 0.6677574204695985 0
1591504320987 0.6520548411058076 0
1591504723834 0.6086796378572684 0
1591505126134 0.7056076100092644 0
1591505529515 0.7291922210111648 0
1591505932205 0.7105060326771689 0
1591506335751 0.6843551760348806 0
1591506738452 0.7354066136877847 0
1591507142422 0.7126302023236133 0
1591507545526 0.7505711716057166 0
1591507950175 0.7105193605930386 0
1591508354160 0.740037252517941 0
1591508758973 0.7371678273680483 0
1591509162981 0.7444297013722333 0
1591509568154 0.75130464933072 0
1591509972403 0.746817097628368 0
1591510377594 0.7438170956647913 0
1591510782113 0.7474898497911625 0
1591511187580 0.7520603740703017 0
1591511592199 0.7467925211115067 0
1591511997834 0.745053359185268 0
1591512402327 0.7418817937444343 0
1591512808152 0.7421272355384709 0
1591513212818 0.7454076203300948 0
1591513618540 0.7451952861305174 0
1591514023215 0.7428901354146042 0
1591514429102 0.7426324568765083 0
1591514833980 0.7427445855237996 0
1591515239982 0.741883159822099 0
1591515644867 0.7427528688243463 0
1591516050782 0.7423089991411979 0
1591516455814 0.7424598287037915 0
1591516861615 0.7423084573791986 0
1591517266489 0.7425837863328204 0
1591517672609 0.7420400166695814 0
1591518077873 0.7427282694134092 0
1591518483741 0.742832073225774 0
1591518888575 0.7427184805516279 0
1591519294051 0.7424227741977375 0
1591519698888 0.7427992538302097 0
1591520104835 0.7427081060314492 0
1591520509909 0.7428320636604779 0
1591520915693 0.7422210630785071 0
1591521320624 0.7423507445807379 0
1591521726495 0.7428364907186579 0
1591522131454 0.7428364907186579 0
