1591501904703 0.20276440452872532 0
1591502307470 0.21838342700072644 0
1591502709806 0.21710293535450897 0
1591503112766 0.25783834775082104 0
1591503516194 0.4060876890011818 0
1591503919191 0.37724323405185683 0
1591504320983 0.3437532713039589 0
1591504723831 0.3206053040135696 0
1591505126130 0.3898637061120769 0
1591505529511 0.4326778151991975 0
1591505932200 0.4600163200779206 0
1591506335746 0.42205735699663366 0
1591506738448 0.45880782866264536 0
1591507142418 0.4241064698721791 0
1591507545522 0.481671503180494 0
1591507950169 0.43796634364977927 0
1591508354152 0.49067654586039794 0
1591508758969 0.48737657827276315 0
1591509162977 0.4900122329687254 0
1591509568150 0.4964632550268855 0
1591509972400 0.483045590215985 0
1591510377589 0.48376306768511407 0
1591510782109 0.4921159234785427 0
1591511187576 0.49738199171601527 0
1591511592196 0.492726317673686 0
1591511997830 0.49271343734011447 0
1591512402322 0.48829205275212945 0
1591512808148 0.48672917912687996 0
1591513212814 0.49195380158694874 0
1591513618535 0.49188771161023437 0
1591514023210 0.48881563550958607 0
1591514429098 0.48893745760903595 0
1591514833976 0.4893027920327542 0
1591515239971 0.48905074082167077 0
1591515644858 0.48889225996523755 0
1591516050778 0.4888580821384241 0
1591516455809 0.48885096461722405 0
1591516861611 0.4890720478145094 0
1591517266485 0.48889899201449677 0
1591517672605 0.48911726895056223 0
1591518077867 0.4886525195832307 0
1591518483737 0.4890160320386508 0
1591518888571 0.48899903800392397 0
1591519294047 0.4892931161315505 0
1591519698882 0.4891567071994169 0
1591520104831 0.48908799740777326 0
1591520509904 0.48938271676564116 0
1591520915690 0.48888277561474863 0
1591521320621 0.4890957643150444 0
1591521726491 0.48934548665841615 0
1591522131450 0.48941749516040345 0
