1591501877684 0.28935068519199525 0
1591502283920 0.260321330063289 0
1591502686220 0.25064146379829955 0
1591503089279 0.2460072426036263 0
1591503492911 0.24415648884376892 0
1591503895891 0.2314913652330562 0
1591504297744 0.22793889466100736 0
1591504700419 0.22424167773735612 0
1591505102781 0.21987369720371305 0
1591505506234 0.21845297312706483 0
1591505908916 0.21764882201661992 0
1591506312471 0.2169972110154947 0
1591506715202 0.21260891738406357 0
1591507119211 0.2114546126322422 0
1591507522268 0.20829362228925644 0
1591507926735 0.2102260917275018 0
1591508330819 0.20945976693323937 0
1591508735651 0.20649202719743667 0
1591509139682 0.20493339857916987 0
1591509544788 0.2058386901013497 0
1591509949017 0.20592107700761078 0
1591510354072 0.20751904945829955 0
1591510758715 0.20615324408041139 0
1591511164070 0.20522524345131304 0
1591511568823 0.20490004238613907 0
1591511974247 0.20470228547263206 0
1591512379024 0.20523524183019884 0
1591512784699 0.20470984077423585 0
1591513189369 0.20474585335260675 0
1591513595014 0.20474282139794953 0
1591513999767 0.20536875514599778 0
1591514405712 0.20463342563031 0
1591514810498 0.20461706336709654 0
1591515216404 0.20483894203261704 0
1591515621576 0.2049797528261502 0
1591516027325 0.2049816802556929 0
1591516432347 0.20508267987585188 0
1591516838217 0.2052346516766536 0
1591517243026 0.20451013687575795 0
1591517649124 0.20512986284509413 0
1591518054379 0.20405179134544257 0
1591518460380 0.20458015444822214 0
1591518865016 0.20512937970215486 0
1591519270670 0.20510313988332485 0
1591519675374 0.20551991368871492 0
1591520081324 0.20422547890497394 0
1591520486484 0.20452629611534195 0
1591520892314 0.20589484736060615 0
1591521297197 0.20494906547988392 0
1591521703109 0.2049293988747921 0
1591522107947 0.20455332201734297 0
