1592629674277 0.7444690030388968 0
1592630591294 0.7297205936173458 0
1592631511535 0.7376474721687274 0
1592632426839 0.7446489309201189 0
1592633363567 0.7631843259600071 0
1592634280294 0.7620488317555437 0
1592635191485 0.79610967920482 0
1592636104806 0.7604066379440904 0
1592637019908 0.7655641580684932 0
1592637937993 0.7804909252797988 0
1592638847131 0.7995765721619001 0
1592639766962 0.8011435853737553 0
1592640680951 0.7959030780197551 0
1592641597863 0.7876174721931513 0
1592642515522 0.7967656341557445 0
1592643436519 0.7943980083945926 0
1592644356793 0.8051335579327126 0
1592645273341 0.8087628870809626 0
1592646187969 0.8026267163573768 0
1592647107876 0.8094313629602115 0
1592648020839 0.8088254055474748 0
1592648954381 0.8050949251012016 0
1592649869307 0.8144480216164635 0
1592650799453 0.800237583832733 0
1592651737375 0.803099221997295 0
1592652672934 0.801857042019587 0
1592653611414 0.8126650746090436 0
1592654556732 0.8087363785583723 0
1592655482813 0.8123563413370289 0
1592656417592 0.8122782319711394 0
1592657360170 0.8084310513442963 0
1592658297443 0.81304650513142 0
1592659228794 0.8175899061778819 0
1592660162481 0.8081276598578799 0
1592661103331 0.8136874229599247 0
1592662035275 0.8075306066826956 0
1592662967138 0.8094625402838472 0
1592663904978 0.8116320206714722 0
1592664843150 0.8132426880589171 0
1592665778425 0.8071288963949999 0
1592666714644 0.8171897071727138 0
1592667661301 0.8177299240152314 0
1592668586330 0.81332501175203 0
1592669525208 0.8174417924959932 0
1592670462844 0.813936132566298 0
1592671404658 0.8156468804136856 0
1592672340525 0.8121713578953076 0
1592673275245 0.8133150277085764 0
1592674209285 0.8152824161087542 0
1592675061843 0.8163540243801658 0
1592675710987 0.814767689338443 0
