1592629674257 0.6171223140304345 0
1592630591263 0.5792537101572169 0
1592631511526 0.6048459442325403 0
1592632426831 0.6244091427843433 0
1592633363549 0.6556293480580044 0
1592634280266 0.6275271358057432 0
1592635191477 0.6932291209288294 0
1592636104797 0.6535483301241106 0
1592637019882 0.6366769903315465 0
1592637937979 0.6518035792494768 0
1592638847121 0.7083506908190064 0
1592639766953 0.7183172380304154 0
1592640680941 0.7113980521029494 0
1592641597855 0.6990936830000839 0
1592642515508 0.7027721079439586 0
1592643436504 0.6950896934925577 0
1592644356783 0.7302159029399008 0
1592645273332 0.7393214231478434 0
1592646187953 0.7212934599584889 0
1592647107866 0.722467467982979 0
1592648020831 0.7450646904670445 0
1592648954372 0.7335951182753278 0
1592649869292 0.7501223231016857 0
1592650799444 0.7330579834144095 0
1592651737366 0.7299443159957134 0
1592652672926 0.72368357899022 0
1592653611395 0.7529695252518387 0
1592654556723 0.7482657127964693 0
1592655482794 0.7546545354839747 0
1592656417584 0.7488289052678555 0
1592657360152 0.7439394792350774 0
1592658297435 0.7582810929615593 0
1592659228769 0.7565063799030279 0
1592660162458 0.751881991131444 0
1592661103322 0.7589029531390363 0
1592662035266 0.7404087582793225 0
1592662967120 0.7491963478781607 0
1592663904969 0.7493392283217649 0
1592664843139 0.7519512077486311 0
1592665778410 0.7408273735243974 0
1592666714634 0.761401260374814 0
1592667661294 0.7635996874213203 0
1592668586297 0.7575009031055888 0
1592669525187 0.7592849996084612 0
1592670462823 0.7506473707454308 0
1592671404639 0.7578084627011586 0
1592672340502 0.7573139741389168 0
1592673275237 0.7596298036334523 0
1592674209277 0.7610834070959279 0
1592675061838 0.7543433199766294 0
1592675710980 0.7569524537673841 0
