1592629674253 0.6345233200051817 0
1592630591260 0.5932727021874022 0
1592631511523 0.6181855377276391 0
1592632426828 0.6402145269163798 0
1592633363545 0.6719508460084495 0
1592634280263 0.6423415538431775 0
1592635191474 0.7106169202665592 0
1592636104793 0.6685162696441392 0
1592637019877 0.649758140732575 0
1592637937974 0.6663794699284709 0
1592638847118 0.724202456138643 0
1592639766950 0.7344558990480271 0
1592640680937 0.7291479205611663 0
1592641597851 0.7149162341198536 0
1592642515505 0.7183066234701274 0
1592643436499 0.7124177460826268 0
1592644356780 0.7466563550997313 0
1592645273328 0.7569355753974442 0
1592646187950 0.737868962441498 0
1592647107863 0.7386698899351667 0
1592648020828 0.7613694217320801 0
1592648954369 0.7503251094026626 0
1592649869290 0.7674634299909786 0
1592650799440 0.749481677012188 0
1592651737362 0.7467224404334044 0
1592652672923 0.7387591022276976 0
1592653611392 0.7703081675830831 0
1592654556720 0.7654043142749387 0
1592655482788 0.7729710332170138 0
1592656417580 0.7660023488487422 0
1592657360148 0.7611473546801001 0
1592658297431 0.7758449037268647 0
1592659228765 0.7745365712344827 0
1592660162455 0.7694789124410434 0
1592661103319 0.7778106059132099 0
1592662035264 0.7579471951366228 0
1592662967117 0.7665506552217627 0
1592663904966 0.7668255380811444 0
1592664843135 0.7705073936240054 0
1592665778408 0.7590944802075003 0
1592666714631 0.7805094563855952 0
1592667661292 0.7829400517832631 0
1592668586293 0.775998451503353 0
1592669525183 0.7771408115619367 0
1592670462819 0.7675472657338509 0
1592671404637 0.776262241612928 0
1592672340498 0.7756692315614171 0
1592673275234 0.7768801279229753 0
1592674209273 0.7792497911761821 0
1592675061836 0.7721662397549949 0
1592675710978 0.774776948574754 0
