1592629674283 0.7617226757389236 0
1592630591295 0.7464946553013947 0
1592631511539 0.7533412451267288 0
1592632426845 0.7601422824655119 0
1592633363569 0.7800406423370582 0
1592634280300 0.7781618575223646 0
1592635191488 0.8128989191463031 0
1592636104808 0.7760035988554282 0
1592637019910 0.7812258837852001 0
1592637937997 0.7961993151947979 0
1592638847135 0.8158326250043634 0
1592639766966 0.8163499027542415 0
1592640680953 0.8130743730760318 0
1592641597867 0.8033655696847322 0
1592642515534 0.8127905605960758 0
1592643436526 0.8115002347130461 0
1592644356799 0.821771295481109 0
1592645273345 0.824529258455097 0
1592646187976 0.8188477950368439 0
1592647107879 0.8260192505485046 0
1592648020841 0.8248451296993751 0
1592648954385 0.8210795311902656 0
1592649869314 0.8299561725404904 0
1592650799459 0.8156465448996877 0
1592651737377 0.8193750465385063 0
1592652672937 0.817434673076335 0
1592653611416 0.8296334514445508 0
1592654556736 0.8241877379370374 0
1592655482818 0.8273603837237288 0
1592656417596 0.828709817348162 0
1592657360181 0.8243565663515807 0
1592658297447 0.8290761612372708 0
1592659228800 0.8324212639449354 0
1592660162483 0.824731852258575 0
1592661103335 0.8290048556165174 0
1592662035279 0.823493174247373 0
1592662967147 0.8253788133322729 0
1592663904980 0.8269476631825619 0
1592664843153 0.8287213676733614 0
1592665778427 0.8233708476538322 0
1592666714647 0.833158187029848 0
1592667661302 0.833065668649093 0
1592668586335 0.8289906831611159 0
1592669525215 0.8331750634909731 0
1592670462846 0.8301809842553244 0
1592671404661 0.8308858674445059 0
1592672340530 0.8280717282612434 0
1592673275249 0.8293105417503633 0
1592674209291 0.8308760405539859 0
1592675061845 0.831880167720318 0
1592675710988 0.8298765095810551 0
