1592629674258 0.6061057474554956 0
1592630591264 0.5697566410970973 0
1592631511527 0.5949217635153556 0
1592632426832 0.6143780722782342 0
1592633363550 0.6455819455062934 0
1592634280267 0.6176701489416917 0
1592635191478 0.6812702131044356 0
1592636104798 0.6426474393902282 0
1592637019883 0.6267713815809354 0
1592637937980 0.6412767143129793 0
1592638847122 0.6960508199194009 0
1592639766955 0.706033444266729 0
1592640680943 0.6990285888186506 0
1592641597856 0.6879549757321545 0
1592642515509 0.6904794318530857 0
1592643436505 0.6829950022149686 0
1592644356784 0.7185396824219153 0
1592645273333 0.7252412752973167 0
1592646187954 0.7094936708896367 0
1592647107867 0.7113759627509282 0
1592648020832 0.7314597156533388 0
1592648954373 0.7217473122275081 0
1592649869294 0.7381195947451571 0
1592650799445 0.7207206527510892 0
1592651737367 0.7172453030991003 0
1592652672927 0.7119750416410143 0
1592653611406 0.7390153147729758 0
1592654556724 0.736060037895389 0
1592655482796 0.7416904418596583 0
1592656417585 0.7357963496234559 0
1592657360153 0.7314077037230757 0
1592658297436 0.7462352272454525 0
1592659228770 0.7437804568893535 0
1592660162459 0.7394199222888217 0
1592661103323 0.74630580063375 0
1592662035267 0.7290266774019668 0
1592662967121 0.7367369703382691 0
1592663904970 0.736752592866326 0
1592664843141 0.7409673546880811 0
1592665778411 0.72905710944698 0
1592666714635 0.7498101648147463 0
1592667661295 0.751872342821183 0
1592668586304 0.7448997759312843 0
1592669525188 0.7475569037140559 0
1592670462826 0.7392960215257823 0
1592671404639 0.7456301422224206 0
1592672340503 0.7453415848297088 0
1592673275238 0.7463319031771998 0
1592674209278 0.7489942949851504 0
1592675061838 0.7421309968814035 0
1592675710981 0.7447127996448407 0
