1595237983814 0.540399419520443 0
1595239462925 0.5432772755020633 0
1595240956460 0.5508189137827957 0
1595242434129 0.5620347985698643 0
1595243900877 0.5520470759764396 0
1595245349370 0.5558407897482558 0
1595246802862 0.5464087363039585 0
1595248254544 0.5565188535866806 0
1595249710593 0.5532573648429537 0
1595251162907 0.556988062611006 0
1595252613830 0.5625476449398357 0
1595254058537 0.5546452656882777 0
1595255505657 0.5542129689251643 0
1595256954651 0.558622544644105 0
1595258431840 0.5536612373057642 0
1595259897596 0.5530086443685269 0
1595261364669 0.5562969430081222 0
1595262834423 0.5582010558269495 0
1595264303237 0.5553612385782924 0
1595265766217 0.5553970720308629 0
1595267235488 0.5546228248563259 0
1595268698387 0.5536426273827324 0
1595270161775 0.5538716747272225 0
1595271616091 0.5547194022136404 0
1595273086839 0.5562411150333766 0
1595274554941 0.5569396619368623 0
1595276031190 0.5572192929077874 0
1595277504535 0.5564272707630975 0
1595278987569 0.5559874559347946 0
1595280463781 0.5575703414911366 0
1595281947370 0.5552996796087443 0
1595283436823 0.5558166047760741 0
1595284905610 0.5543682772459488 0
1595286375110 0.5559068522162113 0
1595287823511 0.5555262343665321 0
1595289272650 0.5584007720611732 0
1595290721234 0.5564612828298588 0
1595292168565 0.5558059868582037 0
1595293612747 0.5587532361358616 0
1595295073575 0.5576975901823331 0
1595296523108 0.5568999822945138 0
1595297990230 0.5571473845991386 0
1595299451597 0.5565186547327577 0
1595300930765 0.5558857054483864 0
1595302399100 0.5560857283715147 0
1595303860960 0.5568108623019745 0
1595305345473 0.5565341031312592 0
1595306836071 0.5566174966871391 0
1595308329392 0.5571275369090897 0
1595309812596 0.5557670836657442 0
1595311276671 0.5569388684235322 0
1595312739114 0.5567187097540317 0
