1595237983816 0.5269543288041375 0
1595239462934 0.530897409557792 0
1595240956468 0.5375713911418312 0
1595242434138 0.548898115033347 0
1595243900888 0.5396307539909801 0
1595245349372 0.5430712333282423 0
1595246802864 0.5334560902254674 0
1595248254549 0.5437578855599102 0
1595249710607 0.5403689787930036 0
1595251162915 0.5442922906884293 0
1595252613841 0.5498724624122325 0
1595254058550 0.5411226417630591 0
1595255505661 0.5411305296130158 0
1595256954679 0.5456839681316705 0
1595258431845 0.5408747917063627 0
1595259897605 0.5402955993806304 0
1595261364672 0.54332668912316 0
1595262834435 0.5452912014374125 0
1595264303245 0.5426588399567076 0
1595265766222 0.5422361234641675 0
1595267235491 0.5421565806664711 0
1595268698485 0.5406186822715593 0
1595270161785 0.5413017032580869 0
1595271616102 0.5416791953129022 0
1595273086855 0.5433425907809154 0
1595274554972 0.5436811174718927 0
1595276031199 0.5441204478076124 0
1595277504540 0.5432647730034601 0
1595278987571 0.5428946865537381 0
1595280463788 0.5445621851643632 0
1595281947374 0.5420018931629986 0
1595283436834 0.542610355359721 0
1595284905615 0.5408189407757841 0
1595286375117 0.542867775440276 0
1595287823514 0.5422472103520176 0
1595289272656 0.545109493241457 0
1595290721248 0.5432891284661215 0
1595292168578 0.5425812447218367 0
1595293612751 0.5455701239428665 0
1595295073580 0.5444983314015837 0
1595296523114 0.5435795412061127 0
1595297990245 0.5438334356980326 0
1595299451618 0.543354475789628 0
1595300930769 0.5426049835416706 0
1595302399119 0.5431390702003333 0
1595303860979 0.543543616588817 0
1595305345489 0.5432359305950367 0
1595306836081 0.543238091756937 0
1595308329402 0.5438876570782814 0
1595309812602 0.5424295535616538 0
1595311276683 0.5437066389376533 0
1595312739124 0.5434511812023155 0
