1595237983731 0.5642013348957949 0
1595239462890 0.5650337350140691 0
1595240956435 0.571476433191085 0
1595242434080 0.5816551008155666 0
1595243900847 0.5715481596912043 0
1595245349345 0.5758670936458594 0
1595246802855 0.5660990586094228 0
1595248254530 0.5765991043638503 0
1595249710560 0.5726433143533048 0
1595251162889 0.5771850948581569 0
1595252613797 0.5824233891117163 0
1595254058479 0.5748133271687144 0
1595255505645 0.5736887070838983 0
1595256954630 0.5786734644554749 0
1595258431825 0.5741472539113882 0
1595259897516 0.5736148517271535 0
1595261364658 0.5762256231096154 0
1595262834398 0.5785887533300956 0
1595264303204 0.5758750572802215 0
1595265766204 0.5755716713495675 0
1595267235473 0.5750758366873101 0
1595268698373 0.5741913302056982 0
1595270161744 0.5736387321669806 0
1595271616051 0.5752255766735911 0
1595273086791 0.5765140763712635 0
1595274554918 0.5774827576506734 0
1595276031175 0.5776582004815428 0
1595277504521 0.5773530581152994 0
1595278987551 0.5763854087416181 0
1595280463760 0.5780580117401493 0
1595281947341 0.5760547258284543 0
1595283436750 0.5764296349439157 0
1595284905596 0.5752142276245322 0
1595286375090 0.5769142018294106 0
1595287823502 0.576841437976865 0
1595289272637 0.5792330215434786 0
1595290721204 0.5776467472558535 0
1595292168536 0.5769767310378403 0
1595293612729 0.5799115009012837 0
1595295073562 0.5786194094038133 0
1595296523092 0.5781969371636767 0
1595297990158 0.5781922029019316 0
1595299451565 0.5777077935534657 0
1595300930677 0.5773693319672947 0
1595302399074 0.5774334542390679 0
1595303860914 0.578117419971449 0
1595305345427 0.5777733375831735 0
1595306836040 0.5777669086987736 0
1595308329354 0.5783261643394886 0
1595309812553 0.5771884754799979 0
1595311276631 0.5783602779712604 0
1595312739082 0.5782516304827339 0
