1595237983844 0.6676118482739383 0
1595239462997 0.6688874134328571 0
1595240956530 0.6841912716359209 0
1595242434202 0.6967488752874895 0
1595243900963 0.715560207392609 0
1595245349410 0.6949661841495568 0
1595246802878 0.7102697476220189 0
1595248254575 0.6970898127691245 0
1595249710694 0.6881091279801685 0
1595251162961 0.6932802460382185 0
1595252613913 0.705578503005723 0
1595254058627 0.7054042488437002 0
1595255505689 0.6854195695711993 0
1595256954727 0.7036935627268747 0
1595258431889 0.6781427546691166 0
1595259897684 0.6916753944336801 0
1595261364686 0.6863307704788475 0
1595262834475 0.696302929744013 0
1595264303359 0.6956090380955999 0
1595265766321 0.6968141180160574 0
1595267235521 0.6877352691059516 0
1595268698572 0.6964965810063763 0
1595270161874 0.6951536894489408 0
1595271616167 0.6854579142932055 0
1595273086942 0.6946161259618189 0
1595274555041 0.6895691309610439 0
1595276031238 0.7021725168974418 0
1595277504573 0.6995723180783356 0
1595278987677 0.6950295868105832 0
1595280463830 0.6961226903721702 0
1595281947406 0.6973726390500588 0
1595283436959 0.6933517273669929 0
1595284905664 0.6934148134189219 0
1595286375151 0.6983070903343641 0
1595287823529 0.6955003668815145 0
1595289272719 0.6958746735221388 0
1595290721308 0.6962111828426428 0
1595292168657 0.6948051083791805 0
1595293612802 0.6951777459155337 0
1595295073610 0.6957771647430215 0
1595296523192 0.6963210694548438 0
1595297990330 0.6967814119247621 0
1595299451700 0.7003083438990345 0
1595300930898 0.6986958396955101 0
1595302399176 0.6972199335332332 0
1595303861061 0.6987221128640629 0
1595305345560 0.697645349881318 0
1595306836154 0.6974123231753019 0
1595308329454 0.6973264923743917 0
1595309812727 0.6980639239817927 0
1595311276756 0.6978756860381582 0
1595312739178 0.6987936021834424 0
