1595237983834 0.6925856465231573 0
1595239462975 0.6931746788558422 0
1595240956507 0.7092019699298393 0
1595242434188 0.7204657058495514 0
1595243900939 0.7404860035296379 0
1595245349396 0.7192091339313189 0
1595246802873 0.7342670558936781 0
1595248254568 0.721322327818333 0
1595249710684 0.7111790488429239 0
1595251162946 0.7168912351634993 0
1595252613887 0.7291489156484713 0
1595254058600 0.7297886454240712 0
1595255505680 0.7083321719696837 0
1595256954699 0.7272522598062597 0
1595258431875 0.7005583654426323 0
1595259897668 0.7150470958505732 0
1595261364681 0.7085151151296756 0
1595262834463 0.7200178036586419 0
1595264303335 0.7193624449578533 0
1595265766296 0.719909084093398 0
1595267235510 0.7107026978757522 0
1595268698549 0.7207939673681403 0
1595270161833 0.718182356084595 0
1595271616157 0.7082715339530488 0
1595273086904 0.718068710184665 0
1595274555022 0.7126825714239327 0
1595276031226 0.7266750045976478 0
1595277504560 0.7240828999358866 0
1595278987657 0.7189407028955314 0
1595280463820 0.7199611913241895 0
1595281947396 0.7216582201997708 0
1595283436911 0.7173100771380717 0
1595284905648 0.7176920269660062 0
1595286375140 0.7225833126803805 0
1595287823523 0.7197598661245158 0
1595289272691 0.7201371135722927 0
1595290721287 0.7208465993098477 0
1595292168642 0.7191327428931161 0
1595293612785 0.7194288233889966 0
1595295073600 0.7203131318765451 0
1595296523163 0.7207926966081838 0
1595297990296 0.7210594319187359 0
1595299451684 0.7246717020900707 0
1595300930849 0.7232888058002599 0
1595302399157 0.7216410675351357 0
1595303861034 0.723133448155241 0
1595305345540 0.7219469297276188 0
1595306836117 0.7216805276695326 0
1595308329436 0.7215454376783791 0
1595309812678 0.7227242791224155 0
1595311276731 0.7224867105287154 0
1595312739165 0.7232925765454433 0
