1595237983794 0.5501570290096142 0
1595239462914 0.552696308755442 0
1595240956451 0.560005406563142 0
1595242434116 0.570549020683973 0
1595243900868 0.5607185596131101 0
1595245349355 0.5649950816891317 0
1595246802859 0.5551217776879172 0
1595248254539 0.5655003154067019 0
1595249710583 0.5617004387307329 0
1595251162901 0.566190783168895 0
1595252613819 0.5716995658643778 0
1595254058523 0.5636407132375924 0
1595255505652 0.5628262063300505 0
1595256954649 0.5673938033781004 0
1595258431834 0.5631299873387552 0
1595259897579 0.5622009403215162 0
1595261364667 0.56538716944587 0
1595262834418 0.5675438962000016 0
1595264303224 0.5645603763139256 0
1595265766214 0.5643192662562688 0
1595267235486 0.564105831170911 0
1595268698382 0.5629472238223748 0
1595270161764 0.5625975812517187 0
1595271616077 0.5641360658264162 0
1595273086824 0.5655700335235798 0
1595274554933 0.5664684041802174 0
1595276031184 0.5664011450357858 0
1595277504531 0.5658015871447774 0
1595278987561 0.5650458083312103 0
1595280463775 0.5669567647371191 0
1595281947352 0.5647425283276609 0
1595283436817 0.5650811548879087 0
1595284905605 0.5637523536110952 0
1595286375104 0.5653367162708445 0
1595287823509 0.5652984212213384 0
1595289272646 0.5677797124993113 0
1595290721229 0.5660819862690517 0
1595292168555 0.5655065552726078 0
1595293612738 0.5683707147896705 0
1595295073571 0.5671415820022239 0
1595296523102 0.5666889347596806 0
1595297990211 0.5667040160590016 0
1595299451587 0.5659656699128656 0
1595300930730 0.565713519848229 0
1595302399088 0.5658290273409468 0
1595303860943 0.5666777976674783 0
1595305345442 0.5661844719774959 0
1595306836062 0.5661386688008105 0
1595308329371 0.5666441005909382 0
1595309812589 0.5654760141832259 0
1595311276658 0.5666026654215972 0
1595312739103 0.5663943686656395 0
