1595237983839 0.6811305900279283 0
1595239462986 0.6825609145704608 0
1595240956518 0.6984893103626654 0
1595242434199 0.7099674964859458 0
1595243900951 0.7298489329211574 0
1595245349404 0.7088454569961495 0
1595246802876 0.724646399856694 0
1595248254570 0.7109036597821958 0
1595249710688 0.7009671274689572 0
1595251162953 0.7069686971032225 0
1595252613901 0.7196220045099583 0
1595254058614 0.7194981939802557 0
1595255505685 0.6989239656524062 0
1595256954701 0.7172168300936123 0
1595258431883 0.6913976672646325 0
1595259897676 0.7053732105505638 0
1595261364683 0.6994753535463412 0
1595262834470 0.7104189190627518 0
1595264303345 0.7093999060727937 0
1595265766310 0.710072805388908 0
1595267235513 0.7014665526974233 0
1595268698570 0.7106033978407639 0
1595270161872 0.7086770260275297 0
1595271616164 0.6990778579853836 0
1595273086911 0.7086933762409527 0
1595274555033 0.7035510332123115 0
1595276031236 0.716459093003737 0
1595277504565 0.7138740465546677 0
1595278987667 0.7089742312252445 0
1595280463825 0.7100100845342479 0
1595281947401 0.7113992942022168 0
1595283436943 0.7071593957824485 0
1595284905657 0.7076383973954813 0
1595286375145 0.712385362061391 0
1595287823525 0.7095910144935434 0
1595289272708 0.7098059364326156 0
1595290721299 0.7106924044276399 0
1595292168650 0.7092002748227837 0
1595293612790 0.7091998486390535 0
1595295073605 0.7101193512236866 0
1595296523182 0.7105676879629893 0
1595297990316 0.7109310612756894 0
1595299451692 0.7143332098491553 0
1595300930869 0.712953235899371 0
1595302399166 0.7114494749352055 0
1595303861047 0.7129933686987161 0
1595305345550 0.711685770711308 0
1595306836132 0.7114095876018355 0
1595308329444 0.7114844991966283 0
1595309812716 0.7123525432860337 0
1595311276743 0.7120809951805804 0
1595312739173 0.7129182745599112 0
