1595237631610 0.24367816217126775 0
1595239106503 0.22916993972538524 0
1595240565194 0.2240951135323916 0
1595242030238 0.22053217417833532 0
1595243494648 0.21762691040751758 0
1595244958031 0.21532902171993729 0
1595246403207 0.21397407912794567 0
1595247878095 0.2116559813895765 0
1595249344508 0.21022899308596438 0
1595250814071 0.20586851736319942 0
1595252272361 0.20491300269801394 0
1595253741474 0.20483893535040706 0
1595255197572 0.2031042038606869 0
1595256648197 0.20209573359404784 0
1595258108256 0.20222400696094522 0
1595259560595 0.20027244641060282 0
1595261015085 0.19975137346348026 0
1595262465386 0.19869389438511023 0
1595263920630 0.19894141292247175 0
1595265382285 0.19869107660136864 0
1595266838477 0.19766237588582405 0
1595268301050 0.19817626729767546 0
1595269768855 0.19698456595448008 0
1595271227887 0.19705573093487544 0
1595272698571 0.1967940850507908 0
1595274153638 0.19589546002896732 0
1595275616108 0.19639306246594493 0
1595277075275 0.19616080253307333 0
1595278550791 0.19562880828988935 0
1595280021305 0.19546512462672472 0
1595281500423 0.19470755136967888 0
1595282992024 0.1946526380558825 0
1595284471415 0.1954597936717072 0
1595285953118 0.1943027039975986 0
1595287417159 0.19453175193657077 0
1595288882355 0.1943001091406426 0
1595290351830 0.19465860374991703 0
1595291812530 0.19492884182073575 0
1595293278451 0.19435714585145183 0
1595294734299 0.1950152469729708 0
1595296181808 0.19354941762989952 0
1595297625936 0.194278883242489 0
1595299076454 0.1938002609350187 0
1595300534192 0.19433027392670107 0
1595301995816 0.19409518856878225 0
1595303449658 0.19400987232105482 0
1595304922477 0.19412520689033064 0
1595306398813 0.193959420791448 0
1595307879042 0.19399245931135536 0
1595309379137 0.1934064653026083 0
1595310854684 0.1936545062788649 0
1595312318240 0.19372667781977887 0
