1595237631605 0.23349536706798832 0
1595239106498 0.21364235191380654 0
1595240565189 0.20657951047014933 0
1595242030233 0.2023539517188643 0
1595243494644 0.1995987920513535 0
1595244958026 0.1962008043250006 0
1595246403203 0.19428432487338954 0
1595247878090 0.191744237510652 0
1595249344502 0.1906652834718627 0
1595250814067 0.1871192396536137 0
1595252272357 0.18628579762654301 0
1595253741469 0.18496788215602752 0
1595255197567 0.18371329888467647 0
1595256648192 0.1823429514820865 0
1595258108252 0.18095698151629785 0
1595259560591 0.17956338456772655 0
1595261015080 0.17964603031449433 0
1595262465380 0.1792752835484303 0
1595263920625 0.1786674826869681 0
1595265382280 0.17760441465184867 0
1595266838472 0.17761616631542523 0
1595268301045 0.17672902481010588 0
1595269768850 0.17616262096176455 0
1595271227883 0.17641639716240318 0
1595272698565 0.17573562779399995 0
1595274153633 0.17554049500864857 0
1595275616104 0.17615070480708736 0
1595277075267 0.17597583119629043 0
1595278550786 0.1751866421295433 0
1595280021301 0.1750389779160379 0
1595281500418 0.17471981485405802 0
1595282992018 0.1741969058525454 0
1595284471400 0.17425541574801423 0
1595285953113 0.1743311877404728 0
1595287417154 0.17377001144342635 0
1595288882350 0.1736971438607827 0
1595290351825 0.17377630164070035 0
1595291812524 0.1738848909612631 0
1595293278446 0.17305845166783407 0
1595294734294 0.1730935117006794 0
1595296181780 0.17311534466426495 0
1595297625931 0.17412051332700754 0
1595299076449 0.17289103833384795 0
1595300534188 0.17294724904536019 0
1595301995811 0.17325916882638198 0
1595303449654 0.1731423394713 0
1595304922471 0.17332091787253207 0
1595306398809 0.17322633460988496 0
1595307879037 0.173378397588342 0
1595309379131 0.1735997410917164 0
1595310854680 0.1730849470337199 0
1595312318235 0.1728786812598404 0
