1595237631602 0.23308096436013082 0
1595239106495 0.2028441339066755 0
1595240565187 0.1940868969400691 0
1595242030230 0.18847426011678506 0
1595243494641 0.1836277857718145 0
1595244958024 0.18061480998476118 0
1595246403200 0.17700514039232354 0
1595247878087 0.17364707605145768 0
1595249344499 0.17129634803085658 0
1595250814064 0.1660996879259483 0
1595252272354 0.16599103465713222 0
1595253741466 0.16327175757025608 0
1595255197564 0.16205724856633966 0
1595256648189 0.1623916345979929 0
1595258108249 0.16087290329026546 0
1595259560588 0.1574808387078105 0
1595261015077 0.15790418994441494 0
1595262465377 0.15707898205784507 0
1595263920622 0.15585702678617813 0
1595265382277 0.1557409379117554 0
1595266838469 0.1559633502565958 0
1595268301042 0.15474609360037314 0
1595269768847 0.15616142785470413 0
1595271227880 0.15397258825803178 0
1595272698562 0.15454967053565577 0
1595274153630 0.15370956525317309 0
1595275616101 0.15381873992112527 0
1595277075264 0.15307956495922917 0
1595278550783 0.15332701667515725 0
1595280021298 0.15249974991200288 0
1595281500415 0.1518138306296925 0
1595282992015 0.15254580466388967 0
1595284471397 0.15192816962667186 0
1595285953110 0.15187906707667004 0
1595287417151 0.15195233421592452 0
1595288882347 0.15138399292131183 0
1595290351822 0.15086270609761349 0
1595291812521 0.15092608914652902 0
1595293278443 0.15103412649042836 0
1595294734291 0.15118300245996352 0
1595296181777 0.15110643770358073 0
1595297625928 0.1508203303452172 0
1595299076446 0.1509834713833968 0
1595300534185 0.15118393159842905 0
1595301995809 0.15097157712518233 0
1595303449651 0.15063636334079245 0
1595304922468 0.15076019859801237 0
1595306398806 0.1503417767602781 0
1595307879034 0.1505452791193514 0
1595309379129 0.15065256532044768 0
1595310854677 0.15030296100111268 0
1595312318232 0.15015595123897793 0
