1590418967723 0.15675768985807356 0
1590419388784 0.16371359966377325 0
1590419808802 0.17960266845980594 0
1590420228976 0.20590015888774799 0
1590420649403 0.1656949429139042 0
1590421069794 0.1882798579677405 0
1590421489457 0.19372004879524984 0
1590421910046 0.19678731676387798 0
1590422331316 0.15797219995047143 0
1590422752142 0.20409545413306093 0
1590423172186 0.24137983286749254 0
1590423592719 0.2372324785866148 0
1590424012900 0.2381193355731773 0
1590424433620 0.24210149400991113 0
1590424853959 0.24074561471903214 0
1590425274708 0.2408185779921827 0
1590425694639 0.25040446814516243 0
1590426115363 0.24882467429379015 0
1590426535732 0.24688434179288904 0
1590426956281 0.2507096928796435 0
1590427376846 0.2451708198896623 0
1590427797223 0.24617402148262454 0
1590428217272 0.2452678767112445 0
1590428637898 0.24610467409005837 0
1590429058268 0.24688667412643264 0
1590429479271 0.24648113842019495 0
1590429899687 0.24835212690162825 0
1590430320210 0.24957642323696022 0
1590430740577 0.2478740429690718 0
1590431161279 0.24846714776457288 0
1590431581733 0.24788199459024488 0
1590432002147 0.2472634416909581 0
1590432422070 0.24731869777658805 0
1590432842555 0.24754013552580256 0
1590433262566 0.24718399645901798 0
1590433683190 0.24748325939114516 0
1590434103458 0.24767505625623631 0
1590434523859 0.24752055911489682 0
1590434943819 0.24765188412129235 0
1590435364260 0.24747885926889934 0
1590435784530 0.24742610443467408 0
1590436204665 0.247410423344691 0
1590436624374 0.2474542985321447 0
1590437044627 0.24719435580076907 0
1590437464722 0.24742175056724677 0
1590437885051 0.24746387910310289 0
1590438304961 0.24743053796395986 0
1590438725282 0.2474740044530051 0
1590439145098 0.24728277072758678 0
1590439565752 0.24741619431543557 0
1590439986047 0.24707877252985436 0
1590440406503 0.24692472802109114 0
1590440826678 0.2473292679870302 0
1590441247499 0.24734652620494735 0
1590441667675 0.24723901946393156 0
1590442088371 0.2473028760746243 0
1590442508379 0.24703949625526425 0
1590442928965 0.24714172807041057 0
1590443349058 0.24709919004660635 0
1590443769624 0.24717561493391116 0
1590444189830 0.24729784996118662 0
1590444610334 0.24701875683079572 0
1590445030251 0.2473318132506444 0
1590445450754 0.24705633323615317 0
1590445870569 0.24705884903537273 0
1590446291111 0.24724240561685834 0
1590446710787 0.24692048007832237 0
1590447131270 0.24719584092337646 0
1590447550974 0.24711097639519208 0
1590447971529 0.24710997105251353 0
1590448391546 0.24717661988631634 0
1590448811846 0.24732041270786734 0
1590449232046 0.24719973379164187 0
