1590418967727 0.1048604960711485 0
1590419388788 0.11451446413052208 0
1590419808806 0.11358189719511584 0
1590420228980 0.1389629359124334 0
1590420649407 0.10405978532822054 0
1590421069798 0.12140127406899337 0
1590421489461 0.12385473268043956 0
1590421910055 0.12660681078857539 0
1590422331320 0.10365737940153649 0
1590422752147 0.1353486695272525 0
1590423172190 0.15022069279823452 0
1590423592723 0.14633948760346263 0
1590424012904 0.14603102960076952 0
1590424433624 0.1513932951315728 0
1590424853963 0.14697438402229987 0
1590425274712 0.14655365488385824 0
1590425694643 0.1543608604949299 0
1590426115367 0.15386736097834172 0
1590426535736 0.15203842215570293 0
1590426956285 0.15342737640656523 0
1590427376850 0.15150007110888988 0
1590427797226 0.15082723520054464 0
1590428217276 0.1496506364200728 0
1590428637905 0.150648462928215 0
1590429058272 0.14943871813835857 0
1590429479275 0.149939419832896 0
1590429899693 0.15182010857872588 0
1590430320214 0.15181598963379658 0
1590430740581 0.1502059772571789 0
1590431161282 0.1494647822122946 0
1590431581737 0.15002834548201607 0
1590432002151 0.14969274518996845 0
1590432422074 0.14981997760905616 0
1590432842559 0.1499548587353806 0
1590433262570 0.14980882421841266 0
1590433683194 0.14990334764355556 0
1590434103462 0.15007223475157214 0
1590434523863 0.1501806188452176 0
1590434943823 0.1500733980266848 0
1590435364264 0.149722462033508 0
1590435784534 0.149739473092057 0
1590436204669 0.1497955333850126 0
1590436624378 0.14980932612782 0
1590437044631 0.14958729739422258 0
1590437464726 0.14986834131021362 0
1590437885055 0.14987092340654823 0
1590438304965 0.14983567721367944 0
1590438725286 0.15000628598565546 0
1590439145102 0.14981931058804235 0
1590439565756 0.14983423536491544 0
1590439986051 0.14959997020015808 0
1590440406507 0.1495441839289882 0
1590440826682 0.1498248953970929 0
1590441247503 0.1498074393238772 0
1590441667679 0.1497062566808792 0
1590442088375 0.14970912912407602 0
1590442508383 0.14962491575000256 0
1590442928969 0.14969603390167927 0
1590443349062 0.14965662592443402 0
1590443769628 0.14967964284833882 0
1590444189833 0.1497920967074767 0
1590444610338 0.14964467781337365 0
1590445030258 0.14987549400572833 0
1590445450758 0.14964851300951643 0
1590445870573 0.14968606468924622 0
1590446291115 0.14970800991396532 0
1590446710791 0.14960211049058644 0
1590447131276 0.1497181092329587 0
1590447550977 0.14969981498389529 0
1590447971533 0.14970136210933638 0
1590448391550 0.14971144576475695 0
1590448811850 0.14979701872482373 0
1590449232050 0.14968841334205893 0
