1590418967725 0.13529610583043566 0
1590419388786 0.14313795637319537 0
1590419808804 0.15240335448119918 0
1590420228978 0.1780742799600664 0
1590420649405 0.14081157532642785 0
1590421069796 0.16005813803427527 0
1590421489459 0.16449741991260258 0
1590421910050 0.16858510036511792 0
1590422331318 0.136206284415114 0
1590422752145 0.174661902470915 0
1590423172188 0.20277651765747404 0
1590423592721 0.19848535539028342 0
1590424012902 0.19896324081372851 0
1590424433622 0.2034017851523798 0
1590424853961 0.20082167874786583 0
1590425274710 0.20016705912165117 0
1590425694641 0.2092743091488592 0
1590426115365 0.20779304093401454 0
1590426535734 0.20721838651900934 0
1590426956283 0.20912618845040346 0
1590427376848 0.2049373578690818 0
1590427797224 0.20552723325032105 0
1590428217274 0.20422233230900666 0
1590428637901 0.20548048584966197 0
1590429058270 0.2047952717070143 0
1590429479273 0.20498075626065362 0
1590429899690 0.20697837464291002 0
1590430320212 0.20716810646876274 0
1590430740579 0.2056327819174107 0
1590431161281 0.20623290018786672 0
1590431581735 0.20592188537491934 0
1590432002149 0.2056289312823483 0
1590432422072 0.20544128002308015 0
1590432842557 0.20594068031763435 0
1590433262568 0.2056147765403464 0
1590433683192 0.205771960951905 0
1590434103460 0.20566669342658955 0
1590434523861 0.20590753738263232 0
1590434943821 0.2058126192927207 0
1590435364262 0.2054602417826925 0
1590435784532 0.20548483791325006 0
1590436204667 0.20548733619646947 0
1590436624376 0.20548860331013533 0
1590437044629 0.2052845006857729 0
1590437464724 0.20558602801444986 0
1590437885053 0.20560613176087056 0
1590438304963 0.20562049949032304 0
1590438725284 0.2057171588831238 0
1590439145100 0.20546861049514037 0
1590439565754 0.20558474558038592 0
1590439986049 0.20525015038738884 0
1590440406505 0.2051706362851204 0
1590440826680 0.20548953714593365 0
1590441247501 0.20554001215568163 0
1590441667677 0.20545543227746352 0
1590442088373 0.2053897434217695 0
1590442508381 0.20518045750868066 0
1590442928967 0.20531916241773696 0
1590443349060 0.20520884210967488 0
1590443769626 0.20529229910985936 0
1590444189831 0.2054540058043712 0
1590444610336 0.2052029253426006 0
1590445030255 0.20545255552011557 0
1590445450756 0.20518693459048865 0
1590445870571 0.20522896169572596 0
1590446291113 0.2053448528314411 0
1590446710789 0.20512399214210159 0
1590447131272 0.20532348022135705 0
1590447550976 0.20523888030644027 0
1590447971531 0.20528462354884539 0
1590448391548 0.2053263520713684 0
1590448811848 0.20543950296181415 0
1590449232048 0.20532206530988795 0
