1590418967738 0.21332859546744656 0
1590419388800 0.23572895505093172 0
1590419808816 0.24559983271083913 0
1590420228990 0.27407044450763984 0
1590420649417 0.23448450127260645 0
1590421069808 0.25802514264771215 0
1590421489471 0.2515332534892385 0
1590421910067 0.2584086695904076 0
1590422331329 0.2016851202444387 0
1590422752159 0.2637776917574104 0
1590423172200 0.2836970388359007 0
1590423592732 0.2818013227521196 0
1590424012913 0.28141274901401847 0
1590424433634 0.28527029649454116 0
1590424853974 0.2846709630447437 0
1590425274722 0.28476861125412106 0
1590425694653 0.2879364160752579 0
1590426115377 0.2870415240816287 0
1590426535747 0.2859359293479509 0
1590426956294 0.2880835360392472 0
1590427376859 0.2850104655219901 0
1590427797236 0.2856574191956125 0
1590428217286 0.28499095919398026 0
1590428637918 0.2857403365344389 0
1590429058282 0.28579375368750115 0
1590429479284 0.2858714051277377 0
1590429899707 0.28728161004349173 0
1590430320223 0.2872877352674335 0
1590430740591 0.2868931986344366 0
1590431161292 0.2865054470019601 0
1590431581746 0.28622217706732794 0
1590432002160 0.28626158303533167 0
1590432422084 0.2860800178667546 0
1590432842568 0.286340174976579 0
1590433262579 0.28595954996598355 0
1590433683204 0.28631956465189223 0
1590434103471 0.286404740809939 0
1590434523872 0.2860686407991574 0
1590434943833 0.28631336231480364 0
1590435364273 0.2863256928202954 0
1590435784544 0.286178374061648 0
1590436204678 0.28613929898644125 0
1590436624387 0.2861275126967283 0
1590437044641 0.2860711286883998 0
1590437464735 0.2863077836840886 0
1590437885065 0.2862854531709347 0
1590438304974 0.2863372621122246 0
1590438725295 0.2862901476947973 0
1590439145112 0.2860330603822247 0
1590439565766 0.2861854341651174 0
1590439986061 0.28592976849224205 0
1590440406516 0.28567460682701 0
1590440826691 0.2861432857073015 0
1590441247513 0.28605703280489697 0
1590441667688 0.2860210301864488 0
1590442088389 0.2860767214152495 0
1590442508393 0.2858892040698723 0
1590442928983 0.286027656206491 0
1590443349073 0.2859435610508281 0
1590443769637 0.2860002645338282 0
1590444189843 0.28617521901721454 0
1590444610348 0.2859718166503506 0
1590445030270 0.2861721371631711 0
1590445450767 0.28593009439654254 0
1590445870583 0.28598852586227624 0
1590446291124 0.2861071175595728 0
1590446710802 0.285848542488615 0
1590447131285 0.2860233109204426 0
1590447550987 0.2859718166503506 0
1590447971542 0.285970814635774 0
1590448391560 0.2860480664437949 0
1590448811859 0.28614198961464127 0
1590449232060 0.2860352253852809 0
