1590418967733 0.24729434164463343 0
1590419388794 0.27658847410297455 0
1590419808812 0.29641785581877095 0
1590420228986 0.3258800222589296 0
1590420649413 0.28095417150554786 0
1590421069804 0.30449895905986524 0
1590421489467 0.3021828580249282 0
1590421910061 0.30184067939065695 0
1590422331325 0.23690266998847215 0
1590422752155 0.3127079172834097 0
1590423172196 0.33993713588365715 0
1590423592729 0.33812733244509824 0
1590424012910 0.338546723407228 0
1590424433630 0.34170570953323215 0
1590424853969 0.34267620518701897 0
1590425274718 0.3433619187370404 0
1590425694649 0.3472886518763254 0
1590426115373 0.3453364546040513 0
1590426535743 0.3442699208940797 0
1590426956291 0.3473779125144892 0
1590427376856 0.343872298802453 0
1590427797232 0.3449875958989101 0
1590428217282 0.34412583238838007 0
1590428637914 0.3447872948226273 0
1590429058278 0.34451365847241877 0
1590429479280 0.3447597767232758 0
1590429899703 0.34612459491002096 0
1590430320219 0.34640130871661523 0
1590430740587 0.34669067385646957 0
1590431161288 0.3467984730533285 0
1590431581742 0.3459839524993134 0
1590432002157 0.34558460919063677 0
1590432422080 0.3455831859435529 0
1590432842564 0.34579800946423117 0
1590433262575 0.34546187453456595 0
1590433683200 0.3457992494116354 0
1590434103467 0.3460745365236174 0
1590434523868 0.34575374552887034 0
1590434943829 0.34563353191133295 0
1590435364270 0.3455796512579026 0
1590435784540 0.3455490045176647 0
1590436204675 0.3454948671816052 0
1590436624383 0.34554671465849696 0
1590437044637 0.3454746022866938 0
1590437464731 0.3456542392535533 0
1590437885061 0.3454941938247732 0
1590438304971 0.3456670373225587 0
1590438725291 0.3456253901515098 0
1590439145108 0.34546351106240053 0
1590439565762 0.345540316321665 0
1590439986057 0.3452956277377027 0
1590440406512 0.34514202462773014 0
1590440826687 0.34555721353581204 0
1590441247509 0.3455046688814701 0
1590441667685 0.34540707619816485 0
1590442088383 0.3454267092445086 0
1590442508389 0.3452250434779391 0
1590442928978 0.34529871193481343 0
1590443349068 0.3453020051627039 0
1590443769634 0.345378312421338 0
1590444189839 0.345475327497937 0
1590444610344 0.3453201628465346 0
1590445030265 0.34552919294686946 0
1590445450763 0.34526238132500303 0
1590445870579 0.3453588567559267 0
1590446291120 0.3455054972269935 0
1590446710797 0.3452719251310729 0
1590447131281 0.3454362906800541 0
1590447550983 0.34544002626071246 0
1590447971539 0.34533009530116776 0
1590448391556 0.34551479984665256 0
1590448811855 0.3455198526754636 0
1590449232056 0.345500124351208 0
