1590418967743 0.14104259919556103 0
1590419388805 0.1623971644532958 0
1590419808820 0.1517744311484742 0
1590420228994 0.18032721127163873 0
1590420649421 0.14396222634586914 0
1590421069811 0.1627127819653258 0
1590421489475 0.15769664150101623 0
1590421910071 0.16303548516292327 0
1590422331333 0.130493667765978 0
1590422752163 0.17139021807336052 0
1590423172203 0.1749210550498498 0
1590423592736 0.1718084817441794 0
1590424012917 0.17062749323761278 0
1590424433638 0.17632534681818743 0
1590424853979 0.17248370401861074 0
1590425274726 0.1716767000058888 0
1590425694657 0.17633452369794433 0
1590426115381 0.1763946274166156 0
1590426535751 0.1745189672921719 0
1590426956298 0.175296647851815 0
1590427376863 0.1750894854363038 0
1590427797239 0.1739999682075829 0
1590428217290 0.17256517994037285 0
1590428637922 0.1739805553166274 0
1590429058286 0.1720396715004371 0
1590429479288 0.17298626425809338 0
1590429899711 0.17447416089266987 0
1590430320227 0.1737933932274602 0
1590430740595 0.17273353832789304 0
1590431161296 0.1714870179260434 0
1590431581750 0.1722910624922366 0
1590432002166 0.1723650693597179 0
1590432422088 0.1724425898360605 0
1590432842572 0.17246245193069443 0
1590433262583 0.17241167992688552 0
1590433683208 0.1724553290452654 0
1590434103475 0.17260542239457694 0
1590434523876 0.17271009701432088 0
1590434943836 0.1726204596369948 0
1590435364277 0.17228496285510014 0
1590435784548 0.17228301840734148 0
1590436204682 0.17233545734532346 0
1590436624391 0.1723398912693182 0
1590437044645 0.17215056511545315 0
1590437464739 0.17248142778250922 0
1590437885069 0.17249464958696667 0
1590438304978 0.1723996479766258 0
1590438725299 0.1725773180289574 0
1590439145116 0.17235998542606792 0
1590439565770 0.17240140656094935 0
1590439986065 0.17220561033006698 0
1590440406520 0.1721117775263037 0
1590440826695 0.17244597895292446 0
1590441247517 0.17237589702555509 0
1590441667692 0.17226382772427057 0
1590442088396 0.172261750709187 0
1590442508396 0.17221930737735194 0
1590442928987 0.17229884871059026 0
1590443349078 0.1722166257348885 0
1590443769641 0.1722389206049721 0
1590444189847 0.172376362688626 0
1590444610352 0.1722908255151767 0
1590445030274 0.1724688881932394 0
1590445450771 0.17225360798340916 0
1590445870587 0.1723299205597217 0
1590446291128 0.17226756623937745 0
1590446710806 0.1722908255151766 0
1590447131289 0.1722803340971565 0
1590447550990 0.17228509183323545 0
1590447971546 0.17228592860396516 0
1590448391564 0.1723002965363589 0
1590448811863 0.1723613433852623 0
1590449232064 0.17224568321586908 0
