1590418882885 0.27122307780402655 0
1590419308408 0.23989727691962168 0
1590419728976 0.23067934921330954 0
1590420149514 0.22649279928948046 0
1590420569434 0.22023292097466937 0
1590420990055 0.2159301209202885 0
1590421409812 0.2129271463353253 0
1590421830229 0.20911683283261293 0
1590422250912 0.2067613496759234 0
1590422672591 0.20315675230244912 0
1590423093345 0.19412966963102127 0
1590423513799 0.19147871774152891 0
1590423934021 0.19127343079218498 0
1590424354685 0.18954644012733324 0
1590424774965 0.1882872010564663 0
1590425195676 0.1869232960089424 0
1590425615938 0.18516234233534548 0
1590426036664 0.18558688761567224 0
1590426456866 0.1846282762976793 0
1590426877649 0.18338252282177908 0
1590427297996 0.18269702734855506 0
1590427718640 0.18220518480920228 0
1590428138598 0.1824194767771388 0
1590428559201 0.18200454543504488 0
1590428979627 0.18068037190909922 0
1590429400346 0.1823069215173552 0
1590429820969 0.18215711326641443 0
1590430241576 0.18259428873570008 0
1590430661814 0.18200065032441234 0
1590431082697 0.1808362977039179 0
1590431502942 0.18081355081683786 0
1590431923526 0.1824229547213873 0
1590432343378 0.18188279840720475 0
1590432763884 0.18185550642348605 0
1590433183878 0.1810615596598422 0
1590433604450 0.1810821757690441 0
1590434024639 0.18053248665741914 0
1590434445044 0.1812174531394208 0
1590434865190 0.18075717897457483 0
1590435285578 0.1816896386665 0
1590435705741 0.18086977530072426 0
1590436126043 0.18169339543439933 0
1590436545641 0.18045708135916635 0
1590436965904 0.18056775047581577 0
1590437385948 0.18033153175778643 0
1590437806301 0.18040781556325552 0
1590438226337 0.1808321140045245 0
1590438646630 0.18227858471094505 0
1590439066544 0.1803629629798895 0
1590439487173 0.1807272089479943 0
1590439907244 0.1810708038023943 0
1590440327901 0.18031677561839657 0
1590440747871 0.1804644311144507 0
1590441168885 0.18112670418602475 0
1590441589035 0.1813581455388718 0
1590442009599 0.18151167059350296 0
1590442429670 0.18094276614795776 0
1590442850111 0.18073521545652807 0
1590443270415 0.18054960427816802 0
1590443690989 0.18100535327337197 0
1590444111048 0.18070551664871576 0
1590444531740 0.18201813577900272 0
1590444951629 0.18117159080399564 0
1590445372029 0.18135279231875606 0
1590445792073 0.18111105831946142 0
1590446212292 0.1804872012349981 0
1590446632163 0.18109314840220841 0
1590447052644 0.18151717368491302 0
1590447472387 0.17988894648365014 0
1590447892895 0.18080683914426515 0
1590448312781 0.18087732558243375 0
1590448733182 0.1811330062309666 0
1590449153326 0.18045928395358768 0
1590449574785 0.18142395792804525 0
