1590747600057 0.035276182318142474 0
1590747625388 0.060202416132304024 0
1590747650881 0.02924185016939689 0
1590747676558 0.02203067980896095 0
1590747702105 0.027010810897219767 0
1590747727578 0.03545904306158566 0
1590747752808 0.04648679817053212 0
1590747778147 0.06130364025549752 0
1590747803566 0.06442306844202668 0
1590747829066 0.0757684426100434 0
1590747854529 0.0706557378723503 0
1590747879969 0.060941472717819155 0
1590747905601 0.06396309341716797 0
1590747930970 0.07520630764422151 0
1590747956362 0.068260081695186 0
1590747981853 0.09849298272173566 0
1590748007145 0.08700926925913428 0
1590748032408 0.09046545810922625 0
1590748058530 0.09719943503947998 0
1590748084038 0.10995459967503544 0
1590748110101 0.1158120809369464 0
1590748135863 0.12106387253911251 0
1590748161353 0.11793506460042529 0
1590748186649 0.13555984632958754 0
1590748212006 0.1436370581836176 0
1590748237306 0.14355390767947684 0
1590748262617 0.14195662789641011 0
1590748288010 0.16283342701090428 0
1590748313421 0.15371919709118204 0
1590748338762 0.15332811237976363 0
1590748364345 0.17588608372266698 0
1590748389626 0.18998954262274642 0
1590748415045 0.18294029723538058 0
1590748440389 0.20158581483936375 0
1590748465603 0.18631775332226436 0
1590748490998 0.1993846227008176 0
1590748516509 0.1908170257160248 0
1590748541926 0.19920313788027508 0
1590748567189 0.21205208494047628 0
1590748592534 0.19923189353509702 0
1590748618006 0.20850299422892285 0
1590748643490 0.21264377849933597 0
1590748668874 0.20113924918517295 0
1590748694253 0.2080942919045028 0
1590748719506 0.21870660491398514 0
1590748744918 0.21219864260711074 0
1590748770193 0.21145791880733728 0
1590748795621 0.20993137486891206 0
1590748820997 0.20709465121297485 0
1590748846301 0.20979960960650926 0
