1590747600076 0.04792108207484147 0
1590747625407 0.07678223828161843 0
1590747650901 0.03770822619661438 0
1590747676581 0.029500181314424643 0
1590747702124 0.03744196267718119 0
1590747727602 0.059849781912497506 0
1590747752827 0.06492721031727529 0
1590747778171 0.08053700220367536 0
1590747803589 0.04999586656205013 0
1590747829085 0.08292736484106424 0
1590747854548 0.08868808761681046 0
1590747879988 0.07847186590238073 0
1590747905620 0.08104546654055204 0
1590747930990 0.08155375469079625 0
1590747956380 0.08047694990063645 0
1590747981872 0.0874302459126125 0
1590748007164 0.08496210543781856 0
1590748032439 0.1110019567096331 0
1590748058558 0.11692189052559909 0
1590748084063 0.1632451576468568 0
1590748110119 0.1491236936947079 0
1590748135882 0.14040239185441264 0
1590748161371 0.15487889449405653 0
1590748186668 0.1941980765513729 0
1590748212025 0.18989221590545255 0
1590748237325 0.2284546021872227 0
1590748262636 0.21362740752328802 0
1590748288029 0.2297078537951137 0
1590748313440 0.24245968939721774 0
1590748338787 0.216453595647487 0
1590748364363 0.24127375853254163 0
1590748389645 0.295997181938728 0
1590748415064 0.22023812861773276 0
1590748440408 0.258880839525276 0
1590748465622 0.2703311744003861 0
1590748491016 0.3148593251826887 0
1590748516528 0.3263741438328111 0
1590748541960 0.3441719453183565 0
1590748567207 0.353149495680995 0
1590748592553 0.34383521233564146 0
1590748618025 0.3623596919291577 0
1590748643510 0.3325392783901167 0
1590748668897 0.3371793120320072 0
1590748694272 0.36322007793134703 0
1590748719525 0.35926497408534647 0
1590748744937 0.35980284184699 0
1590748770212 0.36936221396726593 0
1590748795640 0.3512830163856018 0
1590748821016 0.34331189064825374 0
1590748846320 0.35420601316710293 0
