1590747600070 0.04159472487069184 0
1590747625401 0.06891357747585498 0
1590747650895 0.03457063600374792 0
1590747676574 0.026075096175557165 0
1590747702118 0.03485962412225184 0
1590747727596 0.05288006779618955 0
1590747752821 0.05674780881422577 0
1590747778164 0.0722547370741162 0
1590747803582 0.04366374298485208 0
1590747829078 0.06966411081950774 0
1590747854542 0.07965244502072863 0
1590747879982 0.07232350345865346 0
1590747905614 0.07417527745560201 0
1590747930983 0.07608436307307012 0
1590747956374 0.07536607824505975 0
1590747981866 0.07837670904834552 0
1590748007158 0.07875631369877076 0
1590748032431 0.10369198399605688 0
1590748058551 0.11060284410957744 0
1590748084055 0.15434677082822795 0
1590748110113 0.13663757064363694 0
1590748135876 0.13403935762134372 0
1590748161365 0.1461460420590718 0
1590748186662 0.18533472057230838 0
1590748212019 0.1770058851899579 0
1590748237319 0.21694029039264678 0
1590748262630 0.2034988744048903 0
1590748288023 0.21426158211647675 0
1590748313434 0.23195219185604365 0
1590748338777 0.21144259642978125 0
1590748364357 0.23567493167507578 0
1590748389638 0.2936107822874758 0
1590748415058 0.215644549477111 0
1590748440402 0.25235488229854697 0
1590748465616 0.26401616054970256 0
1590748491010 0.31519533007885775 0
1590748516522 0.31790450712542295 0
1590748541947 0.3396099555523431 0
1590748567201 0.34217317407018455 0
1590748592546 0.3361917099615526 0
1590748618019 0.353500073599697 0
1590748643503 0.32818085422331267 0
1590748668886 0.32726087650023267 0
1590748694266 0.35735284333143963 0
1590748719519 0.35477739050407664 0
1590748744931 0.3526778027516181 0
1590748770206 0.3587517253197359 0
1590748795634 0.3474274971017771 0
1590748821009 0.34214956661054724 0
1590748846313 0.3467986071098371 0
