1590747600068 0.048848205527693665 0
1590747625399 0.08148486366483274 0
1590747650893 0.041245557026824205 0
1590747676572 0.03233418496708648 0
1590747702116 0.0416950082734001 0
1590747727592 0.06834893784402836 0
1590747752819 0.06977746100194557 0
1590747778162 0.08547501719032838 0
1590747803580 0.05059169711598936 0
1590747829076 0.09128257120497502 0
1590747854540 0.09541241304273862 0
1590747879980 0.08352786155272121 0
1590747905612 0.0864733249268681 0
1590747930981 0.08560541803706825 0
1590747956372 0.08614937618666943 0
1590747981864 0.0919430930898993 0
1590748007156 0.08878680170504497 0
1590748032427 0.12147939931151415 0
1590748058548 0.1248002921440392 0
1590748084051 0.16865676580645736 0
1590748110111 0.149773898115635 0
1590748135874 0.14346004342631752 0
1590748161363 0.15812715212956427 0
1590748186660 0.20101953213489193 0
1590748212017 0.20466982981373238 0
1590748237317 0.2371381064768392 0
1590748262628 0.22369521797057726 0
1590748288020 0.23993600205759225 0
1590748313432 0.2531817643340767 0
1590748338774 0.22616037530651428 0
1590748364355 0.2556467890054272 0
1590748389636 0.3047414073186191 0
1590748415055 0.23263836522440173 0
1590748440400 0.2689362118738239 0
1590748465614 0.2781757446110823 0
1590748491008 0.32860242563706077 0
1590748516520 0.33332229754271003 0
1590748541942 0.35549466204023866 0
1590748567199 0.36190465472134076 0
1590748592544 0.3530372605741697 0
1590748618016 0.3762594132446996 0
1590748643501 0.3404757786970315 0
1590748668884 0.3486888516402001 0
1590748694263 0.37044479835201016 0
1590748719517 0.3758944474207142 0
1590748744928 0.3783070772906083 0
1590748770204 0.38647716761616036 0
1590748795632 0.362111782973928 0
1590748821007 0.3512693470139488 0
1590748846311 0.35881760474227753 0
