1590747600055 0.04159472487069184 0
1590747625386 0.06891357747585498 0
1590747650878 0.03457063600374792 0
1590747676556 0.026075096175557165 0
1590747702103 0.03485962412225184 0
1590747727575 0.05288006779618955 0
1590747752806 0.05674780881422577 0
1590747778145 0.0722547370741162 0
1590747803564 0.07258320119737849 0
1590747829063 0.08752017893067743 0
1590747854527 0.07927752510601785 0
1590747879967 0.07232350345865346 0
1590747905599 0.07464306891783229 0
1590747930968 0.08677645033424813 0
1590747956360 0.08005844642040008 0
1590747981851 0.11185577153347585 0
1590748007143 0.10145135148043083 0
1590748032406 0.10562786402279797 0
1590748058528 0.11396687461566161 0
1590748084036 0.123670471895662 0
1590748110099 0.12162136373660033 0
1590748135861 0.13081376555781937 0
1590748161351 0.13087512132862525 0
1590748186646 0.1501653772474174 0
1590748212004 0.15989390965064468 0
1590748237304 0.15491066922788038 0
1590748262615 0.1567469308155363 0
1590748288008 0.17850677426643696 0
1590748313419 0.16262377151071242 0
1590748338759 0.16778579864835746 0
1590748364342 0.1866491578643342 0
1590748389623 0.20383479630855686 0
1590748415043 0.19603127490271693 0
1590748440387 0.213352192652808 0
1590748465600 0.19640202668126092 0
1590748490996 0.20929561180381445 0
1590748516507 0.20267581752082298 0
1590748541924 0.20888745536644446 0
1590748567187 0.21793147296838927 0
1590748592532 0.20714496550202202 0
1590748618004 0.21825207223597126 0
1590748643487 0.22220038167793937 0
1590748668871 0.2113033764998565 0
1590748694251 0.2156417634895055 0
1590748719504 0.2307578819429124 0
1590748744915 0.219901786685225 0
1590748770191 0.22377863317146907 0
1590748795619 0.2180869710574378 0
1590748820995 0.21883415691129265 0
1590748846299 0.21911745328005355 0
