1590747593900 8.468427486419678 0
1590747623683 4.921829376220703 0
1590747649183 2.8353858280181883 0
1590747674866 1.8439077997207642 0
1590747700392 1.4497976994514465 0
1590747725910 1.2300090193748474 0
1590747751140 1.2158512353897095 0
1590747776462 1.205550229549408 0
1590747801897 1.1988195967674256 0
1590747827381 1.169310576915741 0
1590747852707 1.1718436074256897 0
1590747878275 1.1682906651496887 0
1590747903910 1.162929389476776 0
1590747929315 1.160152153968811 0
1590747954708 1.1516915798187255 0
1590747980190 1.1751714301109315 0
1590748005491 1.1461065077781678 0
1590748030734 1.1454165148735047 0
1590748056804 1.1441725587844849 0
1590748082358 1.1522399711608886 0
1590748108291 1.1278719043731689 0
1590748134186 1.1201657962799072 0
1590748159683 1.135422673225403 0
1590748184996 1.120508816242218 0
1590748210318 1.120832350254059 0
1590748235665 1.1211021876335143 0
1590748260947 1.1070859670639037 0
1590748286347 1.078696177005768 0
1590748311769 1.0872893500328065 0
1590748337099 1.08494007229805 0
1590748362513 1.0818728709220886 0
1590748387972 1.0576749777793883 0
1590748413351 1.0322935116291045 0
1590748438718 1.0424768829345703 0
1590748463931 1.0228886020183563 0
1590748489325 0.9914621865749359 0
1590748514829 1.0194223165512084 0
1590748540251 1.0118057548999786 0
1590748565528 1.0011228156089782 0
1590748590878 1.0080620265007019 0
1590748616175 1.0020172011852264 0
1590748641821 0.9899246406555176 0
1590748667198 0.9847392499446869 0
1590748692563 0.9731435179710388 0
1590748717811 0.9816202449798584 0
1590748743271 0.9686930549144744 0
1590748768530 0.962127696275711 0
1590748793948 0.9592293107509613 0
1590748819334 0.9550096380710602 0
1590748844641 0.9419333171844483 0
