1590547797404 0.14048700027265512 0
1590548715098 0.28922293852912345 0
1590549642428 0.3203005519467544 0
1590550556409 0.33673643139551956 0
1590551472801 0.3402163845973028 0
1590552397054 0.34150843190042335 0
1590553317604 0.3435150155635097 0
1590554247380 0.3444416325327 0
1590555180668 0.35229445587094727 0
1590556105135 0.34842927612631885 0
1590557027457 0.35042247824958345 0
1590557953377 0.35195063332764065 0
1590558875612 0.3544062411502906 0
1590559797696 0.35474976987205153 0
1590560732972 0.3525608979529921 0
1590561663356 0.3549146983563387 0
1590562599129 0.35795723136582003 0
1590563525135 0.3568568170465041 0
1590564445279 0.357333938020666 0
1590565369992 0.3587537643393957 0
1590566289393 0.357340701427958 0
1590567222509 0.35669859211598987 0
1590568153451 0.3615091162731609 0
1590569074828 0.3585008533951357 0
1590569999501 0.3562373594880277 0
1590570923749 0.35717030532053895 0
1590571849210 0.36260170285292004 0
1590572768204 0.35928292210379537 0
1590573686798 0.3616526826990972 0
1590574616146 0.3595380315864669 0
1590575538847 0.3617133770394536 0
1590576461503 0.3614939047356518 0
