1590547797403 0.15480921447461463 0
1590548715096 0.2991325579285225 0
1590549642426 0.32804862623392345 0
1590550556406 0.3421086880659751 0
1590551472800 0.3455166854436862 0
1590552397052 0.345886323851317 0
1590553317603 0.34705244920453815 0
1590554247379 0.34793145008248477 0
1590555180667 0.35569280174659595 0
1590556105134 0.3522452094531821 0
1590557027456 0.3535839032843293 0
1590557953375 0.3550970813598901 0
1590558875610 0.3574041003595457 0
1590559797694 0.35748829660602327 0
1590560732970 0.35538501928283134 0
1590561663355 0.358002810372656 0
1590562599128 0.3606446316594354 0
1590563525134 0.35939688603729486 0
1590564445278 0.3603660234883583 0
1590565369990 0.36156184778312955 0
1590566289392 0.35983480795397327 0
1590567222508 0.35907696095363556 0
1590568153450 0.36381979282902965 0
1590569074826 0.36084684012417967 0
1590569999500 0.3588577868399971 0
1590570923748 0.35950360447888396 0
1590571849209 0.3649089176086719 0
1590572768202 0.361625511443679 0
1590573686797 0.36375013812415075 0
1590574616145 0.36195175834124294 0
1590575538846 0.36395739917203934 0
1590576461502 0.3637199122770493 0
