1590547797415 0.12673009601521523 0
1590548715109 0.27902598495318803 0
1590549642450 0.3116904548684814 0
1590550556423 0.33088740471937883 0
1590551472815 0.3350525752276586 0
1590552397068 0.336853042642623 0
1590553317615 0.3397038173811993 0
1590554247387 0.34079809192495353 0
1590555180690 0.3494493598816387 0
1590556105142 0.34423711739371754 0
1590557027468 0.34744602439631367 0
1590557953387 0.3494872781479483 0
1590558875619 0.3518410125625553 0
1590559797709 0.3519677427718744 0
1590560732979 0.3497757110367318 0
1590561663378 0.35196364054543 0
1590562599140 0.3555537732627796 0
1590563525142 0.35388404766521503 0
1590564445286 0.35506573399271907 0
1590565370014 0.3562587833932921 0
1590566289402 0.3553706965739207 0
1590567222519 0.35475262114418554 0
1590568153459 0.35930564778232793 0
1590569074836 0.35700472040922393 0
1590569999513 0.3546751320442088 0
1590570923761 0.3551546793089148 0
1590571849216 0.3610486449358554 0
1590572768213 0.35759216276044575 0
1590573686810 0.3597550005863 0
1590574616153 0.35782306188456325 0
1590575538853 0.36031730351389324 0
1590576461513 0.35980466637329456 0
