1590547797419 0.08014681436638184 0
1590548715114 0.23790109453080113 0
1590549642458 0.27091991681011984 0
1590550556427 0.29765736189745307 0
1590551472826 0.30537252842838125 0
1590552397073 0.3093517417966739 0
1590553317620 0.3151151172359608 0
1590554247389 0.3162388907492854 0
1590555180696 0.3256100215567937 0
1590556105145 0.31875726470552757 0
1590557027473 0.32754429148863906 0
1590557953390 0.32900896094756116 0
1590558875622 0.33186793037902296 0
1590559797713 0.33224475129964826 0
1590560732982 0.3305302350299044 0
1590561663382 0.3328578640262139 0
1590562599143 0.3367301976388399 0
1590563525145 0.3366080386015298 0
1590564445288 0.3365733149045402 0
1590565370026 0.33710721737117244 0
1590566289404 0.3382125115038492 0
1590567222521 0.3368623971805238 0
1590568153462 0.34150081695265017 0
1590569074839 0.3398495710981653 0
1590569999519 0.33851373434261417 0
1590570923766 0.33757196760538327 0
1590571849219 0.3435602912845564 0
1590572768218 0.34033245859694394 0
1590573686814 0.3423508151193375 0
1590574616156 0.34105938906501815 0
1590575538856 0.343022627056312 0
1590576461516 0.3433043888495812 0
