1590547797414 0.141062225510982 0
1590548715108 0.2894067271584435 0
1590549642448 0.32059373610594616 0
1590550556422 0.33722049668032894 0
1590551472814 0.3408270754991591 0
1590552397067 0.34193476146233726 0
1590553317614 0.3441474150723992 0
1590554247386 0.3451986076266314 0
1590555180689 0.3530041864550046 0
1590556105141 0.3489336628765384 0
1590557027467 0.3514968548937566 0
1590557953385 0.35265365010158567 0
1590558875618 0.3552109027516545 0
1590559797706 0.35550825752322723 0
1590560732978 0.3531328289114252 0
1590561663377 0.3557452309652779 0
1590562599138 0.3590538311435959 0
1590563525141 0.35774409572190924 0
1590564445285 0.3581574663430158 0
1590565370013 0.3597466800268691 0
1590566289401 0.358299604032983 0
1590567222518 0.3578976202045016 0
1590568153458 0.36257579314124805 0
1590569074835 0.3595725603612415 0
1590569999512 0.357470680658346 0
1590570923759 0.35807559392780625 0
1590571849215 0.3638794648419551 0
1590572768212 0.3604498277681104 0
1590573686809 0.3629640379831502 0
1590574616152 0.360639171545162 0
1590575538853 0.36273641968755693 0
1590576461511 0.36263139078263557 0
