1590547797420 0.11895142263504797 0
1590548715117 0.2712163506830812 0
1590549642462 0.30346278444658453 0
1590550556429 0.3238745054306074 0
1590551472828 0.32901062694318167 0
1590552397074 0.3308933856059177 0
1590553317623 0.33447433266480187 0
1590554247390 0.3353298753488085 0
1590555180719 0.34405963464319905 0
1590556105146 0.3389548937549853 0
1590557027475 0.3433054247181721 0
1590557953391 0.3450208082492232 0
1590558875622 0.3475899045142315 0
1590559797714 0.3478123987937036 0
1590560732982 0.3457587675584386 0
1590561663383 0.3481966217562485 0
1590562599145 0.35178531214879477 0
1590563525145 0.35064246014313283 0
1590564445289 0.35119646009416505 0
1590565370029 0.3523276307508696 0
1590566289405 0.35171524503625534 0
1590567222522 0.3509738216711984 0
1590568153463 0.3555308984925261 0
1590569074840 0.3532897142296074 0
1590569999522 0.3512691072528655 0
1590570923767 0.3513067374775319 0
1590571849220 0.3573131493901727 0
1590572768219 0.3539979789377014 0
1590573686815 0.35612685417909323 0
1590574616157 0.35415497604669643 0
1590575538857 0.35646644971357383 0
1590576461518 0.35623503021119124 0
