1592726399463 0.2816316503355482 0
1592726828460 0.38661593250853304 0
1592727258296 0.23903503469643175 0
1592727689163 0.5252060367903058 0
1592728119238 0.1962725612458458 0
1592728549087 0.45386241760027174 0
1592728979122 0.26851395687012714 0
1592729409407 0.2951595893145557 0
1592729838016 0.4226134812619367 0
1592730267320 0.48464885741720415 0
1592730697091 0.4222277793871127 0
1592731126435 0.4340835791219461 0
1592731555774 0.46705488611691215 0
1592731985611 0.4542749835470529 0
1592732414581 0.46573944596002015 0
1592732845241 0.448496714527243 0
1592733274547 0.4671469858090547 0
1592733704665 0.4417724325331087 0
1592734133858 0.46752408463514367 0
1592734564051 0.45109889903546535 0
1592734993810 0.43949597719926414 0
1592735423681 0.4488641358198149 0
1592735853054 0.4514142986566397 0
1592736282508 0.44998538596841176 0
1592736711080 0.4500022272232169 0
1592737140673 0.4506539317977691 0
1592737569551 0.4479669300790496 0
1592737999399 0.4500799257012107 0
1592738428359 0.4496089812640307 0
1592738858468 0.4487334482251699 0
1592739288096 0.4483575418551405 0
1592739718242 0.44954462959523317 0
1592740147503 0.4494665927306029 0
1592740577251 0.45001556824433603 0
1592741005992 0.44984797018327005 0
1592741435302 0.4500478075754633 0
1592741863544 0.45004655905559576 0
1592742293840 0.45029163844186915 0
1592742723137 0.4505914850699779 0
1592743152598 0.45067628521160885 0
1592743583086 0.4505735191037034 0
1592744012876 0.45046990817637617 0
1592744441190 0.45055545808143127 0
1592744870846 0.449920550321164 0
1592745299418 0.4504974598708708 0
1592745728815 0.4509077304328082 0
1592746157133 0.45128789423506954 0
1592746587281 0.4511399989919233 0
1592747016235 0.45117029731583114 0
1592747445881 0.4514453300164387 0
1592747874517 0.45159373298588396 0
1592748304517 0.4514733337680943 0
1592748733717 0.45154771244104763 0
1592749163774 0.4517695450659061 0
1592749592343 0.4516364633753533 0
1592750021586 0.4517096426490093 0
1592750450192 0.45177611939733375 0
1592750879750 0.4515869687979615 0
1592751308564 0.4516074320105887 0
1592751738506 0.45164033332036596 0
1592752167546 0.45153329816657334 0
1592752597814 0.45194710402325616 0
1592753026658 0.4515172825260145 0
1592753456752 0.451806633501614 0
1592753885788 0.4514152107966786 0
1592754315162 0.4507978177769718 0
1592754743299 0.4503621285535346 0
1592755173050 0.45001678474387563 0
1592755601892 0.4502652801569799 0
1592756031350 0.4508847214093778 0
1592756459976 0.4511016827005678 0
1592756889373 0.4509687770641188 0
1592757318120 0.4503032489708196 0
1592757747988 0.4501787863415514 0
1592758176758 0.44999212203534694 0
1592758606460 0.4501705798884507 0
1592759035528 0.45013802106441464 0
1592759465311 0.45014828409900387 0
1592759893893 0.4503944830764947 0
1592760322542 0.4506166679249069 0
1592760751680 0.45067696142848196 0
1592761181328 0.45077788904092353 0
1592761609082 0.4509229763267543 0
1592762038087 0.45053620567305047 0
1592762466359 0.4506634498264435 0
1592762896707 0.45044983397193533 0
1592763324863 0.4511297428726557 0
1592763753457 0.4510724260648607 0
1592764182669 0.4516228568420341 0
1592764612495 0.45075874139848054 0
1592765041231 0.450684263873353 0
1592765470024 0.4507546177894473 0
1592765898606 0.45084683446759394 0
1592766327852 0.4510043612878392 0
1592766756019 0.45090566196623705 0
1592767186249 0.45118227954285034 0
1592767614389 0.4506224145727124 0
1592768043301 0.4514539786901894 0
1592768467632 0.45151562144827023 0
1592768892616 0.4515973789467648 0
