1592726399471 0.5614335505917399 0
1592726828473 0.49931138703489303 0
1592727258308 0.41878566098841824 0
1592727689171 0.633475115090118 0
1592728119247 0.2522291701117688 0
1592728549095 0.6484681608933138 0
1592728979131 0.49384431722796196 0
1592729409421 0.4589156011093067 0
1592729838023 0.6033446671828123 0
1592730267328 0.6518919213434023 0
1592730697098 0.6118225672312214 0
1592731126442 0.6227295992590391 0
1592731555786 0.6413524463788571 0
1592731985620 0.6352061993092514 0
1592732414588 0.6450055717512002 0
1592732845249 0.6259270587264089 0
1592733274556 0.6478251541748513 0
1592733704672 0.6244118375819528 0
1592734133866 0.6456917932644146 0
1592734564058 0.6309628962841634 0
1592734993820 0.6175129697613302 0
1592735423690 0.6304464806212883 0
1592735853062 0.6300058188146392 0
1592736282515 0.6290006571821967 0
1592736711089 0.6289498800406007 0
1592737140682 0.6307223837014063 0
1592737569558 0.6277771374214216 0
1592737999407 0.6285870227190099 0
1592738428367 0.6277161914214139 0
1592738858476 0.6273121392558235 0
1592739288105 0.626559857067904 0
1592739718251 0.6265771313446342 0
1592740147511 0.6270579615676751 0
1592740577263 0.6276194821978878 0
1592741006003 0.6275562164555558 0
1592741435311 0.6280083504779889 0
1592741863552 0.6276708391879319 0
1592742293848 0.6273709661655077 0
1592742723144 0.6279190243604992 0
1592743152605 0.627780830135209 0
1592743583097 0.6275175504476864 0
1592744012884 0.6278296374891449 0
1592744441202 0.6277296923427599 0
1592744870854 0.6278400254395602 0
1592745299427 0.6282208447809153 0
1592745728827 0.6284573734536003 0
1592746157141 0.6286165883960968 0
1592746587293 0.6285809070004991 0
1592747016244 0.627885635639593 0
1592747445888 0.6291067342706033 0
1592747874528 0.6287001332251904 0
1592748304526 0.6287665120647891 0
1592748733726 0.6295302913486696 0
1592749163783 0.6295131445251511 0
1592749592351 0.6291830805178084 0
1592750021594 0.6293142819691436 0
1592750450200 0.629141411064119 0
1592750879758 0.6298665177899543 0
1592751308572 0.6295800394155785 0
1592751738513 0.6294270514661805 0
1592752167553 0.6292917231381278 0
1592752597821 0.6299702343411702 0
1592753026666 0.629336060526418 0
1592753456761 0.6297786775246663 0
1592753885796 0.6302926604672896 0
1592754315170 0.6286302938831362 0
1592754743307 0.6283436809439066 0
1592755173059 0.6284421753407323 0
1592755601899 0.6293434975180567 0
1592756031358 0.6297476581503179 0
1592756459985 0.6297096520027541 0
1592756889385 0.6296095362770692 0
1592757318128 0.6297462400580367 0
1592757747996 0.6297467615344001 0
1592758176766 0.6298277329910832 0
1592758606468 0.6299942909834771 0
1592759035537 0.6294384563756822 0
1592759465323 0.6293531175662022 0
1592759893900 0.6285873076544021 0
1592760322552 0.6291043320389612 0
1592760751690 0.6290526886943997 0
1592761181335 0.629036742083203 0
1592761609089 0.6294605344845178 0
1592762038094 0.6291643170300854 0
1592762466367 0.6289984097950261 0
1592762896719 0.6288435813413111 0
1592763324870 0.6292005610433532 0
1592763753465 0.6293071089886532 0
1592764182677 0.62951933459002 0
1592764612503 0.6286807807467897 0
1592765041239 0.6287011630712915 0
1592765470032 0.6282876277648066 0
1592765898613 0.6283550862888452 0
1592766327860 0.6292800403615874 0
1592766756028 0.6285448440335791 0
1592767186258 0.6288901158321379 0
1592767614397 0.6284857304048336 0
1592768043309 0.6291491156808848 0
1592768467641 0.6291623648317715 0
1592768892623 0.6293003620160001 0
