1592726399469 0.5824156324415294 0
1592726828471 0.5324640661642268 0
1592727258306 0.42858004997132493 0
1592727689169 0.6556435242134238 0
1592728119244 0.25659208762616653 0
1592728549093 0.664432239393405 0
1592728979129 0.5048382605205782 0
1592729409418 0.4714888746753819 0
1592729838021 0.6173826487338758 0
1592730267326 0.6700956565338178 0
1592730697097 0.6257028537348641 0
1592731126440 0.6384241864650778 0
1592731555784 0.6558340184392244 0
1592731985618 0.6528145034990911 0
1592732414586 0.6592875370684335 0
1592732845247 0.6389374456491536 0
1592733274554 0.6627488559233597 0
1592733704670 0.6368554342664466 0
1592734133864 0.6588416654015591 0
1592734564057 0.6435611755657766 0
1592734993817 0.629984400161209 0
1592735423688 0.6415483882754988 0
1592735853060 0.6423122711665469 0
1592736282513 0.641181737557106 0
1592736711087 0.6416339109231362 0
1592737140680 0.6425505587459148 0
1592737569556 0.6396759986563342 0
1592737999405 0.6412674303949444 0
1592738428365 0.6401232350697748 0
1592738858474 0.6402179239204762 0
1592739288102 0.6399516271608835 0
1592739718249 0.6399711179728013 0
1592740147509 0.6404692991647505 0
1592740577260 0.6410417509758418 0
1592741005999 0.6409675540526312 0
1592741435309 0.6414054218932945 0
1592741863550 0.6412465245589407 0
1592742293846 0.6409466515365169 0
1592742723143 0.6412582368432327 0
1592743152603 0.641095115532413 0
1592743583095 0.6408318358448906 0
1592744012882 0.641143922886349 0
1592744441196 0.641043977739964 0
1592744870852 0.6411543108367644 0
1592745299425 0.641287726108965 0
1592745728823 0.6415242547816499 0
1592746157139 0.6416834697241465 0
1592746587290 0.6417093373356872 0
1592747016242 0.6411926799304848 0
1592747445886 0.6421918504633064 0
1592747874526 0.6421154395051492 0
1592748304523 0.6419204183709427 0
1592748733724 0.6427220928905758 0
1592749163781 0.6427118972309604 0
1592749592349 0.6423635983589645 0
1592750021592 0.6425357276345458 0
1592750450198 0.6423628567295214 0
1592750879756 0.6430977935906194 0
1592751308570 0.642814026248727 0
1592751738512 0.642429484002031 0
1592752167551 0.6425294000458432 0
1592752597819 0.6422409367629517 0
1592753026664 0.6422888651117029 0
1592753456758 0.6422967840156022 0
1592753885794 0.6427949171863694 0
1592754315168 0.6420638941586583 0
1592754743305 0.641745844156313 0
1592755173056 0.6413314842417415 0
1592755601897 0.6420196425724565 0
1592756031356 0.6424238032047175 0
1592756459983 0.6426388014847313 0
1592756889381 0.6425516539092695 0
1592757318126 0.6426950062095297 0
1592757747994 0.6427024788497967 0
1592758176764 0.6430587787771748 0
1592758606466 0.6432375556103632 0
1592759035535 0.6426305656585191 0
1592759465321 0.6425829867994919 0
1592759893898 0.6417964155715501 0
1592760322550 0.6423536430953259 0
1592760751686 0.6424899109293875 0
1592761181333 0.6422788120332553 0
1592761609087 0.6427026044345701 0
1592762038092 0.6426270100965565 0
1592762466365 0.6424314549526378 0
1592762896716 0.6420224683262654 0
1592763324868 0.6424049895763401 0
1592763753463 0.6425017073863779 0
1592764182675 0.6427096367009737 0
1592764612501 0.6421351267590609 0
1592765041237 0.6421760446130684 0
1592765470030 0.6414713244565751 0
1592765898611 0.6420694493853313 0
1592766327858 0.642750141671473 0
1592766756026 0.6422509685405118 0
1592767186255 0.642604478928624 0
1592767614395 0.642189162320441 0
1592768043307 0.6428518433609404 0
1592768467639 0.6431026664457191 0
1592768892621 0.6430089709735631 0
