1592726399474 0.5308463012976635 0
1592726828475 0.46000112531150533 0
1592727258310 0.40205611267096975 0
1592727689173 0.6073395959660148 0
1592728119250 0.24440936105757685 0
1592728549098 0.6251458173732497 0
1592728979133 0.4802717897870167 0
1592729409425 0.4445692071486542 0
1592729838025 0.5826572067923707 0
1592730267330 0.6279816547192086 0
1592730697100 0.5912735905870441 0
1592731126444 0.602689568907728 0
1592731555788 0.6188344612401265 0
1592731985621 0.614086915517527 0
1592732414590 0.6207145911404179 0
1592732845251 0.6042374656326741 0
1592733274558 0.6248891478359266 0
1592733704674 0.6010345347092236 0
1592734133868 0.6218333634770785 0
1592734564060 0.6067177068474461 0
1592734993822 0.5952812115218303 0
1592735423693 0.6061004339616956 0
1592735853064 0.6063557548066212 0
1592736282517 0.6039451229042546 0
1592736711091 0.6058135084670804 0
1592737140685 0.6058900962539329 0
1592737569560 0.6030418365280853 0
1592737999409 0.6041724483040244 0
1592738428369 0.6035036769512451 0
1592738858478 0.6028297633196665 0
1592739288107 0.6026204084954873 0
1592739718255 0.60283761943818 0
1592740147513 0.6032970327739667 0
1592740577265 0.603812220593987 0
1592741006007 0.6037585665394677 0
1592741435313 0.603904258597313 0
1592741863555 0.6037835638011617 0
1592742293851 0.6034911249594144 0
1592742723146 0.6042331914837625 0
1592743152607 0.604108553028453 0
1592743583100 0.6038933311491872 0
1592744012885 0.6041570170785079 0
1592744441207 0.6040656004552442 0
1592744870856 0.6041461742234226 0
1592745299429 0.604496809365976 0
1592745728830 0.6047476013391888 0
1592746157143 0.6048790407191934 0
1592746587296 0.6042043945441413 0
1592747016246 0.6042517624191664 0
1592747445890 0.6050890170069696 0
1592747874530 0.6047994302210311 0
1592748304528 0.6043895822902398 0
1592748733728 0.6053872397258766 0
1592749163785 0.6053980476786519 0
1592749592353 0.6049218619876394 0
1592750021596 0.6050131694191792 0
1592750450202 0.6048706739914919 0
1592750879759 0.6055440013471175 0
1592751308575 0.6050326695319954 0
1592751738515 0.6049020632878661 0
1592752167555 0.6047964498421862 0
1592752597824 0.605248288807373 0
1592753026668 0.6050822833098835 0
1592753456763 0.6050525233002876 0
1592753885798 0.6055792318537744 0
1592754315172 0.6041109151253026 0
1592754743309 0.603848044070665 0
1592755173062 0.6031899294455291 0
1592755601901 0.6045157045725654 0
1592756031359 0.6052395582994557 0
1592756459988 0.6054201568546671 0
1592756889387 0.6051274714226629 0
1592757318136 0.604804401322983 0
1592757747998 0.6051078681488207 0
1592758176768 0.6054130690440359 0
1592758606470 0.6055705821917449 0
1592759035539 0.6046335428685015 0
1592759465325 0.6047872178481379 0
1592759893902 0.6040272970373675 0
1592760322554 0.6045508059103932 0
1592760751693 0.6047014179911573 0
1592761181337 0.6044903190950252 0
1592761609091 0.6048998481958117 0
1592762038096 0.6046134608766419 0
1592762466369 0.6044345785651541 0
1592762896722 0.6044552105678465 0
1592763324872 0.6050588097350215 0
1592763753469 0.6051756958369466 0
1592764182679 0.6053918742969376 0
1592764612505 0.6040814585704123 0
1592765041241 0.6041000742944189 0
1592765470034 0.6038872914820242 0
1592765898615 0.6041524370765872 0
1592766327861 0.6049070181220696 0
1592766756030 0.6043081534269855 0
1592767186260 0.6046534252255444 0
1592767614399 0.6042610564295079 0
1592768043311 0.6051582955767378 0
1592768467643 0.6051804074527503 0
1592768892625 0.6053524460313146 0
