1592726399453 0.292008866989367 0
1592726828444 0.4152955166434825 0
1592727258283 0.2461384205038726 0
1592727689154 0.5504070611856462 0
1592728119227 0.20197236723086848 0
1592728549077 0.4696505029309803 0
1592728979109 0.2750044678539015 0
1592729409392 0.30530007131728704 0
1592729838006 0.43700643497124686 0
1592730267310 0.5033514051643083 0
1592730697079 0.43553284672638093 0
1592731126425 0.44753029549721723 0
1592731555764 0.4829115346464618 0
1592731985601 0.47017656512421074 0
1592732414571 0.48174299770437684 0
1592732845232 0.46284497178280776 0
1592733274537 0.48266152230128256 0
1592733704653 0.45545445568569426 0
1592734133848 0.4822138381918379 0
1592734564038 0.46548117785340976 0
1592734993800 0.4532386928109637 0
1592735423671 0.4636826135268363 0
1592735853044 0.4659508890480008 0
1592736282498 0.46391446509096895 0
1592736711068 0.46412659291774033 0
1592737140658 0.4649166259439988 0
1592737569539 0.46207111927829897 0
1592737999388 0.4645559125531987 0
1592738428346 0.46398038082426907 0
1592738858455 0.46308304855662924 0
1592739288085 0.4627470478613132 0
1592739718232 0.4639483695196692 0
1592740147494 0.4638514893821875 0
1592740577236 0.464406139684939 0
1592741005983 0.46439940177213457 0
1592741435289 0.46447714705887283 0
1592741863534 0.46458592638619084 0
1592742293830 0.4648751018497097 0
1592742723127 0.4652071106964235 0
1592743152588 0.46529950191262515 0
1592743583075 0.46505405918047354 0
1592744012866 0.4649453637348237 0
1592744441177 0.465012563270394 0
1592744870836 0.46443038679964754 0
1592745299408 0.4650572598355385 0
1592745728804 0.4654525775643043 0
1592746157123 0.4658171222248524 0
1592746587271 0.46577663856475093 0
1592747016225 0.46578327415655985 0
1592747445872 0.4661752250232965 0
1592747874507 0.46619102587601396 0
1592748304505 0.4661787773634418 0
1592748733707 0.466205614105453 0
1592749163764 0.4664317787799913 0
1592749592328 0.4662204446400976 0
1592750021574 0.46621633197511464 0
1592750450182 0.46629186412360024 0
1592750879741 0.4661072668211726 0
1592751308555 0.4661056054060233 0
1592751738496 0.46624119480654075 0
1592752167535 0.46606813459891855 0
1592752597804 0.4665613098934656 0
1592753026648 0.4661655878489992 0
1592753456742 0.4665080612910045 0
1592753885779 0.465947168668016 0
1592754315152 0.46530822576327646 0
1592754743288 0.46486908837257956 0
1592755173039 0.4645460633888835 0
1592755601882 0.46474625339289694 0
1592756031341 0.4653220535762067 0
1592756459967 0.4656158240650055 0
1592756889362 0.46554064874621803 0
1592757318104 0.46474319994811075 0
1592757747978 0.46454421509048116 0
1592758176749 0.4641446631557274 0
1592758606448 0.4643710665417338 0
1592759035512 0.46446371335333364 0
1592759465300 0.46450398217344996 0
1592759893883 0.4648088686781168 0
1592760322532 0.4649589052170922 0
1592760751669 0.4651938008060499 0
1592761181312 0.46529869199541524 0
1592761609072 0.4655510181389225 0
1592762038077 0.46505540359715436 0
1592762466350 0.4650875867767947 0
1592762896690 0.4648973185991816 0
1592763324853 0.465586545265953 0
1592763753446 0.4655163907749038 0
1592764182660 0.4661257639982284 0
1592764612485 0.46524353719024475 0
1592765041221 0.4653204063131743 0
1592765470015 0.46552799972141634 0
1592765898596 0.4654177223856961 0
1592766327843 0.4655354059961233 0
1592766756009 0.4655153709337582 0
1592767186238 0.4658360879565084 0
1592767614379 0.46518945903486525 0
1592768043292 0.4658277603286638 0
1592768467615 0.46596999163783137 0
1592768892606 0.46608879747467996 0
