1592726370408 0.24462970179184257 0
1592726804216 0.21759383995977397 0
1592727233498 0.20915577904103083 0
1592727664994 0.20182443843680606 0
1592728094285 0.19748585633652035 0
1592728524777 0.1890120790422113 0
1592728954616 0.18652243390491688 0
1592729384941 0.18557725891808718 0
1592729813748 0.17977134965979483 0
1592730243203 0.17879175066347386 0
1592730672728 0.17595907685438392 0
1592731102172 0.17477024554906023 0
1592731531622 0.17382264411269266 0
1592731961501 0.17343571541891892 0
1592732390384 0.1724939995658788 0
1592732820879 0.1724286486279754 0
1592733250320 0.1719751067891229 0
1592733680441 0.17150387924248986 0
1592734109660 0.17087675848745879 0
1592734539800 0.16926415155756683 0
1592734969519 0.16976960943613004 0
1592735399542 0.16973843982898318 0
1592735828780 0.16934595825690166 0
1592736258287 0.1695631647515357 0
1592736686922 0.16966964743599783 0
1592737116380 0.1694490964188984 0
1592737545448 0.1701313301132668 0
1592737975165 0.16970186299581072 0
1592738404214 0.16978225686237855 0
1592738834301 0.16856906020671356 0
1592739263750 0.1689517730729706 0
1592739694041 0.16899206618818288 0
1592740123328 0.16951694401445558 0
1592740553035 0.16833641646565958 0
1592740981850 0.1696913870666129 0
1592741411107 0.16901123538725923 0
1592741839399 0.1693723194807843 0
1592742269672 0.1692110469719625 0
1592742698971 0.16903536603492814 0
1592743128603 0.169015837368797 0
1592743558899 0.169562667871002 0
1592743988733 0.16985870695084107 0
1592744416983 0.1687016185344917 0
1592744846659 0.16992425920455823 0
1592745275305 0.16907367714556398 0
1592745704569 0.16838030618444197 0
1592746133034 0.16936946744732653 0
1592746563122 0.16969263923333333 0
1592746992151 0.16924249165004088 0
1592747421775 0.16919098107580574 0
1592747850323 0.16963807108720544 0
1592748280363 0.1699841436120665 0
1592748709419 0.16860753432929665 0
1592749139536 0.1694441307476846 0
1592749568144 0.16931585432675383 0
1592749997274 0.16984447560997995 0
1592750426085 0.16963306114415377 0
1592750855616 0.16988725194552684 0
1592751284460 0.16927646903757484 0
1592751714304 0.16935944253161211 0
1592752143305 0.1699307611029154 0
1592752573691 0.16997884060033322 0
1592753002519 0.16924820784057118 0
1592753432607 0.17017142778680067 0
1592753861675 0.16958746184555049 0
1592754290944 0.1692014941828377 0
1592754719154 0.169179564571801 0
1592755148826 0.16927756410401773 0
1592755577741 0.16971512409091297 0
1592756007243 0.17072119890367354 0
1592756435681 0.16885399159691497 0
1592756865296 0.16917101466460552 0
1592757293973 0.17002873779544303 0
1592757723868 0.1690938703584431 0
1592758152573 0.16847053823302915 0
1592758582200 0.1687345300198202 0
1592759011396 0.16903083214081205 0
1592759441096 0.1699381308156237 0
1592759869727 0.16981607934539805 0
1592760298412 0.16894768184093145 0
1592760727398 0.16974909096881186 0
1592761157109 0.16948752765841688 0
1592761584992 0.1686278378933443 0
1592762013822 0.16939669479651176 0
1592762442545 0.16888349385045337 0
1592762872357 0.16904820237186755 0
1592763300780 0.1696075028000911 0
1592763729279 0.16918689470447282 0
1592764158551 0.17023813745161748 0
1592764588428 0.16992342299418126 0
1592765016920 0.1686755579049401 0
1592765445971 0.1705145882982151 0
1592765874423 0.16912413221462547 0
1592766303678 0.16965699522411193 0
1592766731901 0.17008020732579965 0
1592767161969 0.1696401369811906 0
1592767590246 0.168772754838845 0
1592768019274 0.16982118196091064 0
1592768443800 0.1687721471567298 0
1592768868783 0.16906745412788102 0
