1592726385939 0.28465268393132986 0
1592726803363 0.2632857437991731 0
1592727221479 0.2963729967181349 0
1592727640102 0.3815596868907022 0
1592728057776 0.4694254233752854 0
1592728477528 0.195019774613184 0
1592728896033 0.36009832453207646 0
1592729314987 0.6361426825337724 0
1592729733341 0.2893629323038264 0
1592730152526 0.41687534898852313 0
1592730571605 0.46582953504554553 0
1592730991208 0.4662583868811608 0
1592731410106 0.47256798464979155 0
1592731829967 0.4608432058578676 0
1592732248938 0.4722131607260616 0
1592732668909 0.4609325394017978 0
1592733087973 0.4600939924493453 0
1592733507959 0.44689924716116175 0
1592733927077 0.4700244350151215 0
1592734347304 0.4429059425548637 0
1592734767444 0.46757175769826576 0
1592735187665 0.4655735962636101 0
1592735607085 0.47345656557134186 0
1592736027553 0.4736103053542533 0
1592736446632 0.47004759422948666 0
1592736866853 0.4663341625785196 0
1592737285814 0.4662375881115577 0
1592737706206 0.4749610431615076 0
1592738125750 0.4677844746918894 0
1592738546086 0.47431650212890775 0
1592738965761 0.4749700675299303 0
1592739386140 0.4749595359679059 0
1592739805707 0.4744930101169297 0
1592740226391 0.47304973746995516 0
1592740646097 0.471853953403492 0
1592741067093 0.47242581870753003 0
1592741486903 0.472914040058006 0
1592741907562 0.4756085938870392 0
1592742327032 0.472939917853658 0
1592742747614 0.4737933221862982 0
1592743167332 0.47364142846493645 0
1592743589732 0.47393421109949885 0
1592744008843 0.4737006117435778 0
1592744428905 0.47361439039784425 0
1592744847863 0.47431274213660185 0
1592745268217 0.47457317030553753 0
1592745687362 0.4745048276773356 0
1592746107303 0.4744899497485538 0
1592746526157 0.4745481017432227 0
1592746946370 0.474628682071062 0
1592747365595 0.4746884620806268 0
1592747785672 0.47468846208062687 0
1592748204714 0.4746758163093727 0
1592748624690 0.4746758163093726 0
1592749043758 0.4745505804104797 0
1592749464039 0.47449191332662466 0
1592749883475 0.4745484744125975 0
1592750303630 0.47449191332662466 0
1592750722804 0.4744919133266247 0
1592751142486 0.474560588139545 0
1592751561826 0.47460864657860713 0
1592751982215 0.4745399717656868 0
1592752401422 0.4745399717656863 0
1592752821448 0.47453997176568696 0
1592753240367 0.4745399717656866 0
1592753660743 0.47453997176568685 0
1592754079888 0.4745399717656869 0
1592754499930 0.47453997176568663 0
1592754919140 0.47453997176568646 0
1592755338985 0.4745399717656866 0
1592755758159 0.4745399717656866 0
1592756177915 0.47453997176568646 0
1592756596782 0.47453997176568663 0
1592757016851 0.4745399717656868 0
1592757435973 0.47453997176568696 0
1592757856116 0.47453997176568663 0
1592758275211 0.4745399717656868 0
1592758695091 0.4745399717656866 0
1592759114227 0.4745399717656868 0
1592759534507 0.4745399717656867 0
1592759953674 0.47453997176568646 0
1592760373774 0.47453997176568663 0
1592760792597 0.4745399717656867 0
1592761212573 0.4745399717656866 0
1592761631857 0.4745399717656867 0
1592762051824 0.4745399717656864 0
1592762470743 0.47453997176568663 0
1592762890382 0.4745399717656867 0
1592763309225 0.47453997176568663 0
1592763728602 0.47453997176568635 0
1592764147815 0.47453997176568663 0
1592764567634 0.4745399717656868 0
1592764986553 0.47453997176568646 0
1592765406450 0.4745399717656867 0
1592765825465 0.4745399717656866 0
1592766245378 0.47453997176568663 0
1592766664418 0.4745399717656867 0
1592767084443 0.47453997176568646 0
1592767503389 0.4745399717656867 0
1592767923352 0.47453997176568646 0
