1592726385955 0.5024885033708358 0
1592726803379 0.46660134913168655 0
1592727221496 0.4991612177527344 0
1592727640122 0.5721138983629047 0
1592728057792 0.6013646712024098 0
1592728477544 0.19290111249690528 0
1592728896049 0.5319417348592512 0
1592729315003 0.719011417937349 0
1592729733360 0.47570309691065527 0
1592730152543 0.5816623985491852 0
1592730571621 0.6318075196459441 0
1592730991223 0.6343274608439065 0
1592731410123 0.635088268820143 0
1592731829982 0.6356434127825347 0
1592732248965 0.6431485204950107 0
1592732668926 0.6246051615766969 0
1592733087988 0.6216333380555797 0
1592733507974 0.616538572320757 0
1592733927094 0.6268912363756817 0
1592734347319 0.6092751108595502 0
1592734767460 0.6262894433270946 0
1592735187682 0.6255490062601571 0
1592735607101 0.6318344940475001 0
1592736027569 0.6316354695812862 0
1592736446649 0.629662776328551 0
1592736866879 0.6273837015871272 0
1592737285832 0.6296696960583394 0
1592737706233 0.6361417279030097 0
1592738125767 0.6309746185305758 0
1592738546103 0.6318654779033788 0
1592738965777 0.6319742201694714 0
1592739386157 0.6329633780584797 0
1592739805730 0.6323190583773886 0
1592740226406 0.6314381175821492 0
1592740646113 0.6316459672446949 0
1592741067111 0.6315710992452264 0
1592741486927 0.6324555866456587 0
1592741907578 0.634547705736129 0
1592742327050 0.6320412064850841 0
1592742747630 0.6328978477029419 0
1592743167348 0.6328195285421592 0
1592743589748 0.6331860940493169 0
1592744008872 0.6331128018753598 0
1592744428927 0.6330897415759716 0
1592744847880 0.6335376123447268 0
1592745268237 0.6337290564534813 0
1592745687379 0.633845207572638 0
1592746107322 0.633655948769966 0
1592746526172 0.633390916320153 0
1592746946386 0.6332530847264627 0
1592747365610 0.633341068637976 0
1592747785687 0.6334188775393143 0
1592748204730 0.6335641925823278 0
1592748624707 0.6334762086708143 0
1592749043784 0.6333711666540073 0
1592749464056 0.6332921027703894 0
1592749883496 0.6332921027703897 0
1592750303645 0.6332921027703893 0
1592750722820 0.6332921027703894 0
1592751142517 0.6332609792098541 0
1592751561844 0.6332609792098541 0
1592751982231 0.6331559371930475 0
1592752401444 0.6331559371930473 0
1592752821468 0.6331559371930473 0
1592753240382 0.6331559371930475 0
1592753660757 0.6331559371930476 0
1592754079906 0.6331559371930476 0
1592754499947 0.6331559371930475 0
1592754919156 0.6331559371930473 0
1592755339003 0.6331559371930475 0
1592755758174 0.6331559371930473 0
1592756177930 0.6331559371930475 0
1592756596798 0.6331559371930473 0
1592757016867 0.6331559371930474 0
1592757435990 0.6331559371930474 0
1592757856132 0.6331559371930473 0
1592758275226 0.6331559371930471 0
1592758695116 0.6331559371930473 0
1592759114244 0.6331559371930471 0
1592759534527 0.6331559371930475 0
1592759953690 0.6331559371930475 0
1592760373791 0.6331559371930475 0
1592760792618 0.6331559371930475 0
1592761212588 0.6331559371930474 0
1592761631874 0.6331559371930474 0
1592762051842 0.6331559371930475 0
1592762470762 0.6331559371930476 0
1592762890397 0.6331559371930474 0
1592763309242 0.6331559371930474 0
1592763728624 0.6331559371930475 0
1592764147830 0.6331559371930473 0
1592764567650 0.6331559371930474 0
1592764986570 0.6331559371930474 0
1592765406466 0.6331559371930475 0
1592765825480 0.6331559371930474 0
1592766245394 0.6331559371930474 0
1592766664434 0.6331559371930473 0
1592767084460 0.6331559371930473 0
1592767503406 0.6331559371930474 0
1592767923367 0.6331559371930474 0
