1592726385945 0.25704184720482653 0
1592726803369 0.24387120433380644 0
1592727221485 0.2707257962510811 0
1592727640108 0.3497779053657526 0
1592728057782 0.3971166500779383 0
1592728477534 0.16987358681288967 0
1592728896039 0.3199253985729471 0
1592729314993 0.554623480940418 0
1592729733348 0.2656609059235376 0
1592730152532 0.3767874104257411 0
1592730571611 0.42763951842595443 0
1592730991214 0.42606241467641087 0
1592731410113 0.43140076629662955 0
1592731829972 0.41641203640407015 0
1592732248947 0.43138348834089024 0
1592732668915 0.4189281729495057 0
1592733087979 0.4163807146871427 0
1592733507964 0.40626099691623213 0
1592733927084 0.4296726862007442 0
1592734347309 0.4032312265507828 0
1592734767450 0.42731703202771376 0
1592735187671 0.42526496377545586 0
1592735607091 0.4333308097123707 0
1592736027559 0.4345981731391165 0
1592736446639 0.4289846689440507 0
1592736866864 0.4278602043286812 0
1592737285820 0.4274340616171922 0
1592737706215 0.43490154623106525 0
1592738125757 0.43010221257771963 0
1592738546092 0.43343825317005685 0
1592738965767 0.4344857408892981 0
1592739386147 0.4345666159855819 0
1592739805714 0.43424147612988506 0
1592740226397 0.4328822041099385 0
1592740646103 0.4323406976138619 0
1592741067099 0.4321547444307119 0
1592741486910 0.4330531037706716 0
1592741907568 0.43591571492670633 0
1592742327038 0.4327956989002506 0
1592742747620 0.4332567607809649 0
1592743167338 0.43313239432465384 0
1592743589738 0.4336475766647378 0
1592744008855 0.43348429115693166 0
1592744428915 0.4335920743409945 0
1592744847869 0.43406770185941457 0
1592745268223 0.43412274900674813 0
1592745687369 0.43420931096805815 0
1592746107309 0.43424554318128267 0
1592746526163 0.43404571404936126 0
1592746946376 0.4340967714521578 0
1592747365601 0.4341565514617226 0
1592747785678 0.4341565514617225 0
1592748204720 0.4341337781247455 0
1592748624697 0.4341337781247456 0
1592749043770 0.4340382114427883 0
1592749464046 0.4339920753412889 0
1592749883482 0.43403762201524293 0
1592750303635 0.43399207534128875 0
1592750722811 0.4339920753412888 0
1592751142495 0.434042095349292 0
1592751561832 0.4340901537883536 0
1592751982221 0.4340401337803506 0
1592752401428 0.43404013378035067 0
1592752821455 0.4340401337803508 0
1592753240373 0.43404013378035067 0
1592753660748 0.43404013378035067 0
1592754079896 0.4340401337803506 0
1592754499936 0.4340401337803507 0
1592754919147 0.4340401337803506 0
1592755338993 0.43404013378035067 0
1592755758164 0.4340401337803507 0
1592756177920 0.43404013378035067 0
1592756596788 0.4340401337803506 0
1592757016857 0.4340401337803507 0
1592757435980 0.4340401337803509 0
1592757856122 0.43404013378035095 0
1592758275217 0.4340401337803505 0
1592758695100 0.4340401337803507 0
1592759114233 0.43404013378035095 0
1592759534513 0.43404013378035067 0
1592759953680 0.4340401337803507 0
1592760373781 0.4340401337803508 0
1592760792604 0.4340401337803507 0
1592761212578 0.43404013378035067 0
1592761631863 0.4340401337803507 0
1592762051831 0.43404013378035067 0
1592762470751 0.43404013378035067 0
1592762890388 0.4340401337803508 0
1592763309232 0.43404013378035067 0
1592763728610 0.43404013378035067 0
1592764147821 0.4340401337803507 0
1592764567640 0.4340401337803507 0
1592764986560 0.43404013378035067 0
1592765406456 0.4340401337803507 0
1592765825470 0.4340401337803508 0
1592766245384 0.43404013378035067 0
1592766664425 0.4340401337803508 0
1592767084449 0.4340401337803508 0
1592767503396 0.4340401337803506 0
1592767923357 0.4340401337803504 0
