1595533707252 0.5881199473513065 0
1595535146975 0.6070028303873917 0
1595536583921 0.6321483575743722 0
1595538006943 0.6407115348737548 0
1595539430959 0.6451248320539614 0
1595540859278 0.6486537657876096 0
1595542293962 0.6718100436758957 0
1595543709194 0.6512129816809594 0
1595545128199 0.6674475748458428 0
1595546548731 0.6660493888774619 0
1595547972627 0.6779826370163738 0
1595549387151 0.6619626939058156 0
1595550809545 0.677389123144127 0
1595552225905 0.6845534699781218 0
1595553628751 0.6908972190332531 0
1595555036735 0.6776446059846428 0
1595556447820 0.6973103804800013 0
1595557866993 0.6945624136914189 0
1595559281436 0.6914778568189426 0
1595560695920 0.6904980026666558 0
1595562105893 0.7010663879787083 0
1595563512967 0.6622929897167399 0
1595564918683 0.6910826768317025 0
1595566332724 0.700016916674564 0
1595567750041 0.7123028042916053 0
1595569172347 0.6997039030261143 0
