1595533707307 0.765641977191322 0
1595535147015 0.7732523232352494 0
1595536583997 0.7873527532455222 0
1595538006954 0.79036935086229 0
1595539430974 0.790910527529681 0
1595540859287 0.8002535245116381 0
1595542293997 0.7996851656102192 0
1595543709270 0.7946156397505815 0
1595545128208 0.7957667523150437 0
1595546548741 0.8029395037807844 0
1595547972658 0.8019988240560808 0
1595549387237 0.8134393131920646 0
1595550809555 0.8143967431055883 0
1595552225933 0.8123598297387766 0
1595553628763 0.8077601456246063 0
1595555036744 0.8073086672217548 0
1595556447828 0.8130203599064294 0
1595557867013 0.8111364656264192 0
1595559281446 0.812263049912287 0
1595560695967 0.8124803171268086 0
1595562105902 0.8140566378284908 0
1595563512994 0.8052281665510652 0
1595564918722 0.8191690602195684 0
1595566332734 0.8193143520796646 0
1595567750049 0.812860606845391 0
1595569172371 0.8102410833276392 0
