1595533707250 0.605438340326067 0
1595535146972 0.6252646050399285 0
1595536583919 0.6490799975315714 0
1595538006941 0.6578559798809939 0
1595539430956 0.6627776732788235 0
1595540859275 0.6646967945666181 0
1595542293960 0.6887700931338553 0
1595543709191 0.6681866113953234 0
1595545128195 0.6856140552969512 0
1595546548729 0.6826130829572568 0
1595547972624 0.6956041268259476 0
1595549387148 0.6785943935614039 0
1595550809543 0.6944413699154594 0
1595552225903 0.7019815708208842 0
1595553628748 0.7089013068692448 0
1595555036731 0.6953101801430939 0
1595556447818 0.7148469358531218 0
1595557866991 0.712731715208741 0
1595559281434 0.7092086337740398 0
1595560695911 0.7083298252736238 0
1595562105890 0.7184482516825738 0
1595563512964 0.6792202902165252 0
1595564918681 0.7081938848291007 0
1595566332722 0.7166036225074316 0
1595567750039 0.7302806774244759 0
1595569172344 0.7185009668174975 0
