1595533707258 0.5608486655881176 0
1595535146981 0.5795507102415076 0
1595536583923 0.6049721859988829 0
1595538006945 0.6136042768897018 0
1595539430962 0.6162099709369607 0
1595540859280 0.6215511661686006 0
1595542293965 0.6442085078556236 0
1595543709196 0.6234207295192453 0
1595545128202 0.6379699257640599 0
1595546548733 0.6387552572547004 0
1595547972635 0.6491460685964422 0
1595549387153 0.6354693321456755 0
1595550809547 0.6509253244197807 0
1595552225908 0.6574375674836117 0
1595553628754 0.6614047009158023 0
1595555036737 0.6491158071451057 0
1595556447823 0.6682133998031352 0
1595557866995 0.6662584889301891 0
1595559281439 0.6630471657903005 0
1595560695927 0.6627431711403423 0
1595562105895 0.6712520709474499 0
1595563512973 0.6341653674119978 0
1595564918694 0.6625713037294761 0
1595566332726 0.6720794429153941 0
1595567750043 0.6816488870618446 0
1595569172350 0.6697473360701245 0
