1595533707253 0.5761627256167746 0
1595535146977 0.5955177630415658 0
1595536583922 0.6209813579179503 0
1595538006944 0.6289619533312051 0
1595539430960 0.633245480049097 0
1595540859279 0.6375125299418454 0
1595542293963 0.6599161676295057 0
1595543709195 0.6393325849309187 0
1595545128201 0.6553298292895889 0
1595546548732 0.6539660732826351 0
1595547972628 0.6656866940762013 0
1595549387152 0.6506634945048079 0
1595550809546 0.6663653087759565 0
1595552225906 0.672996464107229 0
1595553628752 0.6777934329815463 0
1595555036736 0.6657423798568832 0
1595556447821 0.6847501379608397 0
1595557866994 0.6821326373505138 0
1595559281438 0.6791790615889401 0
1595560695923 0.6779274682913972 0
1595562105894 0.6878804274200256 0
1595563512969 0.6502968831572573 0
1595564918692 0.6790781548691871 0
1595566332725 0.687641169953052 0
1595567750042 0.6991462913895647 0
1595569172348 0.6865991053230309 0
