1595533707328 0.7527636360829327 0
1595535147038 0.7603744758535994 0
1595536584038 0.7748045714227212 0
1595538006983 0.7772508425176045 0
1595539430984 0.7788260480352225 0
1595540859302 0.7883730331717432 0
1595542294016 0.7870553036084066 0
1595543709275 0.7822837019633501 0
1595545128215 0.7835510137726298 0
1595546548747 0.790879678071748 0
1595547972744 0.7888863624861733 0
1595549387248 0.8009607857689272 0
1595550809563 0.8021839661317444 0
1595552225955 0.7992809891870789 0
1595553628768 0.7942352232176354 0
1595555036753 0.7940330164343927 0
1595556447842 0.7996923868900317 0
1595557867018 0.7980294392020556 0
1595559281454 0.7989789936130843 0
1595560695980 0.7995113465699352 0
1595562105911 0.8000782002275443 0
1595563512998 0.7923560259933563 0
1595564918749 0.8060806333487434 0
1595566332749 0.8063656104554161 0
1595567750053 0.7995445370656894 0
1595569172376 0.7971081931598096 0
