1595533416662 2.702289786506644 0
1595534863457 2.6053233814516514 0
1595536294922 2.56860403567368 0
1595537726374 2.557610443967043 0
1595539149805 2.538336093356782 0
1595540577086 2.5303813914278512 0
1595542004451 2.5166897686447527 0
1595543422760 2.517299428335326 0
1595544839959 2.512200474914419 0
1595546253558 2.5144721207568077 0
1595547675170 2.5020076523801813 0
1595549085999 2.4946820979544158 0
1595550501405 2.493896532454816 0
1595551912518 2.495502469254447 0
1595553311225 2.487555366176358 0
1595554708588 2.4853476409909554 0
1595556118679 2.478004224714919 0
1595557534732 2.472229462193862 0
1595558952595 2.487289430431308 0
1595560367561 2.475457572951162 0
1595561778802 2.4706484269059295 0
1595563181723 2.4696183226534267 0
1595564588395 2.4770212161674263 0
1595565996140 2.4526891210795134 0
1595567423214 2.454266387362281 0
1595568852298 2.4644113784432133 0
