1595533416661 1.8880995837840828 0
1595534863456 1.8840328302391298 0
1595536294921 1.87018132889005 0
1595537726373 1.8696447494697412 0
1595539149804 1.8621106554318025 0
1595540577085 1.8651003655473817 0
1595542004450 1.8554000311110455 0
1595543422759 1.8633272370260476 0
1595544839958 1.8633292533463433 0
1595546253556 1.871637716458712 0
1595547675168 1.8639583152547343 0
1595549085998 1.859678264298191 0
1595550501403 1.8633051089862473 0
1595551912517 1.8661943448662857 0
1595553311223 1.865354839678543 0
1595554708586 1.8657523504866735 0
1595556118678 1.8621809572153698 0
1595557534731 1.8587365840507086 0
1595558952594 1.8755028833543634 0
1595560367560 1.8680034531334233 0
1595561778800 1.863362876173881 0
1595563181722 1.8661882666690994 0
1595564588394 1.8778081733662664 0
1595565996139 1.8604636918799529 0
1595567423213 1.865202464907746 0
1595568852297 1.8780495625306122 0
