1595533416657 0.2652386839137798 0
1595534863452 0.236906643083256 0
1595536294918 0.23179717955020318 0
1595537726369 0.2288729231973801 0
1595539149801 0.22569486858749271 0
1595540577080 0.22254239138397278 0
1595542004446 0.22230474236186726 0
1595543422755 0.21925337288704025 0
1595544839953 0.21974747624282104 0
1595546253553 0.2167070973926 0
1595547675165 0.21657383610501357 0
1595549085995 0.21495704993322604 0
1595550501400 0.21420485531860498 0
1595551912514 0.21428931524790978 0
1595553311218 0.21181008987540947 0
1595554708583 0.21142674867497507 0
1595556118674 0.21067818662137852 0
1595557534728 0.2086883195230628 0
1595558952590 0.20925944995574966 0
1595560367556 0.20822243565965742 0
1595561778797 0.20868649085772914 0
1595563181719 0.2063168418262243 0
1595564588390 0.20591049097496847 0
1595565996135 0.20321861316752177 0
1595567423210 0.203143717624204 0
1595568852293 0.20151609843127694 0
