1595533416655 0.28203326659346295 0
1595534863451 0.25643137673225214 0
1595536294916 0.2490598494779168 0
1595537726367 0.2464552681730071 0
1595539149799 0.2428829288563878 0
1595540577077 0.24023482354833114 0
1595542004445 0.2379942381190033 0
1595543422753 0.23724710004916377 0
1595544839951 0.23452950472628942 0
1595546253551 0.233826369810065 0
1595547675164 0.2317074100086258 0
1595549085993 0.23070224257021477 0
1595550501398 0.22839585523114136 0
1595551912512 0.22804076989926553 0
1595553311216 0.22693431561983488 0
1595554708581 0.22509608294701006 0
1595556118673 0.22418202867102366 0
1595557534726 0.22341661213671837 0
1595558952588 0.22275708888332083 0
1595560367555 0.22151765838868356 0
1595561778796 0.22168515022139623 0
1595563181718 0.21952475977155614 0
1595564588389 0.21846422909287555 0
1595565996133 0.21603379164792408 0
1595567423209 0.21496332757956327 0
1595568852292 0.21477977024017533 0
