1590715692798 0.1461426001006896 0
1590716398542 0.28105036172785364 0
1590717105746 0.31055101354714765 0
1590717812221 0.3263520878876449 0
1590718524989 0.3321343905542574 0
1590719231580 0.335823358999092 0
1590719944143 0.33831025857512564 0
1590720651780 0.34217876810387937 0
1590721361488 0.3454450684959864 0
1590722070720 0.34600286373141315 0
1590722779909 0.3453665281731326 0
1590723488003 0.3501270454645995 0
1590724197155 0.35084636030369165 0
1590724905878 0.3515259522705835 0
1590725610956 0.35244025415169417 0
1590726318737 0.35429428326397167 0
1590727024937 0.35415148493920917 0
