1590715692820 0.10056203903485338 0
1590716398565 0.31438525463990935 0
1590717105767 0.3773698504026449 0
1590717812257 0.42938232634594453 0
1590718525014 0.3960372704499108 0
1590719231601 0.4390881368990619 0
1590719944167 0.49460175792131594 0
1590720651810 0.552432239395399 0
1590721361515 0.517917326341513 0
1590722070751 0.4907828947599511 0
1590722779937 0.5158996344524303 0
1590723488024 0.5991124384676194 0
1590724197180 0.5798918112694506 0
1590724905904 0.5947742437007961 0
1590725610982 0.6362492666039083 0
1590726318758 0.6274107939711012 0
1590727024958 0.601674921059328 0
