1590715692807 0.13779368118245536 0
1590716398552 0.27276669563441325 0
1590717105755 0.30196476284116386 0
1590717812234 0.3184298807102897 0
1590718525000 0.3255611228210695 0
1590719231589 0.32907140935832896 0
1590719944155 0.3324385117032154 0
1590720651790 0.33594488950373885 0
1590721361497 0.3396807121406307 0
1590722070730 0.3406166782390714 0
1590722779919 0.3400756010927212 0
1590723488011 0.3453046154360595 0
1590724197166 0.3459387370865245 0
1590724905890 0.34680098790724534 0
1590725610970 0.3478256386061421 0
1590726318746 0.3495349732060755 0
1590727024945 0.34985212389024073 0
