1590715692818 0.11658137055193184 0
1590716398563 0.33870065993399506 0
1590717105765 0.40394478390480804 0
1590717812253 0.4581616979102318 0
1590718525011 0.41826701831341656 0
1590719231599 0.4643554858561185 0
1590719944165 0.5218003369311662 0
1590720651807 0.5833383199843082 0
1590721361511 0.5423171208688871 0
1590722070748 0.5140085110643803 0
1590722779935 0.5417143973582956 0
1590723488021 0.6269183445818983 0
1590724197178 0.6058488273528756 0
1590724905902 0.6196022350781818 0
1590725610980 0.6664744937451209 0
1590726318756 0.6536253814424431 0
1590727024956 0.62560280453942 0
