1590715692796 0.1590881570473165 0
1590716398540 0.29217630290608143 0
1590717105744 0.3188781259259734 0
1590717812219 0.33396541611123903 0
1590718524987 0.33853693465194534 0
1590719231578 0.3419204764950255 0
1590719944140 0.34376050928361607 0
1590720651777 0.34724072843116727 0
1590721361486 0.3503186554992073 0
1590722070717 0.3509177999518466 0
1590722779907 0.3494657925475584 0
1590723487999 0.3541475156308401 0
1590724197153 0.3541474325534748 0
1590724905876 0.3545092039538244 0
1590725610952 0.3553300692262362 0
1590726318735 0.35706615265552394 0
1590727024935 0.35763041566175663 0
