1590715692814 0.145963371014206 0
1590716398558 0.3772891190633507 0
1590717105761 0.4462328539051606 0
1590717812244 0.49877809593210265 0
1590718525006 0.4467798394050623 0
1590719231595 0.49780583092212677 0
1590719944161 0.5557933009626337 0
1590720651796 0.6230141678375606 0
1590721361504 0.5735123952395642 0
1590722070742 0.5442029991235688 0
1590722779929 0.5732283938863244 0
1590723488017 0.6646113933228622 0
1590724197174 0.6382892269762985 0
1590724905897 0.6508781729762764 0
1590725610976 0.6997379853790193 0
1590726318752 0.6860965467169459 0
1590727024952 0.6567473091072372 0
