1590715692812 0.15903846418033654 0
1590716398556 0.39345043330605306 0
1590717105759 0.46133723771750673 0
1590717812241 0.5145351071871523 0
1590718525004 0.4574840739497835 0
1590719231593 0.510065889401772 0
1590719944159 0.5686440087098139 0
1590720651794 0.6364116337761703 0
1590721361502 0.5839434897011258 0
1590722070738 0.5551367847322929 0
1590722779925 0.5843285445944115 0
1590723488015 0.6782202112774075 0
1590724197172 0.649572743009387 0
1590724905895 0.6610634389471153 0
1590725610974 0.7100665803844505 0
1590726318750 0.696301008525763 0
1590727024950 0.6658403182095772 0
