1590715692801 0.13140250367890474 0
1590716398544 0.26881288641799683 0
1590717105749 0.2998887238951917 0
1590717812224 0.31727372228583967 0
1590718524992 0.32440180727395335 0
1590719231582 0.32814093597795513 0
1590719944146 0.33155638815424293 0
1590720651783 0.335148775795434 0
1590721361490 0.3389554006489413 0
1590722070723 0.34029450828558805 0
1590722779911 0.3399183171016698 0
1590723488005 0.34540894774505304 0
1590724197158 0.3459457666198382 0
1590724905881 0.346745298899406 0
1590725610958 0.3481000222269621 0
1590726318739 0.34979441559617597 0
1590727024939 0.3497444343548076 0
