1590715639015 1.670646873644496 0
1590716349410 1.0913253082797827 0
1590717056167 0.9664287356379476 0
1590717762749 0.9072252586207803 0
1590718475777 0.8635593828578805 0
1590719182500 0.8434629336032627 0
1590719895169 0.8183127612516207 0
1590720602462 0.8069696497970197 0
1590721312358 0.7869060926741366 0
1590722021431 0.7783870200831595 0
1590722730386 0.7696999129849598 0
1590723438787 0.7424907440207815 0
1590724148298 0.7301253104227574 0
1590724856674 0.7338032332988382 0
1590725561829 0.7253756278793047 0
1590726269598 0.7129395081212204 0
1590726975688 0.7090241696942374 0
