1590489772803 0.38924218902670865 0
1590490204784 0.42068070350064374 0
1590490636152 0.3697028100715384 0
1590491066984 0.4836497563436695 0
1590491497807 0.47046641105759013 0
1590491928447 0.47526951594689476 0
1590492359067 0.48954297997939983 0
1590492788850 0.5558060253897203 0
1590493218185 0.532342632239579 0
1590493648691 0.49114285261453056 0
1590494078512 0.5961844994036128 0
1590494508357 0.6007023797220608 0
1590494937565 0.6158682795634385 0
1590495367406 0.5872864805743361 0
1590495796769 0.6031414197387285 0
1590496227260 0.6046546115353603 0
1590496656016 0.6347540448063705 0
1590497086322 0.6212999972982538 0
