1590489772825 0.46156491334367183 0
1590490204824 0.5817054870281739 0
1590490636173 0.4018815468549913 0
1590491067023 0.6577489384613782 0
1590491497827 0.6578325475918111 0
1590491928477 0.6965506621867494 0
1590492359086 0.6455800235727924 0
1590492788873 0.7028974186560991 0
1590493218212 0.6739226292008857 0
1590493648713 0.6751345316640183 0
1590494078534 0.7241634277367998 0
1590494508377 0.7250777191016976 0
1590494937586 0.7287223870467932 0
1590495367431 0.7190190577345945 0
1590495796796 0.7259796734354018 0
1590496227292 0.7236433609448172 0
1590496656037 0.7401091880502675 0
1590497086342 0.7330224660475719 0
