1590489772809 0.37067868451071506 0
1590490204797 0.40389117748377573 0
1590490636159 0.35044448101450093 0
1590491066996 0.4586791979183744 0
1590491497813 0.4515934686210798 0
1590491928454 0.45371433399016275 0
1590492359073 0.4652740554575291 0
1590492788857 0.5313723494495124 0
1590493218191 0.5106505898148028 0
1590493648697 0.472054205079052 0
1590494078519 0.5680759855702863 0
1590494508363 0.5734931777366753 0
1590494937572 0.5859399436400407 0
1590495367415 0.5602952090254157 0
1590495796777 0.5762668427076234 0
1590496227271 0.5760732607735741 0
1590496656022 0.603578278910192 0
1590497086328 0.591291734755617 0
