1590489772805 0.38523122814266625 0
1590490204788 0.41724494779746024 0
1590490636154 0.36566613016800836 0
1590491066988 0.4780774018536223 0
1590491497809 0.46693233507600646 0
1590491928450 0.47082936100128386 0
1590492359069 0.4843341047236614 0
1590492788853 0.5504233978429856 0
1590493218187 0.5280932898911304 0
1590493648693 0.48738929012574744 0
1590494078514 0.5913199094998925 0
1590494508359 0.5949827073748389 0
1590494937568 0.6098337036205594 0
1590495367409 0.5823214682765404 0
1590495796772 0.5982244450940042 0
1590496227264 0.5995359641844383 0
1590496656018 0.6291646167356889 0
1590497086324 0.6158701332219595 0
