1590489772814 0.4921615850613997 0
1590490204803 0.6190170065959438 0
1590490636163 0.4305840985789256 0
1590491067004 0.7213911896103157 0
1590491497817 0.7033717619042572 0
1590491928459 0.7517562507418659 0
1590492359077 0.6980693775015306 0
1590492788861 0.7545276761554276 0
1590493218199 0.7207294357658138 0
1590493648701 0.7209934357487799 0
1590494078523 0.7799370670631129 0
1590494508367 0.7798468371488799 0
1590494937576 0.7830078319164121 0
1590495367420 0.7711584719080355 0
1590495796783 0.7790293964689097 0
1590496227279 0.7778935031792271 0
1590496656026 0.7958955147138342 0
1590497086332 0.7873981881943183 0
