1590489772823 0.47339741955688125 0
1590490204821 0.5951771272802331 0
1590490636171 0.41261412992815666 0
1590491067020 0.6805123593117485 0
1590491497825 0.6738225218564898 0
1590491928474 0.7155578713754385 0
1590492359084 0.6644193633347973 0
1590492788870 0.7218638539590571 0
1590493218210 0.6911234937929442 0
1590493648710 0.6929164147072074 0
1590494078532 0.7457447729037694 0
1590494508375 0.7456531291883625 0
1590494937584 0.748926927348099 0
1590495367429 0.7389323659103373 0
1590495796794 0.7453451007716795 0
1590496227290 0.7447385517034691 0
1590496656035 0.7609960807619635 0
1590497086340 0.75372762835441 0
