1590489684537 0.28617009635155016 0
1590490121925 0.2307986203118189 0
1590490553031 0.21527167645520007 0
1590490984970 0.20675360792751848 0
1590491415464 0.19917186129198977 0
1590491846172 0.1925504847523376 0
1590492276877 0.1896488628179364 0
1590492707398 0.18147794944206638 0
1590493136457 0.17884739038683253 0
1590493566752 0.17491637174723415 0
1590493997019 0.15922246902034834 0
1590494427123 0.15392061549971794 0
1590494856595 0.15005068202122782 0
1590495285800 0.1510298443219718 0
1590495715724 0.14658008833255995 0
1590496145998 0.1443134174632603 0
1590496575233 0.14523477748741764 0
1590497005348 0.14344866188055666 0
