1590489684543 1.1561330892806927 0
1590490121932 1.009744484572721 0
1590490553036 0.9703569796443339 0
1590490984977 0.9444926957098337 0
1590491415469 0.9183199024323881 0
1590491846177 0.9005315706971482 0
1590492276884 0.8896795535934042 0
1590492707405 0.8731704499991335 0
1590493136464 0.8639228105897734 0
1590493566759 0.8536727865772135 0
1590493997026 0.8095284148653936 0
1590494427130 0.7933759881326785 0
1590494856602 0.78922577307025 0
1590495285805 0.7868310321761659 0
1590495715731 0.782809278889168 0
1590496146002 0.7729489316822157 0
1590496575238 0.7737196837965201 0
1590497005355 0.7685810769494821 0
