1590756234860 0.765074385684189 0
1590756650759 0.6731458876109354 0
1590757064757 0.7786978449722093 0
1590757480529 0.7073529385310068 0
1590757895707 0.7110335351345815 0
1590758310803 0.740827722564476 0
1590758724449 0.7682160595668461 0
1590759139296 0.7220474246447828 0
1590759554020 0.786896459351032 0
1590759968229 0.7930732066256277 0
1590760382855 0.8091832672407602 0
1590760797506 0.8095307059129541 0
1590761211209 0.795291865485487 0
1590761626349 0.7424141361524108 0
1590762040486 0.7774065048272107 0
1590762455065 0.8005988377679317 0
1590762869624 0.7960698501153823 0
1590763284265 0.7947133713990516 0
1590763699251 0.790376369629692 0
1590764113980 0.7882535536734327 0
1590764528312 0.8053828007011898 0
1590764943049 0.8055748556159409 0
1590765357975 0.8032144744018407 0
1590765774679 0.8044935668332288 0
1590766189907 0.7997355290977434 0
1590766604638 0.7964057039292628 0
1590767018761 0.8043349901895953 0
1590767433727 0.796152341685809 0
1590767846969 0.8018097766004474 0
1590768260757 0.8117002499344187 0
1590768674057 0.8085129487376117 0
1590769087542 0.8098872921991097 0
1590769500862 0.809865078337193 0
1590769914809 0.8083053485538856 0
1590770328798 0.8077671134438431 0
1590770744989 0.8055990277717071 0
1590771158964 0.8161163316201656 0
1590771572647 0.8108394491387444 0
1590771987294 0.8109839971293806 0
1590772401833 0.8123166580885546 0
1590772815456 0.8127896656967685 0
1590773229489 0.8082024851518967 0
1590773642706 0.8108698683335593 0
1590774056958 0.8184074596885842 0
1590774470653 0.8143739361050903 0
1590774885273 0.8170010754557347 0
1590775299127 0.817516006435293 0
1590775713757 0.8127111853470027 0
1590776126398 0.8165245278371578 0
1590776539928 0.8155419549030989 0
1590776951591 0.8147799768764403 0
