1590756234838 0.6355223261700915 0
1590756650735 0.5726128825604478 0
1590757064729 0.6987389227994488 0
1590757480506 0.628681610183086 0
1590757895676 0.4636350312469666 0
1590758310780 0.6277131966785279 0
1590758724426 0.6863257873645321 0
1590759139272 0.6543394244715561 0
1590759553972 0.7120006685341512 0
1590759968200 0.7406326014927901 0
1590760382834 0.7482831211523835 0
1590760797482 0.7594125787291438 0
1590761211188 0.7335145213727108 0
1590761626324 0.6845955953425406 0
1590762040463 0.6983552122932822 0
1590762455042 0.7534037575878098 0
1590762869597 0.7545781172637526 0
1590763284242 0.7476742713160065 0
1590763699227 0.7267366781402878 0
1590764113952 0.7133941443206635 0
1590764528289 0.7515935266824562 0
1590764943020 0.7587984127810924 0
1590765357952 0.7479832945244866 0
1590765774658 0.7582657224811337 0
1590766189881 0.7387033250683844 0
1590766604618 0.7430038661892809 0
1590767018738 0.7667111600414306 0
1590767433706 0.7508601930594816 0
1590767846945 0.7581997737672765 0
1590768260736 0.7811124777426792 0
1590768674033 0.7693672441317446 0
1590769087517 0.7852522842370561 0
1590769500838 0.7722223127583183 0
1590769914768 0.7905659251536139 0
1590770328771 0.7691692860087276 0
1590770744966 0.7753487246453635 0
1590771158941 0.7892395489994264 0
1590771572625 0.7789813116315735 0
1590771987271 0.7889448369528829 0
1590772401812 0.7994102630685058 0
1590772815428 0.7939522545112562 0
1590773229465 0.7821493286496051 0
1590773642673 0.7859806662282953 0
1590774056932 0.7989705366192346 0
1590774470632 0.7971735652901359 0
1590774885250 0.8054439667047733 0
1590775299091 0.806195978971059 0
1590775713735 0.8007101552020912 0
1590776126372 0.8089788592000914 0
1590776539906 0.8016279765123023 0
1590776951560 0.8000777239425501 0
