1590756234843 0.6206595252230115 0
1590756650739 0.5579716069502556 0
1590757064734 0.6821245247002352 0
1590757480510 0.6099285357250196 0
1590757895681 0.45356870650316616 0
1590758310784 0.6173145041447338 0
1590758724430 0.6719674972152154 0
1590759139277 0.6424751836475452 0
1590759553982 0.6990478479834872 0
1590759968205 0.7264262846970926 0
1590760382838 0.7357191973318247 0
1590760797486 0.7459377068239008 0
1590761211192 0.7209227961626463 0
1590761626328 0.672620698717625 0
1590762040467 0.6846316624839252 0
1590762455046 0.740096996390716 0
1590762869604 0.741705354312885 0
1590763284247 0.7331309505086152 0
1590763699231 0.714680494445602 0
1590764113956 0.7007723723724928 0
1590764528294 0.7381092019772857 0
1590764943024 0.7454321828228712 0
1590765357956 0.7345707313233206 0
1590765774662 0.7454177785452885 0
1590766189885 0.7266882111757477 0
1590766604622 0.7297736816972232 0
1590767018742 0.7534039826107054 0
1590767433710 0.7385603721307352 0
1590767846949 0.7453450123262887 0
1590768260740 0.7679984743988276 0
1590768674039 0.7564719815142991 0
1590769087521 0.7704387290392446 0
1590769500842 0.7598969394427177 0
1590769914775 0.7758600151997146 0
1590770328775 0.7559139221982963 0
1590770744971 0.7618052109713839 0
1590771158945 0.7765028003264602 0
1590771572629 0.7652370724377223 0
1590771987275 0.7732979795517032 0
1590772401816 0.7851409215753923 0
1590772815433 0.7793054154738572 0
1590773229469 0.7681650459488968 0
1590773642676 0.7730650603466579 0
1590774056935 0.7844676512598345 0
1590774470636 0.782380201865416 0
1590774885254 0.7904798589425196 0
1590775299097 0.7919289259452301 0
1590775713738 0.7858887202251065 0
1590776126378 0.7940589577653268 0
1590776539910 0.7870512152608912 0
1590776951567 0.7855129101114191 0
