1590756234862 0.8125744351225409 0
1590756650761 0.7304689905312923 0
1590757064759 0.8230302024147921 0
1590757480531 0.7709387089331803 0
1590757895710 0.7594771706794196 0
1590758310805 0.7809758917016304 0
1590758724451 0.8135087814752255 0
1590759139299 0.7618697236895152 0
1590759554025 0.8258896640217509 0
1590759968232 0.8334822197339778 0
1590760382857 0.8476590134191198 0
1590760797508 0.8498199667144505 0
1590761211211 0.8340343402913769 0
1590761626351 0.7830331353481673 0
1590762040488 0.8201327728405395 0
1590762455070 0.8410867640325704 0
1590762869626 0.8353224360354187 0
1590763284267 0.8364956142697086 0
1590763699253 0.8274331161186493 0
1590764113982 0.8263825540633923 0
1590764528313 0.8446528072231417 0
1590764943051 0.8447010670970725 0
1590765357977 0.8430733433514912 0
1590765774681 0.844179695501465 0
1590766189909 0.8394633552290736 0
1590766604640 0.8369813823013604 0
1590767018763 0.8445643887166105 0
1590767433728 0.8347983484617814 0
1590767846971 0.8408948198755603 0
1590768260759 0.8510649841679153 0
1590768674059 0.84887141913133 0
1590769087544 0.8498126964532732 0
1590769500864 0.8474439778897175 0
1590769914813 0.8478531554912232 0
1590770328800 0.8481201406348092 0
1590770744991 0.8463226875067521 0
1590771158967 0.855072132902183 0
1590771572649 0.8511712807227926 0
1590771987298 0.851434912775448 0
1590772401834 0.8525372195508215 0
1590772815458 0.8528558461453056 0
1590773229491 0.8478413339935167 0
1590773642708 0.850790630289409 0
1590774056960 0.856918961896131 0
1590774470655 0.8538961927987545 0
1590774885275 0.8568953406920198 0
1590775299131 0.857666477682366 0
1590775713759 0.8531118510779399 0
1590776126401 0.856829855827726 0
1590776539930 0.8550324770863927 0
1590776951593 0.8551571627171132 0
