1590756234850 0.8435213042549662 0
1590756650746 0.765841891453888 0
1590757064744 0.8525559341720583 0
1590757480518 0.8104410022394185 0
1590757895690 0.7913753695762293 0
1590758310792 0.8055126381131179 0
1590758724438 0.8425234599494092 0
1590759139285 0.7866732065628336 0
1590759554001 0.849963593301657 0
1590759968214 0.8574346303361959 0
1590760382845 0.8708182596863467 0
1590760797494 0.8741748442809372 0
1590761211199 0.858125276400637 0
1590761626337 0.8072912112991338 0
1590762040475 0.8461602227881321 0
1590762455054 0.8659612094872007 0
1590762869613 0.8590995363051229 0
1590763284255 0.8616892969665434 0
1590763699239 0.8502970186130582 0
1590764113970 0.8498413296946488 0
1590764528302 0.8692428174786733 0
1590764943035 0.8685135335256094 0
1590765357964 0.867586605896248 0
1590765774670 0.8677713053929121 0
1590766189895 0.8627692628767002 0
1590766604629 0.8610874664756272 0
1590767018751 0.8688861325603499 0
1590767433717 0.8582748729121863 0
1590767846957 0.8643968313139363 0
1590768260747 0.8743734131704061 0
1590768674047 0.872971384832551 0
1590769087530 0.8734049086595571 0
1590769500851 0.8696751821197112 0
1590769914790 0.8711535092406197 0
1590770328786 0.8725167169919595 0
1590770744979 0.8703944212636772 0
1590771158953 0.8779740558542907 0
1590771572637 0.875385823692387 0
1590771987283 0.8761335114779375 0
1590772401823 0.8768412023480994 0
1590772815442 0.8771121361718535 0
1590773229477 0.8720672881612613 0
1590773642687 0.8750471238281522 0
1590774056947 0.8807396922940841 0
1590774470644 0.8777673724698968 0
1590774885262 0.8805896925526983 0
1590775299107 0.8815869089421376 0
1590775713747 0.8770330705683839 0
1590776126387 0.8809897392121073 0
1590776539919 0.8787084565169937 0
1590776951579 0.8786234638631265 0
