1590756234852 0.8352913775976952 0
1590756650748 0.7580325910792531 0
1590757064746 0.8438720993891515 0
1590757480520 0.8011799397042791 0
1590757895695 0.7827932730010573 0
1590758310795 0.799074248660795 0
1590758724440 0.8356517923687653 0
1590759139287 0.7804871356294574 0
1590759554006 0.8438377468801028 0
1590759968218 0.8517036892705862 0
1590760382847 0.8647261269868652 0
1590760797497 0.8683561444123853 0
1590761211201 0.8520792186616833 0
1590761626340 0.8018989319982235 0
1590762040477 0.8400386322988443 0
1590762455055 0.8600385422911231 0
1590762869615 0.8531520375409628 0
1590763284257 0.8561532839145746 0
1590763699242 0.8442920312424824 0
1590764113972 0.8438314952522521 0
1590764528304 0.8635285451333325 0
1590764943037 0.8624951960956392 0
1590765357966 0.8615313202633953 0
1590765774672 0.861935057947101 0
1590766189897 0.8577677714395187 0
1590766604631 0.8559369014920717 0
1590767018753 0.8632335667040614 0
1590767433719 0.8521701176972292 0
1590767846959 0.8584654372250353 0
1590768260749 0.8681078530687406 0
1590768674049 0.8674506752865798 0
1590769087533 0.8677616920702956 0
1590769500853 0.864522816733389 0
1590769914793 0.8659689836594346 0
1590770328789 0.8658860766976926 0
1590770744981 0.8651097327790049 0
1590771158955 0.8721204219910706 0
1590771572640 0.8697223519846348 0
1590771987285 0.8701423527046679 0
1590772401825 0.8705288345229456 0
1590772815445 0.870887776263895 0
1590773229480 0.8655985955678446 0
1590773642692 0.868493303671206 0
1590774056949 0.8743623822554477 0
1590774470645 0.8721731322261812 0
1590774885264 0.8750199616554912 0
1590775299112 0.8759641848233022 0
1590775713749 0.8715585267197093 0
1590776126389 0.8749774311681063 0
1590776539921 0.8725680857927776 0
1590776951583 0.8733341190143107 0
