1590756234845 0.6084257258879109 0
1590756650741 0.542894739586907 0
1590757064736 0.668756222495655 0
1590757480512 0.5929027750722421 0
1590757895684 0.44395066730334914 0
1590758310786 0.6066207575955941 0
1590758724432 0.6584517015511043 0
1590759139280 0.630400759667712 0
1590759553987 0.6867080473236781 0
1590759968208 0.7128016390719808 0
1590760382839 0.7238282415074379 0
1590760797488 0.7326169910976559 0
1590761211194 0.7086438561700691 0
1590761626331 0.6604130296763548 0
1590762040469 0.6740184544060194 0
1590762455048 0.7264233309569817 0
1590762869607 0.7296761354038742 0
1590763284249 0.7203204063673007 0
1590763699233 0.7034885689010015 0
1590764113959 0.6900007619089612 0
1590764528296 0.7252571769958914 0
1590764943026 0.7324850923568255 0
1590765357958 0.7229947682570645 0
1590765774664 0.7340696595387646 0
1590766189888 0.7148246666048363 0
1590766604624 0.7179383755472719 0
1590767018745 0.7396115041112656 0
1590767433712 0.7261850201692993 0
1590767846952 0.7330599568391287 0
1590768260741 0.7543921468275386 0
1590768674041 0.7429813738397525 0
1590769087523 0.756577951438827 0
1590769500844 0.7463637260832352 0
1590769914779 0.7615686593794808 0
1590770328778 0.7435417696831158 0
1590770744974 0.7477847925213925 0
1590771158947 0.7626316714771272 0
1590771572631 0.7518798112452789 0
1590771987276 0.7603908963295593 0
1590772401818 0.7704942466599949 0
1590772815436 0.7663738778168889 0
1590773229471 0.7552697475386465 0
1590773642678 0.7594466748126812 0
1590774056937 0.7716989342183984 0
1590774470638 0.7692780820563504 0
1590774885256 0.7769047547290229 0
1590775299099 0.7774428448328169 0
1590775713740 0.7715268741676307 0
1590776126381 0.7790290873261388 0
1590776539912 0.774389233409853 0
1590776951570 0.770818272067737 0
