1590756234854 0.8250726352453169 0
1590756650751 0.7473888400242104 0
1590757064748 0.8346643290459259 0
1590757480523 0.7898590191680087 0
1590757895701 0.7727408439280253 0
1590758310797 0.792914399723846 0
1590758724443 0.82579300473808 0
1590759139289 0.7732250989042373 0
1590759554010 0.8366735431622409 0
1590759968221 0.844924947743337 0
1590760382849 0.8578797359684033 0
1590760797499 0.8610907122712098 0
1590761211203 0.8447086561183745 0
1590761626342 0.7942368706669846 0
1590762040480 0.8321773870024598 0
1590762455057 0.8526353614736599 0
1590762869617 0.8465511068396036 0
1590763284259 0.8474864907728501 0
1590763699244 0.8386120522754654 0
1590764113974 0.8370368372109807 0
1590764528306 0.8554735654311338 0
1590764943040 0.8556572904060592 0
1590765357969 0.8541960728238923 0
1590765774673 0.855066238233072 0
1590766189900 0.8506559488431464 0
1590766604633 0.8483864866547995 0
1590767018755 0.8561899117332036 0
1590767433721 0.8457331599027034 0
1590767846962 0.8514154808513535 0
1590768260751 0.8623627308015066 0
1590768674051 0.8606428428632814 0
1590769087535 0.8610503827948075 0
1590769500855 0.8579726763433132 0
1590769914797 0.859258458553962 0
1590770328791 0.8589862305386626 0
1590770744983 0.8580528427028647 0
1590771158958 0.8662593661612921 0
1590771572642 0.8622789185414264 0
1590771987287 0.8626690599513092 0
1590772401827 0.8635418967915712 0
1590772815447 0.8641970328622899 0
1590773229482 0.8586821054097311 0
1590773642696 0.8616429226081445 0
1590774056952 0.8674770809493576 0
1590774470647 0.8656161650704766 0
1590774885266 0.8683774585620676 0
1590775299116 0.8692189799624293 0
1590775713751 0.8643483554755734 0
1590776126391 0.8684373739040366 0
1590776539923 0.8661563087751912 0
1590776951585 0.8672128125235524 0
