1590756149982 1.6583187200084946 0
1590756569435 1.4613314422850425 0
1590756984285 1.4163951009467861 0
1590757399079 1.3842102914233003 0
1590757814085 1.3615941529729838 0
1590758229538 1.3475604193428388 0
1590758643579 1.3307590908398466 0
1590759058176 1.316763001455534 0
1590759472983 1.3029140616993051 0
1590759887400 1.2984093867639113 0
1590760302120 1.253957042150949 0
1590760716684 1.2414141423151603 0
1590761130324 1.234399914895818 0
1590761545374 1.233229920466447 0
1590761959532 1.2242890786732266 0
1590762374100 1.2260238491549824 0
1590762788767 1.2141988161543504 0
1590763203184 1.2137369994768465 0
1590763618231 1.1993336240931816 0
1590764033139 1.203104104389321 0
1590764447651 1.1743992200429887 0
1590764862263 1.1599727149986656 0
1590765276998 1.1601519978291097 0
1590765693916 1.1538046354637344 0
1590766108984 1.1500728269432776 0
1590766523893 1.1485886981809985 0
1590766937873 1.143706905754757 0
1590767352780 1.136842270552583 0
1590767766295 1.1325813840424432 0
1590768179882 1.1304199183359742 0
1590768593462 1.1177189226355955 0
1590769006773 1.1109680453089434 0
1590769420280 1.111912381956519 0
1590769834236 1.1070054268475467 0
1590770247948 1.1038424618343805 0
1590770663740 1.1043572720090622 0
1590771078384 1.1020350319818324 0
1590771491874 1.0953230671088636 0
1590771906608 1.099075512784208 0
1590772321151 1.0903961473315424 0
1590772734775 1.0815241198033403 0
1590773148732 1.0818212357454398 0
1590773562021 1.0794555355971074 0
1590773976289 1.0782860783782937 0
1590774390122 1.0750535173760452 0
1590774804720 1.0732807706870668 0
1590775218553 1.0699320483963781 0
1590775632996 1.0712191232055779 0
1590776045835 1.066944677167787 0
1590776460004 1.0710167737192744 0
1590776871587 1.0615077772833539 0
