1590756149975 0.09596067611899602 0
1590756569429 0.06517416286177537 0
1590756984279 0.06029318864925726 0
1590757399071 0.05746510126159565 0
1590757814075 0.05416197656549117 0
1590758229531 0.05276123396280778 0
1590758643571 0.05167190318916147 0
1590759058169 0.049586949385041316 0
1590759472976 0.04870040974298701 0
1590759887393 0.047166965769592825 0
1590760302113 0.04208673087097484 0
1590760716676 0.040680291811720684 0
1590761130316 0.040862026133921724 0
1590761545369 0.03926615479826574 0
1590761959526 0.03906850165759142 0
1590762374092 0.03816099931656785 0
1590762788759 0.03741470656286065 0
1590763203177 0.03750826686499475 0
1590763618224 0.03635038004791331 0
1590764033134 0.036349000599367555 0
1590764447645 0.03400901154774798 0
1590764862255 0.03135753654428488 0
1590765276993 0.03187451965434576 0
1590765693912 0.03141069092605946 0
1590766108977 0.03047968298417224 0
1590766523886 0.029987195264217417 0
1590766937870 0.029930841544169116 0
1590767352773 0.02950649319448062 0
1590767766287 0.029214958200154042 0
1590768179878 0.02870259855284229 0
1590768593454 0.027907302840089306 0
1590769006766 0.027051781338623026 0
1590769420275 0.026569255894964793 0
1590769834229 0.026328092595264755 0
1590770247942 0.025955351989870593 0
1590770663732 0.026145027860855825 0
1590771078377 0.025519962308200948 0
1590771491866 0.025081737449161222 0
1590771906601 0.02577080531872412 0
1590772321144 0.025065348015205394 0
1590772734767 0.024777687891777714 0
1590773148724 0.023897414828634122 0
1590773562014 0.024185499530450922 0
1590773976283 0.024632358339411266 0
1590774390117 0.02293593549175111 0
1590774804712 0.022999763853859004 0
1590775218545 0.023066234810707662 0
1590775632989 0.022397553123886416 0
1590776045829 0.023193096899091315 0
1590776459997 0.023479385557722235 0
1590776871580 0.023190974186246213 0
