1590756149966 0.2876678025405082 0
1590756569424 0.2576926378808783 0
1590756984269 0.2488722908338146 0
1590757399063 0.242450792761244 0
1590757814065 0.23782113198874263 0
1590758229525 0.23713639418225316 0
1590758643566 0.23330545835417404 0
1590759058162 0.2304484509592931 0
1590759472968 0.22743445282151714 0
1590759887384 0.22732646754507482 0
1590760302107 0.2221473878657324 0
1590760716668 0.21837593399032335 0
1590761130311 0.21596698559952912 0
1590761545364 0.21832264946586283 0
1590761959519 0.2156485599085424 0
1590762374085 0.2173539024485639 0
1590762788752 0.2134274599643854 0
1590763203170 0.2141037667115059 0
1590763618219 0.20942453334670094 0
1590764033129 0.21131530518715197 0
1590764447640 0.20472568648277656 0
1590764862250 0.20297857669330913 0
1590765276985 0.20315415689931113 0
1590765693906 0.20126653868242128 0
1590766108970 0.20226142348269738 0
1590766523877 0.20169418446234696 0
1590766937865 0.20097918407275125 0
1590767352768 0.19787150890340466 0
1590767766281 0.19704983987399108 0
1590768179872 0.1980354349024197 0
1590768593444 0.19480437617859192 0
1590769006757 0.1942323817921108 0
1590769420270 0.19473599422083804 0
1590769834217 0.19395790839865362 0
1590770247936 0.19341975437289866 0
1590770663719 0.19390006729307965 0
1590771078372 0.19357008901397152 0
1590771491859 0.192717428170365 0
1590771906594 0.19260867680670948 0
1590772321135 0.19070796827240102 0
1590772734760 0.18928195447964075 0
1590773148718 0.19005958376639692 0
1590773562007 0.18884783661400778 0
1590773976277 0.18881693980573902 0
1590774390109 0.18955190294593044 0
1590774804702 0.187884395071388 0
1590775218537 0.18775835157146115 0
1590775632982 0.1874677299483288 0
1590776045823 0.187248968734191 0
1590776459992 0.1869435309922907 0
1590776871570 0.1846799655382097 0
