1590929886190 0.6782668083474165 0
1590931284587 0.689213163188706 0
1590932741043 0.707674648352799 0
1590934156772 0.7050599868627706 0
1590935612179 0.7327164122786346 0
1590937025556 0.7182533146085966 0
1590938474970 0.7656142978999966 0
1590939925307 0.7847401363512089 0
1590941341719 0.7328250404083964 0
1590942790418 0.7691183969469109 0
1590944192560 0.7768244713300574 0
1590945652266 0.7894048674124118 0
1590947046177 0.7820461013394043 0
1590948505485 0.7798718621414558 0
1590949892824 0.7459675473080081 0
1590951344468 0.794995755001058 0
1590952731641 0.8073814612699961 0
1590954171059 0.8051201099985905 0
1590955573545 0.78482263266697 0
1590957019212 0.784733877045978 0
1590958431520 0.8215257686264773 0
1590959881009 0.8095762092387931 0
1590961289027 0.8107511313544103 0
1590962729960 0.8081235850820794 0
1590964151095 0.7961734332156652 0
1590965586134 0.8150465080601873 0
1590966994398 0.8136591473475884 0
1590968431302 0.8267548823622024 0
1590969841853 0.8257706191320829 0
1590971270692 0.8120963364205472 0
1590972683965 0.8280496680148107 0
1590974121827 0.8374605197341242 0
1590975526922 0.81380373744993 0
1590976530928 0.8369129227530289 0
1590977425795 0.8339335119922792 0
1590978320169 0.8246519533049504 0
1590979214726 0.8393649386635903 0
1590980110758 0.8177811241736125 0
1590981005252 0.8189968618349517 0
1590981900664 0.8293808744976907 0
1590982793963 0.8278691733398716 0
1590983689895 0.8366184035177728 0
1590984583227 0.81740859424424 0
1590985478041 0.8231807058488265 0
1590986372254 0.8292472606699028 0
1590987267381 0.8290147450862891 0
1590988162554 0.8348580151875267 0
1590989059241 0.8281472852727597 0
1590989953198 0.8385388289448855 0
1590990849972 0.8427401378659364 0
1590991744315 0.8378483371930192 0
