1590929886201 0.6136910187485426 0
1590931284594 0.6345639743828757 0
1590932741049 0.6443618500839444 0
1590934156811 0.6508508890914554 0
1590935612186 0.6840097768255935 0
1590937025575 0.653359137966231 0
1590938474977 0.6900347235299233 0
1590939925314 0.704305199308979 0
1590941341726 0.6723442902105176 0
1590942790425 0.7119139048831357 0
1590944192567 0.7206668778951331 0
1590945652279 0.7302899628344435 0
1590947046185 0.7201918307579592 0
1590948505491 0.7241732535131175 0
1590949892830 0.686940582895497 0
1590951344475 0.7427446951556584 0
1590952731648 0.7361365446095651 0
1590954171065 0.7369720156612198 0
1590955573554 0.7259745366491368 0
1590957019230 0.7197715474358067 0
1590958431532 0.7611759381998489 0
1590959881021 0.7501359317121135 0
1590961289033 0.7512977683051446 0
1590962729970 0.7450812591442583 0
1590964151107 0.7355054339132108 0
1590965586141 0.7596448989851096 0
1590966994405 0.7516759212868861 0
1590968431310 0.7704014303247853 0
1590969841861 0.7662694288763793 0
1590971270697 0.7518921785061196 0
1590972683972 0.7632403977309345 0
1590974121847 0.7750802576475398 0
1590975526928 0.7529623381436481 0
1590976530933 0.7723637195096134 0
1590977425799 0.7729929017957301 0
1590978320173 0.7659772068344888 0
1590979214731 0.7753485552234286 0
1590980110764 0.7559344585131389 0
1590981005256 0.7587634677877444 0
1590981900669 0.7691750810424453 0
1590982793968 0.7675321188698997 0
1590983689900 0.7750150546605252 0
1590984583232 0.760112533846983 0
1590985478046 0.76293365233291 0
1590986372258 0.7707109613342404 0
1590987267386 0.7706675536364349 0
1590988162558 0.7753195121790274 0
1590989059248 0.7665005359513279 0
1590989953204 0.7764293693901037 0
1590990849977 0.7811778234485538 0
1590991744320 0.7791773334269534 0
