1590929886224 0.6728220122961351 0
1590931284601 0.6869682175235204 0
1590932741060 0.6937035510433571 0
1590934156843 0.7007256147491591 0
1590935612196 0.7255863633293247 0
1590937025595 0.7102720551422662 0
1590938474984 0.7569151199415523 0
1590939925340 0.7699630783336396 0
1590941341736 0.7231389107755465 0
1590942790432 0.761213919736886 0
1590944192583 0.7669176199068263 0
1590945652298 0.7812869330766659 0
1590947046200 0.7758372829634198 0
1590948505505 0.7709623067390505 0
1590949892838 0.7329722820015403 0
1590951344510 0.7859288681362724 0
1590952731662 0.7914445594705363 0
1590954171075 0.7926231186362142 0
1590955573563 0.7769295239817647 0
1590957019244 0.7695292086367083 0
1590958431563 0.8091924531264187 0
1590959881051 0.7976935066350177 0
1590961289044 0.7989915163205155 0
1590962729977 0.7954111570797627 0
1590964151123 0.783451663500192 0
1590965586156 0.8013000769768628 0
1590966994416 0.8005284351318684 0
1590968431323 0.8136200279186323 0
1590969841891 0.8103071743906158 0
1590971270701 0.7981713804327685 0
1590972683992 0.8104563421812951 0
1590974121862 0.8226799004561339 0
1590975526938 0.7980956152665093 0
1590976530938 0.8203342516451246 0
1590977425804 0.8190328831563736 0
1590978320178 0.8088080712767328 0
1590979214735 0.8221367166335795 0
1590980110770 0.8007921488659132 0
1590981005261 0.8037963200840041 0
1590981900674 0.81448190754049 0
1590982793973 0.8126111384699488 0
1590983689906 0.8213070331069555 0
1590984583236 0.801151361673827 0
1590985478051 0.8074444925371236 0
1590986372263 0.8154361063716774 0
1590987267390 0.8157867507564347 0
1590988162563 0.8194908201595397 0
1590989059252 0.811802707895582 0
1590989953210 0.8223605014211838 0
1590990849982 0.8264116134881759 0
1590991744326 0.8223503596155209 0
