1590929886206 0.6515040420202627 0
1590931284595 0.6671563084485738 0
1590932741051 0.6818840347975463 0
1590934156816 0.6834568392385192 0
1590935612187 0.7135399582378446 0
1590937025576 0.6928754388273596 0
1590938474978 0.7359978090846769 0
1590939925315 0.753241528869565 0
1590941341727 0.70958474587782 0
1590942790426 0.7469288289477808 0
1590944192568 0.7547700609444918 0
1590945652280 0.766587024582956 0
1590947046186 0.7582711963542702 0
1590948505493 0.7585787731099242 0
1590949892831 0.7229274559634811 0
1590951344476 0.7745041325574974 0
1590952731649 0.7799237522760855 0
1590954171067 0.779604019596468 0
1590955573555 0.7623843269303276 0
1590957019232 0.7598714786638384 0
1590958431533 0.7983633161546785 0
1590959881026 0.7865413754637899 0
1590961289034 0.7876770871642723 0
1590962729972 0.7840865396638655 0
1590964151109 0.772846402270558 0
1590965586142 0.7936702169323127 0
1590966994406 0.7899475493085236 0
1590968431313 0.8051662568650492 0
1590969841862 0.8024237447895176 0
1590971270698 0.788724421921639 0
1590972683974 0.8031825735430393 0
1590974121848 0.8135320828662196 0
1590975526929 0.7905392813746527 0
1590976530934 0.8120015793174459 0
1590977425800 0.8104531065520338 0
1590978320174 0.8018979700653533 0
1590979214732 0.8145701614488772 0
1590980110765 0.7936795616768876 0
1590981005257 0.795509654677387 0
1590981900670 0.8065882903549482 0
1590982793969 0.8048362928645303 0
1590983689901 0.8130417141735066 0
1590984583232 0.7950772872947348 0
1590985478047 0.799856380152776 0
1590986372259 0.8070573831246787 0
1590987267387 0.8068161502330161 0
1590988162559 0.8116677441528438 0
1590989059249 0.8043743490835858 0
1590989953205 0.8145241543774544 0
1590990849978 0.818856680631435 0
1590991744321 0.8152680828156278 0
