1590929886211 0.70375094481812 0
1590931284597 0.7111990810352918 0
1590932741052 0.7215525423614241 0
1590934156818 0.7236116286017656 0
1590935612189 0.745720131357807 0
1590937025578 0.7378706221179746 0
1590938474980 0.7874641898791598 0
1590939925318 0.8029953589743499 0
1590941341729 0.7475072258402634 0
1590942790427 0.7840392581731086 0
1590944192574 0.7900485443719795 0
1590945652284 0.8046611072444729 0
1590947046187 0.8002560501129053 0
1590948505494 0.7920372822132651 0
1590949892833 0.7568954914579333 0
1590951344478 0.8071325584184309 0
1590952731651 0.8188552809632685 0
1590954171068 0.8177184613806665 0
1590955573556 0.7998600590652913 0
1590957019233 0.7945918060546431 0
1590958431538 0.8322662567240533 0
1590959881031 0.8216311375316512 0
1590961289036 0.8219522010404645 0
1590962729973 0.8198851509839548 0
1590964151111 0.806729450505384 0
1590965586144 0.8226013909601512 0
1590966994408 0.8242564749678688 0
1590968431315 0.8347066128996821 0
1590969841864 0.8345296691010298 0
1590971270699 0.8217248842457612 0
1590972683975 0.8346631965193292 0
1590974121849 0.8461436475011909 0
1590975526931 0.8211194410420757 0
1590976530935 0.8451018872275526 0
1590977425801 0.8422701723314031 0
1590978320175 0.8315929862174707 0
1590979214733 0.8478665257706535 0
1590980110766 0.8253237518787369 0
1590981005258 0.8273077393484584 0
1590981900671 0.8367355999908684 0
1590982793970 0.8356631458027628 0
1590983689903 0.8445588424116847 0
1590984583233 0.823642630404028 0
1590985478048 0.830659824885287 0
1590986372260 0.8370655701873962 0
1590987267388 0.8374516660178966 0
1590988162560 0.8424105554800874 0
1590989059250 0.8357120161405266 0
1590989953206 0.8460930845302105 0
1590990849979 0.8503902082864737 0
1590991744322 0.8449273031677048 0
