1590929566160 0.3205482863101761 0
1590931026894 0.2921820026336512 0
1590932438532 0.28252969895576757 0
1590933876145 0.2762883832878224 0
1590935322658 0.27197810467290046 0
1590936730771 0.2706295486258716 0
1590938205037 0.2679653705437494 0
1590939613083 0.26568230128615117 0
1590941097419 0.2642221725450067 0
1590942492235 0.2627501696041769 0
1590943950878 0.2562210177272127 0
1590945349025 0.25529624602877266 0
1590946805126 0.25357843985992445 0
1590948208905 0.25177585715477646 0
1590949646310 0.25238045891753974 0
1590951055115 0.2512647628852273 0
1590952486774 0.2506553769928757 0
1590953890312 0.24989662995818726 0
1590955321251 0.24922950677602054 0
1590956740970 0.24856345923525272 0
1590958168942 0.24478145523077643 0
1590959602131 0.24533731567546418 0
1590961018252 0.2442061228100253 0
1590962444288 0.24217408963586207 0
1590963867464 0.24328029126791398 0
1590965304781 0.2425225436551282 0
1590966709235 0.24154288634396834 0
1590968153369 0.2412041382295252 0
1590969547864 0.2398535647434491 0
1590970993142 0.23878434289073727 0
1590972398693 0.236990930777829 0
1590973850111 0.23596463295697076 0
1590975245547 0.2367371727640812 0
1590976366046 0.23564993352923608 0
1590977260858 0.23551980239216463 0
1590978155248 0.23604712511575232 0
1590979049795 0.2373551043759115 0
1590979945793 0.23598482059165893 0
1590980840247 0.23278594548159307 0
1590981735705 0.23489975129159824 0
1590982628732 0.23373051312867685 0
1590983525029 0.23474678563440654 0
1590984418155 0.2314408854251587 0
1590985313150 0.23335052109681642 0
1590986207402 0.23268516040538342 0
1590987102335 0.23152570357235533 0
1590987997446 0.2327691867595761 0
1590988894077 0.2339078781946143 0
1590989788019 0.23188079306848705 0
1590990685049 0.23255850296390937 0
1590991579378 0.2315793315917594 0
