1590929566158 0.414677584956642 0
1590931026892 0.35955762510207073 0
1590932438531 0.34913877086247186 0
1590933876143 0.3452548914321578 0
1590935322657 0.340487115374523 0
1590936730769 0.3401043991312124 0
1590938205035 0.3356973053454808 0
1590939613081 0.3343030271962319 0
1590941097417 0.33184203591768013 0
1590942492233 0.33364567411418006 0
1590943950876 0.3255294306375376 0
1590945349023 0.3240355012168071 0
1590946805124 0.32444336416833924 0
1590948208903 0.32045650020275784 0
1590949646308 0.3206237883215539 0
1590951055114 0.3203327887651127 0
1590952486772 0.3215696766734214 0
1590953890310 0.31695315235004295 0
1590955321250 0.3189712732077008 0
1590956740968 0.3190556638402423 0
1590958168940 0.3141672530886061 0
1590959602129 0.31287455741494824 0
1590961018250 0.3143573549646325 0
1590962444286 0.31266908794754983 0
1590963867463 0.3138774268652588 0
1590965304778 0.3119663017130225 0
1590966709233 0.31184028524845864 0
1590968153363 0.31234192178617975 0
1590969547862 0.30942978160079887 0
1590970993140 0.3112399615205524 0
1590972398690 0.30933685973002906 0
1590973850109 0.3082162169037388 0
1590975245545 0.30709535940653115 0
1590976366045 0.30827927841363023 0
1590977260855 0.3078484441418277 0
1590978155246 0.30750042627943625 0
1590979049792 0.30934832972578663 0
1590979945789 0.30774420318786005 0
1590980840245 0.30569273383219736 0
1590981735703 0.3076752986126244 0
1590982628731 0.30413862145864046 0
1590983525027 0.3064171062202192 0
1590984418153 0.3030118813677226 0
1590985313149 0.3065725483584749 0
1590986207400 0.30428619550006225 0
1590987102333 0.30332110330224127 0
1590987997445 0.30591829722039315 0
1590988894075 0.30638059337041074 0
1590989788017 0.3056112597643285 0
1590990685047 0.30516206727328415 0
1590991579376 0.3045071456340189 0
