1590929566161 0.16362233790913022 0
1590931026897 0.13958537390615908 0
1590932438535 0.13327081013621261 0
1590933876148 0.13169858453161193 0
1590935322661 0.1301270971785428 0
1590936730773 0.1284396681808338 0
1590938205040 0.12660821080094337 0
1590939613086 0.12687481722034805 0
1590941097421 0.12711005675218437 0
1590942492237 0.1246229378678194 0
1590943950881 0.12281257084089205 0
1590945349027 0.12065231460320387 0
1590946805128 0.12103912646911318 0
1590948208907 0.1197229006057442 0
1590949646312 0.12160367641231982 0
1590951055118 0.12031962123670405 0
1590952486778 0.12054761176714666 0
1590953890314 0.11870140773127166 0
1590955321254 0.12235912680058468 0
1590956740973 0.11922399109401098 0
1590958168944 0.11883004737332724 0
1590959602134 0.11768533527618451 0
1590961018254 0.11664745059596363 0
1590962444291 0.1172388990119565 0
1590963867467 0.11909057103488978 0
1590965304784 0.11849519195175544 0
1590966709237 0.1163890295366204 0
1590968153371 0.11834552627970427 0
1590969547866 0.11592305700882691 0
1590970993145 0.11700498763548448 0
1590972398695 0.11549709837490754 0
1590973850114 0.11571887519241787 0
1590975245549 0.11436405366248333 0
1590976366048 0.11553139486389132 0
1590977260862 0.11537801561861527 0
1590978155250 0.11361328284387383 0
1590979049799 0.11566564815135932 0
1590979945796 0.11658159996576534 0
1590980840250 0.11305216354405208 0
1590981735707 0.11607001343229892 0
1590982628734 0.11330976088652607 0
1590983525030 0.11533093808242953 0
1590984418157 0.1106233592354391 0
1590985313152 0.11509112283156196 0
1590986207403 0.11438023647745987 0
1590987102336 0.11353408704637369 0
1590987997448 0.11604119119321628 0
1590988894078 0.11812748457322866 0
1590989788020 0.1125805823966543 0
1590990685051 0.11489691374850405 0
1590991579379 0.113552538108475 0
