1590132137157 1.3664421789932268 0
1590132688461 1.1741551745010639 0
1590133237983 1.0951593319035393 0
1590133787687 1.0456846402971813 0
1590134337301 0.9950104200655936 0
1590134887102 0.9455266073270364 0
1590135438463 0.8963626731006626 0
1590135988276 1.0120123999417876 0
1590136539498 0.8256286310851567 0
1590137090112 0.7569789266878169 0
1590137640799 0.7155986430810403 0
1590138192729 0.6641567801155485 0
1590138743382 0.6314065488925105 0
1590139294484 0.6020474494006085 0
1590139845754 0.5759340243032551 0
1590140397138 0.5507222038157974 0
1590140953033 0.5277824686940834 0
1590141506330 0.5046223545151735 0
1590142058438 0.48228023309153534 0
1590142622125 0.46138414363960056 0
1590143182257 0.5141745494218725 0
1590143750646 0.5034936933720363 0
1590144301759 0.49639621517095434 0
1590144852550 0.490785259125064 0
1590145403177 0.4846697261351792 0
