1590132137157 0.23233279197879092 0
1590132688461 0.20155654732997602 0
1590133237983 0.18932573891867546 0
1590133787687 0.18070664375844087 0
1590134337301 0.17151351974031628 0
1590134887102 0.16329847688417462 0
1590135438463 0.15326312519389496 0
1590135988276 0.1677628884301383 0
1590136539498 0.1403644421529135 0
1590137090112 0.12769037243750322 0
1590137640799 0.11959239962846922 0
1590138192729 0.11064304403696187 0
1590138743382 0.10414592490790511 0
1590139294484 0.09859371549014509 0
1590139845754 0.09388990136491653 0
1590140397138 0.08886987529695034 0
1590140953033 0.08459587456360901 0
1590141506330 0.08003057670068635 0
1590142058438 0.07592528112805806 0
1590142622125 0.0717532097433622 0
1590143182257 0.07918601190483958 0
1590143750646 0.07782917994366595 0
1590144301759 0.07685787801096249 0
1590144852550 0.07562177496019905 0
1590145403177 0.07462800127459612 0
