1590480169506 0.18787281075894813 0
1590480602139 0.21068690800431977 0
1590481031446 0.18373582889411474 0
1590481460851 0.2272063933788723 0
1590481889973 0.2468842932487152 0
1590482319795 0.23109809756481994 0
1590482748595 0.23484843893822557 0
1590483177664 0.2772699814009574 0
1590483607070 0.28492559638900844 0
1590484037085 0.2358572623475209 0
1590484466917 0.2986846866269854 0
1590484896621 0.2987811199544121 0
1590485325349 0.3078849097840284 0
1590485754263 0.294628558336367 0
1590486183992 0.3014987811394761 0
1590486614287 0.3000495032089011 0
1590487044209 0.31328901849215335 0
1590487474497 0.30403386464544296 0
1590487905230 0.30345482423949416 0
1590488335938 0.30857228296438494 0
1590488765571 0.3040227075078607 0
