1590480169498 0.18806153117366134 0
1590480602129 0.21083249163547305 0
1590481031439 0.18352407285086114 0
1590481460845 0.22746879158361977 0
1590481889967 0.24707282623628884 0
1590482319789 0.23096127678296585 0
1590482748588 0.2350510997066396 0
1590483177658 0.27738897737271845 0
1590483607064 0.28505367470673787 0
1590484037079 0.2362691879104268 0
1590484466911 0.29896420066162144 0
1590484896614 0.29896635305247793 0
1590485325343 0.3082143943539441 0
1590485754257 0.2949659807245343 0
1590486183985 0.30197561441602017 0
1590486614278 0.30030449629930117 0
1590487044201 0.31359721206865937 0
1590487474490 0.3043923997967778 0
1590487905223 0.3038416537731685 0
1590488335932 0.30901066481859735 0
1590488765565 0.3044463510995145 0
