1590480169518 0.24689674094915534 0
1590480602150 0.30349104684928185 0
1590481031455 0.21595940057446872 0
1590481460860 0.31598668919727185 0
1590481889981 0.36425181192908457 0
1590482319802 0.3547147057276095 0
1590482748604 0.3111081161139987 0
1590483177673 0.37052763121699506 0
1590483607079 0.37444306415385603 0
1590484037093 0.3494596898153061 0
1590484466924 0.3810382138418097 0
1590484896629 0.37958063515577484 0
1590485325357 0.38093520258315683 0
1590485754271 0.3756438193631167 0
1590486184000 0.37766156779443427 0
1590486614294 0.37932493337034556 0
1590487044222 0.3864462935983689 0
1590487474505 0.38059303502288927 0
1590487905239 0.38099174137804187 0
1590488335947 0.38416604057117815 0
1590488765578 0.3818183193365945 0
