1590480169503 0.18055373346092476 0
1590480602135 0.2038390553856295 0
1590481031443 0.17619719353797564 0
1590481460849 0.21854962075366238 0
1590481889971 0.238175245410705 0
1590482319793 0.2224133065424537 0
1590482748593 0.22666973425161194 0
1590483177662 0.2674626095858143 0
1590483607068 0.27487745655109397 0
1590484037083 0.22907128389139755 0
1590484466915 0.2875777974352208 0
1590484896619 0.2878226012562463 0
1590485325347 0.2963401474487054 0
1590485754261 0.2837327086495123 0
1590486183990 0.29065652413088383 0
1590486614284 0.28908205636295187 0
1590487044206 0.30100548348011813 0
1590487474494 0.29250695473398636 0
1590487905227 0.29201446635757583 0
1590488335936 0.2970645059859207 0
1590488765569 0.2927729263195604 0
