1590480082323 0.24585010406709987 0
1590480518382 0.22916527101274073 0
1590480949044 0.2229788928077771 0
1590481379001 0.2208165647186471 0
1590481808194 0.21567927009960602 0
1590482237730 0.21331320442920607 0
1590482666800 0.21196789413514222 0
1590483096408 0.21060301901320733 0
1590483525802 0.2091371825725369 0
1590483955180 0.2068549154778204 0
1590484385574 0.2001461748188064 0
1590484815626 0.19714458044287722 0
1590485244688 0.19698732042101008 0
1590485673307 0.19659242267615695 0
1590486103023 0.19576611471246685 0
1590486533004 0.19421686329079804 0
1590486963167 0.19500554352998734 0
1590487393479 0.19405413123630208 0
1590487823923 0.1923939986870839 0
1590488254905 0.1929281992319773 0
1590488684565 0.1933272781633061 0
