1590480082313 0.28014420171284815 0
1590480518375 0.25261874690916414 0
1590480949038 0.24497592823921577 0
1590481378996 0.24045563418660643 0
1590481808186 0.2339089536631601 0
1590482237724 0.23152192108906233 0
1590482666793 0.22838988379966577 0
1590483096400 0.22769498163779106 0
1590483525792 0.22375709303384703 0
1590483955173 0.2215251800488438 0
1590484385567 0.2140498849502682 0
1590484815618 0.21065653119919567 0
1590485244682 0.2110467582235675 0
1590485673299 0.2097065531202322 0
1590486103015 0.21006984647209123 0
1590486532998 0.20780171290833568 0
1590486963160 0.2073301854130079 0
1590487393469 0.20692384044623233 0
1590487823915 0.20591139595007754 0
1590488254898 0.20525874462000718 0
1590488684558 0.2056752431851167 0
