1590480082316 0.2865045590425384 0
1590480518377 0.2308927513438569 0
1590480949041 0.21512363258109996 0
1590481378999 0.20676917351297372 0
1590481808191 0.1991294892229272 0
1590482237727 0.19271378020739413 0
1590482666796 0.18921604884799414 0
1590483096405 0.18233815316088806 0
1590483525795 0.17955139482162408 0
1590483955177 0.17515248838349207 0
1590484385571 0.16019601831157532 0
1590484815622 0.15414453985599372 0
1590485244685 0.1507915751071724 0
1590485673303 0.1513477985763691 0
1590486103020 0.1469528759724995 0
1590486533001 0.14484178400515804 0
1590486963163 0.14569829834195283 0
1590487393474 0.1437894059400234 0
1590487823920 0.1424596615179756 0
1590488254901 0.14087281462091666 0
1590488684562 0.1399391983365695 0
