1590231048227 0.000956599326392666 0
1590231065825 0.0005747196622135616 0
1590231083387 0.0005512027927792207 0
1590231101139 0.0001968503937007874 0
1590231118676 0.00017857142857142857 0
1590231136432 0.0005329238276498619 0
1590231154157 0.0009383203612633072 0
1590231171909 0.0005329238276498619 0
1590231189759 0.0005329238276498619 0
1590231207553 0.0 0
1590231225243 0.0 0
1590231243109 0.0 0
1590231260984 0.0 0
1590231278760 0.0 0
1590231296688 0.0 0
1590231314354 0.0 0
1590231332120 0.0 0
1590231349756 0.0 0
1590231367513 0.0 0
1590231385281 0.0 0
1590231403028 0.0 0
1590231420922 0.0 0
1590231438532 0.0 0
1590231456303 0.0 0
1590231474024 0.0 0
1590231491946 0.0 0
1590231509636 0.0 0
1590231527581 0.0 0
1590231545486 0.0 0
1590231562968 0.0 0
1590231580726 0.0 0
1590231598385 0.0 0
1590231615951 0.0 0
1590231633650 0.0 0
