1590231048228 0.0007612868263926661 0
1590231065826 0.0005747196622135616 0
1590231083388 0.0003834175578798919 0
1590231101140 0.0001968503937007874 0
1590231118677 0.00017857142857142857 0
1590231136433 0.00017857142857142857 0
1590231154158 0.0005564406970842028 0
1590231171911 0.00036513859275053305 0
1590231189760 0.0005329238276498619 0
1590231207554 0.0 0
1590231225244 0.0 0
1590231243111 0.0 0
1590231260985 0.0 0
1590231278762 0.0 0
1590231296689 0.0 0
1590231314355 0.0 0
1590231332122 0.0 0
1590231349757 0.0 0
1590231367514 0.0 0
1590231385282 0.0 0
1590231403029 0.0 0
1590231420923 0.0 0
1590231438533 0.0 0
1590231456304 0.0 0
1590231474026 0.0 0
1590231491947 0.0 0
1590231509637 0.0 0
1590231527582 0.0 0
1590231545487 0.0 0
1590231562969 0.0 0
1590231580727 0.0 0
1590231598386 0.0 0
1590231615952 0.0 0
1590231633651 0.0 0
