1590231048220 0.000956599326392666 0
1590231065817 0.0005747196622135616 0
1590231083379 0.0005512027927792207 0
1590231101133 0.0001968503937007874 0
1590231118668 0.00017857142857142857 0
1590231136425 0.0005329238276498619 0
1590231154149 0.0009383203612633072 0
1590231171900 0.0005329238276498619 0
1590231189750 0.0005329238276498619 0
1590231207545 0.0 0
1590231225235 0.0 0
1590231243099 0.0 0
1590231260976 0.0 0
1590231278751 0.0 0
1590231296681 0.0 0
1590231314347 0.0 0
1590231332112 0.0 0
1590231349749 0.0 0
1590231367505 0.0 0
1590231385274 0.0 0
1590231403021 0.0 0
1590231420914 0.0 0
1590231438521 0.0 0
1590231456293 0.0 0
1590231474013 0.0 0
1590231491938 0.0 0
1590231509626 0.0 0
1590231527574 0.0 0
1590231545477 0.0 0
1590231562961 0.0 0
1590231580718 0.0 0
1590231598377 0.0 0
1590231615943 0.0 0
1590231633642 0.0 0
