1590231048224 0.00016778523489932885 0
1590231065821 0.00021008403361344536 0
1590231083383 0.0 0
1590231101137 0.0 0
1590231118672 0.0 0
1590231136429 0.0 0
1590231154154 0.0 0
1590231171905 0.0 0
1590231189755 0.00016778523489932885 0
1590231207549 0.0 0
1590231225239 0.0 0
1590231243105 0.0 0
1590231260981 0.0 0
1590231278756 0.0 0
1590231296685 0.0 0
1590231314351 0.0 0
1590231332117 0.0 0
1590231349753 0.0 0
1590231367509 0.0 0
1590231385278 0.0 0
1590231403025 0.0 0
1590231420919 0.0 0
1590231438527 0.0 0
1590231456299 0.0 0
1590231474020 0.0 0
1590231491942 0.0 0
1590231509632 0.0 0
1590231527578 0.0 0
1590231545482 0.0 0
1590231562965 0.0 0
1590231580723 0.0 0
1590231598382 0.0 0
1590231615947 0.0 0
1590231633647 0.0 0
