1590231048221 0.0007612868263926661 0
1590231065818 0.0005747196622135616 0
1590231083380 0.0003834175578798919 0
1590231101134 0.0001968503937007874 0
1590231118669 0.00017857142857142857 0
1590231136426 0.00017857142857142857 0
1590231154150 0.0005564406970842028 0
1590231171901 0.00036513859275053305 0
1590231189751 0.0005329238276498619 0
1590231207546 0.0 0
1590231225236 0.0 0
1590231243100 0.0 0
1590231260977 0.0 0
1590231278752 0.0 0
1590231296682 0.0 0
1590231314348 0.0 0
1590231332113 0.0 0
1590231349750 0.0 0
1590231367506 0.0 0
1590231385275 0.0 0
1590231403022 0.0 0
1590231420915 0.0 0
1590231438523 0.0 0
1590231456295 0.0 0
1590231474015 0.0 0
1590231491939 0.0 0
1590231509627 0.0 0
1590231527575 0.0 0
1590231545479 0.0 0
1590231562962 0.0 0
1590231580719 0.0 0
1590231598378 0.0 0
1590231615944 0.0 0
1590231633643 0.0 0
