1590231048222 0.0005512027927792207 0
1590231065819 0.00040693442731423274 0
1590231083381 0.0001968503937007874 0
1590231101135 0.0001968503937007874 0
1590231118670 0.00017857142857142857 0
1590231136427 0.00017857142857142857 0
1590231154151 0.00017857142857142857 0
1590231171902 0.00017857142857142857 0
1590231189753 0.0003463566634707574 0
1590231207547 0.0 0
1590231225237 0.0 0
1590231243102 0.0 0
1590231260978 0.0 0
1590231278753 0.0 0
1590231296683 0.0 0
1590231314349 0.0 0
1590231332115 0.0 0
1590231349751 0.0 0
1590231367507 0.0 0
1590231385276 0.0 0
1590231403023 0.0 0
1590231420916 0.0 0
1590231438524 0.0 0
1590231456297 0.0 0
1590231474017 0.0 0
1590231491940 0.0 0
1590231509629 0.0 0
1590231527576 0.0 0
1590231545480 0.0 0
1590231562963 0.0 0
1590231580720 0.0 0
1590231598380 0.0 0
1590231615945 0.0 0
1590231633644 0.0 0
