1590231044491 0.009540565554052591 0
1590231064406 0.005687477313913405 0
1590231081964 0.004009525440633297 0
1590231099595 0.003131041983142495 0
1590231117258 0.0026850280934013425 0
1590231134976 0.0022562284558080136 0
1590231152560 0.001840709017124027 0
1590231170468 0.00169802796212025 0
1590231188348 0.001524928695289418 0
1590231205993 0.001366428704932332 0
1590231223801 0.0012794858030974864 0
1590231241701 0.0010967087553581222 0
1590231259401 0.0010092327214078977 0
1590231277322 0.0009204719634726644 0
1590231295278 0.0008786161302123219 0
1590231312800 0.0008285532373702154 0
1590231330615 0.0007998426229460165 0
1590231348342 0.0007622577779693529 0
1590231365912 0.0007490515511017293 0
1590231383769 0.0007326543173985556 0
1590231401584 0.0007298321145935916 0
1590231419257 0.0007072784588672221 0
1590231437067 0.0006878700948436744 0
1590231454832 0.0006868937957915477 0
1590231472429 0.0006758745457045734 0
1590231490572 0.0006926242445479147 0
1590231508206 0.0006923347819247283 0
1590231526023 0.0006695560752996244 0
1590231543919 0.0006832290391321294 0
1590231561555 0.0006791382606024854 0
1590231579055 0.0006954257542383857 0
1590231596939 0.0006751920131500811 0
1590231614500 0.000666135794017464 0
1590231632088 0.0006688391041825525 0
