1590231044486 24.17201379591599 0
1590231064396 16.517190606319346 0
1590231081961 11.913421089313925 0
1590231099589 8.515799365499989 0
1590231117251 6.123055118101183 0
1590231134967 4.478635738620069 0
1590231152553 3.3610091526969335 0
1590231170465 2.611704028957756 0
1590231188343 2.084186958557693 0
1590231205990 1.7010287642199546 0
1590231223798 1.5192166095785797 0
1590231241695 1.4756454467581352 0
1590231259394 1.4405493208981353 0
1590231277315 1.4055110011668877 0
1590231295274 1.3737587930320296 0
1590231312792 1.3416165182966506 0
1590231330612 1.311644196656416 0
1590231348333 1.280573702060501 0
1590231365908 1.2522399210731965 0
1590231383766 1.2231441235385137 0
1590231401580 1.2068991947788164 0
1590231419253 1.2017450829432346 0
1590231437064 1.197066433141299 0
1590231454829 1.1948360577572021 0
1590231472423 1.1903324999357574 0
1590231490570 1.189250613245822 0
1590231508199 1.185718610297481 0
1590231526020 1.1806436971962102 0
1590231543911 1.17855072564882 0
1590231561551 1.1751806628282067 0
1590231579051 1.1747409479672206 0
1590231596932 1.1728954823163804 0
1590231614493 1.1709939613402822 0
1590231632085 1.1710962288451265 0
