1590630237905 0.7718957062260076 0
1590631114807 0.8363146158529838 0
1590631995913 0.8141767912244986 0
1590632877660 0.7776071983156126 0
1590633762158 0.8074013793498648 0
1590634652569 0.8296332063053697 0
1590635538115 0.8259984348305375 0
1590636426230 0.8313563608283768 0
1590637312619 0.7789706495582006 0
1590638201479 0.8181702085080321 0
1590639079923 0.8443051293861732 0
1590639959831 0.8311518713652238 0
1590640843642 0.8448688595857367 0
1590641717084 0.8459829223958841 0
1590642596645 0.8391253960228485 0
1590643481581 0.8344015112285759 0
1590644359816 0.8393167617371038 0
1590645244867 0.8345048961522475 0
1590646130660 0.8531039718388201 0
1590647014595 0.85111874328408 0
1590647908442 0.8552037696605451 0
1590648788954 0.854646897156816 0
1590649663735 0.8475953737909702 0
1590650551555 0.8595738575703885 0
1590651427966 0.852201343124689 0
1590652307264 0.8485703575960037 0
1590653198406 0.8537660011425492 0
1590654080787 0.865328422529699 0
1590654953806 0.8605613580660845 0
1590655843989 0.8523397302928812 0
1590656719854 0.8602320089113116 0
1590657593955 0.863248687931672 0
1590658490467 0.857424915289558 0
1590659371900 0.8625572856931272 0
1590660244449 0.8553357862751648 0
1590661130703 0.8597180380772221 0
1590662013951 0.8606253729426944 0
1590662872846 0.8571238559117565 0
1590663634448 0.8598757120071668 0
1590664398219 0.8610855444579626 0
1590665158318 0.8610329944206984 0
1590665923322 0.8615294326247896 0
1590666681850 0.8619284407992831 0
1590667401703 0.8596379998770732 0
1590668049047 0.8625095427127155 0
1590668695289 0.8592364252632557 0
1590669342834 0.8595423463794448 0
1590669985615 0.8599509444435156 0
1590670636111 0.858149237314662 0
1590671282453 0.8546466947103828 0
1590671928167 0.8605528220788952 0
