1590630237907 0.766818043963069 0
1590631114808 0.8296382924748021 0
1590631995914 0.8079734774294828 0
1590632877661 0.7698977467180614 0
1590633762160 0.8003563808364297 0
1590634652608 0.8241784987046309 0
1590635538116 0.8205321256866819 0
1590636426235 0.8249036304896098 0
1590637312620 0.7735010982702626 0
1590638201495 0.8127025950297934 0
1590639079924 0.8386150402846415 0
1590639959833 0.8259754756074048 0
1590640843644 0.8390079830752928 0
1590641717086 0.8410912704789585 0
1590642596649 0.8337970512725729 0
1590643481583 0.8291290985616279 0
1590644359818 0.8336541201929463 0
1590645244868 0.8290582048767487 0
1590646130667 0.8480558022186401 0
1590647014597 0.8460757968717374 0
1590647908449 0.8491419030120392 0
1590648788955 0.8488342074962031 0
1590649663737 0.8411191549065841 0
1590650551561 0.8545795126952558 0
1590651427968 0.8459140356374028 0
1590652307266 0.8427296496132282 0
1590653198409 0.8473275066960547 0
1590654080793 0.8591734906709212 0
1590654953808 0.8553154946574915 0
1590655843994 0.8465865882817136 0
1590656719855 0.8541800467399546 0
1590657593956 0.8566110888320528 0
1590658490468 0.8511728676479952 0
1590659371901 0.8571428760250036 0
1590660244454 0.8493321342050922 0
1590661130705 0.8533616017986211 0
1590662013953 0.8531333373545845 0
1590662872847 0.8503137331680511 0
1590663634449 0.8538823947751282 0
1590664398222 0.855346063602622 0
1590665158322 0.8545690137079638 0
1590665923323 0.8561580472105914 0
1590666681853 0.855511310141922 0
1590667401706 0.8528368621875211 0
1590668049048 0.8555907160106225 0
1590668695290 0.8532351167409066 0
1590669342835 0.8531494158904719 0
1590669985616 0.8531660577038599 0
1590670636112 0.8510638690752937 0
1590671282455 0.8470412892978068 0
1590671928168 0.8535290989744173 0
