1590630237904 0.5321243829124009 0
1590631114805 0.6460784795802623 0
1590631995911 0.5891713185112656 0
1590632877659 0.5880622740830793 0
1590633762156 0.6335124979519787 0
1590634652568 0.6574369180514045 0
1590635538114 0.6653548494234552 0
1590636426224 0.6436295805725256 0
1590637312618 0.6149112862847024 0
1590638201478 0.6372431105096589 0
1590639079922 0.7112991356979722 0
1590639959830 0.6914812809654182 0
1590640843641 0.7018922772488727 0
1590641717083 0.682213021118085 0
1590642596641 0.7077970699950177 0
1590643481576 0.7047907043204216 0
1590644359814 0.6932379907621563 0
1590645244865 0.7000217057030756 0
1590646130654 0.726897499086984 0
1590647014594 0.735084878851326 0
1590647908441 0.7371613074030224 0
1590648788952 0.7412929974201186 0
1590649663734 0.7540794317646192 0
1590650551553 0.7548288729145356 0
1590651427963 0.745093717095953 0
1590652307263 0.7399074390102144 0
1590653198404 0.7577198067518697 0
1590654080782 0.7749890638055837 0
1590654953805 0.7532485274889523 0
1590655843985 0.7297846786841694 0
1590656719853 0.7676250041904371 0
1590657593954 0.7615011467642333 0
1590658490465 0.7522232807453513 0
1590659371898 0.7704711038097795 0
1590660244445 0.7523818832922942 0
1590661130702 0.7593565045676266 0
1590662013950 0.7629864711143615 0
1590662872845 0.7662767879131162 0
1590663634447 0.7696100754242723 0
1590664398215 0.773371686614514 0
1590665158314 0.7698490207134672 0
1590665923321 0.7768183115391855 0
1590666681847 0.7833261199324633 0
1590667401701 0.7670620331821105 0
1590668049046 0.7765769917348386 0
1590668695288 0.779094640005971 0
1590669342833 0.7753764332410702 0
1590669985614 0.7711661665103097 0
1590670636111 0.7826110680251647 0
1590671282452 0.7634168939856686 0
1590671928166 0.7809654103623673 0
