1590630024873 0.28680629620949427 0
1590630917340 0.2618201824360424 0
1590631803705 0.2528348581989606 0
1590632678197 0.2491866953836547 0
1590633566207 0.24559526903761758 0
1590634459683 0.24373208072450425 0
1590635338866 0.23706816842158634 0
1590636231522 0.2381505135032866 0
1590637117541 0.2363261905974812 0
1590637999612 0.23310854146877924 0
1590638886131 0.2229153942399555 0
1590639771294 0.22014171222845713 0
1590640644290 0.21868024196889665 0
1590641525121 0.21853940142525566 0
1590642406049 0.21924299286471474 0
1590643279187 0.21520272503296534 0
1590644166495 0.21468478732638888 0
1590645052216 0.21601015620761446 0
1590645927809 0.2161373664604293 0
1590646825104 0.21426007469495137 0
1590647713225 0.20715973281198077 0
1590648591715 0.20448012416561445 0
1590649474924 0.2048162408007516 0
1590650358038 0.20406328578790028 0
1590651229182 0.2049933013982243 0
1590652113194 0.20270940373341242 0
1590653007130 0.20257880023784108 0
1590653880754 0.20280613359477784 0
1590654764194 0.20248713225126266 0
1590655652517 0.20373704453309377 0
1590656524117 0.19971432439155049 0
1590657402291 0.2003830762538645 0
1590658296614 0.20087981071737077 0
1590659178468 0.19887769692473942 0
1590660056621 0.19780012514856127 0
1590660943098 0.19802550620502896 0
1590661818934 0.19757830189334022 0
1590662702558 0.19678398778041203 0
1590663480555 0.1965579037865003 0
1590664242893 0.19694503588808907 0
1590664997934 0.1948809774385558 0
1590665768443 0.19396798885530897 0
1590666526842 0.1931272981233067 0
1590667273385 0.1943926908572515 0
1590667920452 0.1929911061293549 0
1590668568075 0.1933565736313661 0
1590669216450 0.19301105386681028 0
1590669858104 0.19279512388838663 0
1590670509448 0.19448769013086956 0
1590671154457 0.1928077597419421 0
1590671799653 0.1922794544365671 0
