1592726370405 0.2586110249274324 0
1592726804213 0.21943734642540477 0
1592727233494 0.20764171285202881 0
1592727664988 0.19848996175626663 0
1592728094280 0.1915640423369948 0
1592728524773 0.18218981029855214 0
1592728954613 0.18072034730118527 0
1592729384935 0.1794858098555572 0
1592729813742 0.17195071077316773 0
1592730243200 0.17093170623785303 0
1592730672723 0.1666821681657426 0
1592731102169 0.16697020462763398 0
1592731531619 0.1662332943126897 0
1592731961493 0.16785177325721953 0
1592732390380 0.16519883218730427 0
1592732820876 0.1645582866683715 0
1592733250317 0.1648844241795672 0
1592733680436 0.16322094333412066 0
1592734109656 0.1621819645429138 0
1592734539795 0.16168547493009183 0
1592734969514 0.16192436878867353 0
1592735399539 0.16245436499491148 0
1592735828774 0.16234788463758282 0
1592736258283 0.1613513238409004 0
1592736686919 0.1628186144779251 0
1592737116377 0.1613274363786808 0
1592737545445 0.16231482543557957 0
1592737975162 0.16245633221092992 0
1592738404207 0.1616913216090022 0
1592738834296 0.16088981832605165 0
1592739263745 0.1617609819289419 0
1592739694038 0.16134753894595716 0
1592740123325 0.16135344712500008 0
1592740553031 0.16128026733470505 0
1592740981844 0.1622934029144364 0
1592741411103 0.1618714850180095 0
1592741839391 0.16219619614651581 0
1592742269668 0.16183763055567177 0
1592742698968 0.16131229539136743 0
1592743128597 0.16248158613215166 0
1592743558897 0.16240674529402924 0
1592743988729 0.16173699488792972 0
1592744416981 0.16210667092719067 0
1592744846655 0.16220110728023035 0
1592745275302 0.16241206033554126 0
1592745704562 0.1618833538116676 0
1592746133026 0.16142317142234341 0
1592746563118 0.1622637023478371 0
1592746992147 0.16225455986612689 0
1592747421770 0.1616722275162824 0
1592747850318 0.16176313809318565 0
1592748280360 0.16217960199571077 0
1592748709414 0.16130298610673444 0
1592749139533 0.1615814937264553 0
1592749568140 0.16169171603936092 0
1592749997271 0.16199602079706768 0
1592750426081 0.16213605248883028 0
1592750855613 0.1621451797315696 0
1592751284456 0.16201733276060307 0
1592751714300 0.16205730146590047 0
1592752143299 0.16248090674054413 0
1592752573686 0.1623181805802833 0
1592753002515 0.16210208026227782 0
1592753432603 0.16281626613749664 0
1592753861668 0.16235719840757792 0
1592754290941 0.16242077755237405 0
1592754719151 0.1622016131314883 0
1592755148823 0.1626238938542998 0
1592755577737 0.16260327430681257 0
1592756007239 0.1624330348271867 0
1592756435677 0.16117627590294148 0
1592756865291 0.1614837568225128 0
1592757293968 0.16204978602584122 0
1592757723863 0.16171937403961154 0
1592758152569 0.16082291164311113 0
1592758582192 0.16115971577708008 0
1592759011390 0.16081345792606436 0
1592759441092 0.162308970611702 0
1592759869723 0.16304281945117474 0
1592760298409 0.1620019313407785 0
1592760727393 0.1621996027133627 0
1592761157105 0.1614168319541501 0
1592761584988 0.16226714205756895 0
1592762013819 0.16224109357039934 0
1592762442542 0.1620339527163157 0
1592762872349 0.1612299236865428 0
1592763300777 0.1624974901377404 0
1592763729275 0.16164185273782433 0
1592764158544 0.1617833073403433 0
1592764588424 0.16268222439349148 0
1592765016916 0.161366113581195 0
1592765445966 0.16257006695648885 0
1592765874419 0.16194231087524885 0
1592766303674 0.1624227240306304 0
1592766731894 0.1625299695832303 0
1592767161963 0.1611844626459427 0
1592767590242 0.16105459911997433 0
1592768019271 0.16188316538892406 0
1592768443795 0.16192091498477032 0
1592768868779 0.16092268756640046 0
