1592726370417 0.8622462939029977 0
1592726804223 0.7319918177946839 0
1592727233506 0.6988805136936588 0
1592727665007 0.6672323996421672 0
1592728094296 0.6486675359064746 0
1592728524785 0.6162532644548104 0
1592728954624 0.6068808260028924 0
1592729384951 0.6025567223841057 0
1592729813759 0.5798658394977282 0
1592730243215 0.5755607342952745 0
1592730672739 0.5646273656290784 0
1592731102181 0.5617464826927903 0
1592731531630 0.5599723596088306 0
1592731961509 0.5600455124728776 0
1592732390394 0.5528809590926699 0
1592732820887 0.5532190374448257 0
1592733250334 0.5507174962310482 0
1592733680449 0.5471084381146379 0
1592734109670 0.5446857970761562 0
1592734539812 0.5423891251339045 0
1592734969530 0.5423444428572651 0
1592735399551 0.5428114982007508 0
1592735828789 0.5427879989428694 0
1592736258298 0.5428052980790585 0
1592736686929 0.5441175166057699 0
1592737116388 0.5408252809825412 0
1592737545458 0.5427850420148082 0
1592737975176 0.5433697088079654 0
1592738404223 0.5437782217164334 0
1592738834308 0.5399008508799809 0
1592739263758 0.541000552391 0
1592739694048 0.541764753117632 0
1592740123335 0.5421503581416321 0
1592740553044 0.5398542636967913 0
1592740981862 0.542061935969504 0
1592741411118 0.5411058396326205 0
1592741839411 0.5429304982781861 0
1592742269682 0.541429921548335 0
1592742698983 0.5417391272820063 0
1592743128615 0.5428082822242597 0
1592743558905 0.5422217875422314 0
1592743988746 0.5422423097471559 0
1592744416989 0.5418502482437817 0
1592744846664 0.5440123837807167 0
1592745275315 0.5412482166949012 0
1592745704580 0.540223677605109 0
1592746133044 0.5413420746379746 0
1592746563134 0.5437009266486171 0
1592746992160 0.542430649584239 0
1592747421785 0.5415402078104935 0
1592747850331 0.5428836249912942 0
1592748280370 0.5421203001242797 0
1592748709429 0.5384248280405097 0
1592749139546 0.5421641948738462 0
1592749568152 0.5411874588428802 0
1592749997286 0.5415372465518995 0
1592750426094 0.5423186464089741 0
1592750855627 0.5432742523212427 0
1592751284468 0.5409748828747035 0
1592751714314 0.5405047289342139 0
1592752143320 0.5433389884971026 0
1592752573704 0.5423585574426489 0
1592753002527 0.5411971686290629 0
1592753432618 0.5442365819602379 0
1592753861686 0.5423339951727117 0
1592754290950 0.542499055025597 0
1592754719167 0.541516324336305 0
1592755148838 0.5432941581941296 0
1592755577750 0.5436207241793949 0
1592756007253 0.5452889979720791 0
1592756435692 0.541031537197474 0
1592756865305 0.5410147442925787 0
1592757293982 0.5425367186488748 0
1592757723876 0.5411939501143073 0
1592758152579 0.5385402261704132 0
1592758582213 0.5407699238020992 0
1592759011408 0.5405713649330571 0
1592759441108 0.5447909201844888 0
1592759869737 0.5437383002012743 0
1592760298424 0.5416819895066377 0
1592760727409 0.5436835246399908 0
1592761157119 0.5408187920100969 0
1592761585000 0.5427000005835062 0
1592762013830 0.5427673708844545 0
1592762442552 0.540786314286498 0
1592762872366 0.540536581883465 0
1592763300792 0.5427636893170531 0
1592763729291 0.5416637938328894 0
1592764158564 0.5424484593150973 0
1592764588435 0.5433896996024574 0
1592765016931 0.5406740602828394 0
1592765445981 0.5441049195037831 0
1592765874433 0.543112552196951 0
1592766303687 0.543072441958773 0
1592766731910 0.5433913510930853 0
1592767161979 0.5403156736161869 0
1592767590258 0.5414609820617161 0
1592768019291 0.5432768749959899 0
1592768443812 0.5395382893006657 0
1592768868790 0.5403072232150611 0
