1595411894126 0.6261194048443564 0
1595413405854 0.7070587832403785 0
1595414918451 0.6593829290796321 0
1595416434679 0.6588089398954697 0
1595417957521 0.6736969909500903 0
1595419478452 0.7035827657853186 0
1595420997014 0.6856904382718855 0
1595422509327 0.6729179418332301 0
1595424030075 0.6828860282869188 0
1595425546395 0.6714329967384716 0
1595427048407 0.7182717877220922 0
1595428541242 0.7282313986672526 0
1595430042398 0.7368562466056042 0
1595431547654 0.7478184481007164 0
1595433046577 0.7577956710667014 0
1595434548737 0.7567003456040335 0
1595436051055 0.7771703216989088 0
1595437555059 0.7768292405816968 0
1595439053245 0.7681130982808217 0
1595440548033 0.7587544579298813 0
1595442043378 0.7739922970174367 0
1595443534852 0.7775416772812518 0
1595445028311 0.7751363296039555 0
1595446528436 0.7722372688559029 0
1595448025671 0.7788753395970675 0
1595449530082 0.7750714621118897 0
1595451016651 0.7692692623162636 0
1595452518457 0.7835348558620977 0
1595454010010 0.7713360609053824 0
1595455495273 0.7752514796371628 0
1595456984530 0.7729171574661633 0
1595458484286 0.7823189144778132 0
1595459973564 0.7782111701863896 0
1595461470409 0.7682411963241808 0
1595462970128 0.7713207666113927 0
1595464466914 0.7723929064263675 0
1595465969339 0.775104352029177 0
1595467459119 0.7782017487014613 0
1595468960592 0.778145225183241 0
1595470465866 0.7809395888893373 0
1595471965352 0.7760155896157367 0
1595473468561 0.7757439507787457 0
1595474975503 0.7743548996529158 0
1595476477220 0.7781084116957587 0
1595477971090 0.7768838580647596 0
1595479472679 0.7762152697132457 0
1595480973325 0.7747243903486374 0
1595482472171 0.7753952469494576 0
1595483978998 0.7742154931825102 0
1595485469657 0.7726647488219738 0
1595486961608 0.7709089616123161 0
1595488466478 0.7747772342896818 0
1595489968617 0.77441271012701 0
1595491472184 0.7744197244837416 0
1595492967115 0.7755819016103691 0
1595494466743 0.774182530830282 0
1595495944023 0.7746996004370102 0
1595497431796 0.7762788553209261 0
1595498927568 0.7757966930148108 0
1595500405942 0.7763038431216426 0
1595501892687 0.7767580616240217 0
1595503378664 0.7757160287474184 0
1595504862131 0.7753162260825264 0
1595506344242 0.7760770548367051 0
1595507829640 0.7761921438402759 0
1595509325044 0.7763426222575333 0
1595510823821 0.7759640378223556 0
1595512328138 0.7764055767999687 0
