1595411894216 0.7024018605036975 0
1595413405893 0.7052256886544707 0
1595414918468 0.7349540306501596 0
1595416434692 0.7546122467997305 0
1595417957543 0.7474918546603094 0
1595419478462 0.7553694995110252 0
1595420997034 0.7566927891114642 0
1595422509348 0.7633756457367193 0
1595424030115 0.7536744194787882 0
1595425546409 0.7605028799381708 0
1595427048419 0.7602352887288506 0
1595428541262 0.7678549742597796 0
1595430042412 0.755083936423384 0
1595431547677 0.7628916054965552 0
1595433046601 0.7713242886413916 0
1595434548752 0.7758772111608357 0
1595436051079 0.7709446365445032 0
1595437555073 0.7698636503922368 0
1595439053258 0.7709757078174738 0
1595440548047 0.7728515714119353 0
1595442043394 0.7701894563685338 0
1595443534881 0.7735854734916128 0
1595445028331 0.7708018031375434 0
1595446528463 0.7755571372298666 0
1595448025756 0.7751441574016984 0
1595449530095 0.7787967973456571 0
1595451016725 0.7765728933772034 0
1595452518508 0.7724924226761829 0
1595454010027 0.7767408156562233 0
1595455495324 0.776454103458855 0
1595456984575 0.7742876187924691 0
1595458484312 0.7747989894409585 0
1595459973588 0.775775603242801 0
1595461470423 0.7720103075787342 0
1595462970175 0.7738791658525578 0
1595464466935 0.7759803421303325 0
1595465969368 0.7757413468204848 0
1595467459154 0.776731519587546 0
1595468960605 0.774084556154487 0
1595470465913 0.7755861727645104 0
1595471965387 0.7741182743017828 0
1595473468588 0.7742474118149792 0
1595474975563 0.7745656163023893 0
1595476477269 0.7749413759173828 0
1595477971166 0.7745026609282255 0
1595479472713 0.7734888375203511 0
1595480973337 0.7741185285577756 0
1595482472204 0.775374067533243 0
1595483979095 0.7743508209268327 0
1595485469704 0.7756261291213841 0
1595486961623 0.7758441763099782 0
1595488466588 0.7745244814839447 0
1595489968735 0.7755396733896545 0
1595491472216 0.7750632205382842 0
1595492967140 0.7753072984191385 0
1595494466767 0.7755128275566354 0
1595495944101 0.7745420117623117 0
1595497431836 0.7756335480169607 0
1595498927595 0.7757790068351407 0
1595500405957 0.7752108062488925 0
1595501892717 0.7753869708632981 0
1595503378676 0.775535654855007 0
1595504862163 0.7752384187574043 0
1595506344268 0.7756858028198916 0
1595507829738 0.7754438034675581 0
1595509325098 0.7752957846081802 0
1595510823844 0.7756644791313029 0
1595512328175 0.7753067302583857 0
