1595411894155 0.5845808678143523 0
1595413405862 0.6628091687162979 0
1595414918456 0.6217150746159332 0
1595416434683 0.6238908177020804 0
1595417957524 0.6347385996419096 0
1595419478455 0.6635128214134859 0
1595420997018 0.6487530684460111 0
1595422509330 0.6381172551989797 0
1595424030078 0.6443029806910243 0
1595425546400 0.638314379934196 0
1595427048410 0.6787090103067657 0
1595428541246 0.6885012373794678 0
1595430042401 0.6948543255873305 0
1595431547658 0.7042335871101858 0
1595433046581 0.718388368674777 0
1595434548740 0.7174291125911255 0
1595436051059 0.7371528601068346 0
1595437555063 0.7355114228958531 0
1595439053249 0.7265154515733322 0
1595440548038 0.7197778261802606 0
1595442043381 0.7335352593140845 0
1595443534856 0.7372937613860484 0
1595445028314 0.7329543279440732 0
1595446528440 0.7337422935493207 0
1595448025674 0.7394047622931071 0
1595449530086 0.7378610130057106 0
1595451016657 0.7308386316291997 0
1595452518461 0.7436593745860455 0
1595454010014 0.7333993676056221 0
1595455495285 0.7372700721976154 0
1595456984534 0.7345487085551985 0
1595458484289 0.7423088751895639 0
1595459973567 0.7388464553495581 0
1595461470413 0.7287738338968535 0
1595462970131 0.7334454531959715 0
1595464466917 0.7340646371838021 0
1595465969342 0.7370853601417207 0
1595467459122 0.7395736929147175 0
1595468960595 0.7387076874920101 0
1595470465869 0.7422474684524475 0
1595471965355 0.7370045289391679 0
1595473468565 0.7371999253410536 0
1595474975506 0.7351358823161367 0
1595476477224 0.7390268910833606 0
1595477971093 0.737981364015491 0
1595479472683 0.7368735888961295 0
1595480973329 0.7358247473633522 0
1595482472175 0.7366461750838339 0
1595483979002 0.7355280944792855 0
1595485469660 0.7341930566072893 0
1595486961611 0.7332309112817432 0
1595488466519 0.7360949912077385 0
1595489968621 0.7368014464774001 0
1595491472187 0.7358259696144911 0
1595492967119 0.7368131038277531 0
1595494466746 0.7360299574114774 0
1595495944026 0.7367604502178258 0
1595497431800 0.7378318325789575 0
1595498927571 0.7376164199116816 0
1595500405945 0.7382542939400746 0
1595501892699 0.7383228968705667 0
1595503378667 0.7373108445358968 0
1595504862135 0.7369807428306338 0
1595506344246 0.7379077564553735 0
1595507829643 0.7381185128240301 0
1595509325048 0.7380810847528267 0
1595510823832 0.7374670843842238 0
1595512328141 0.7381819563079197 0
