1595411894198 0.765701893422296 0
1595413405883 0.7592753720106454 0
1595414918462 0.7949772626225557 0
1595416434688 0.816590740602143 0
1595417957538 0.8088351686150471 0
1595419478460 0.8164729335344109 0
1595420997024 0.8147409780715267 0
1595422509337 0.8233410020778794 0
1595424030104 0.8156048620571177 0
1595425546405 0.8174631113648313 0
1595427048416 0.8195388656173713 0
1595428541252 0.8298262321756358 0
1595430042406 0.816773103788898 0
1595431547669 0.8288042400998733 0
1595433046592 0.8310623102714482 0
1595434548746 0.8366764864564871 0
1595436051066 0.8295396880272209 0
1595437555069 0.8279054719536353 0
1595439053254 0.8306001184629945 0
1595440548044 0.8315534222338287 0
1595442043387 0.8311641709048218 0
1595443534871 0.8330222594010974 0
1595445028325 0.8315237926189021 0
1595446528448 0.8333679164522643 0
1595448025680 0.8310804394117579 0
1595449530091 0.8351441263651139 0
1595451016694 0.8349572020636105 0
1595452518486 0.8273481349308673 0
1595454010020 0.8338028506964535 0
1595455495313 0.8322371794103165 0
1595456984554 0.8305874054566772 0
1595458484308 0.831418021144403 0
1595459973583 0.8322953618771838 0
1595461470418 0.8290861117784643 0
1595462970160 0.830197087830718 0
1595464466923 0.833234514049396 0
1595465969357 0.8330298563728624 0
1595467459133 0.8323947098697367 0
1595468960602 0.8317103811277835 0
1595470465897 0.8322611748476113 0
1595471965376 0.8315259865315131 0
1595473468576 0.8313274588044897 0
1595474975539 0.8326219230316577 0
1595476477254 0.8317277058631883 0
1595477971150 0.8313568882340873 0
1595479472701 0.8311086939643858 0
1595480973334 0.8311328004490931 0
1595482472186 0.8318965888491053 0
1595483979022 0.8314119366481239 0
1595485469695 0.8324942139857823 0
1595486961617 0.8328383006406326 0
1595488466559 0.8314408573314173 0
1595489968649 0.8320414723242358 0
1595491472201 0.832223745282056 0
1595492967131 0.8321048608909758 0
1595494466752 0.832068843791223 0
1595495944034 0.8312993751660193 0
1595497431814 0.8318406033267052 0
1595498927579 0.8318809777546013 0
1595500405951 0.8317760703772081 0
1595501892711 0.8317818204029422 0
1595503378673 0.8314388509592106 0
1595504862153 0.8316707163053085 0
1595506344262 0.8318702569465479 0
1595507829717 0.831874455869911 0
1595509325075 0.8314948113622419 0
1595510823841 0.8319691203189306 0
1595512328161 0.8316194440915174 0
