1595411894158 0.6037079792709954 0
1595413405870 0.6832751318424064 0
1595414918458 0.6393800910621484 0
1595416434685 0.6398439301918851 0
1595417957530 0.6526331394371034 0
1595419478457 0.6822321168112412 0
1595420997020 0.665773991677109 0
1595422509333 0.6540732468344305 0
1595424030081 0.6621722173752208 0
1595425546402 0.653557858782147 0
1595427048412 0.6969771563378804 0
1595428541248 0.706733817591341 0
1595430042403 0.7145084672761458 0
1595431547665 0.724554736428319 0
1595433046583 0.7364750023589482 0
1595434548742 0.7356642380599702 0
1595436051061 0.7556841239285159 0
1595437555065 0.7547624041536102 0
1595439053251 0.7458529939745443 0
1595440548041 0.7378781788827142 0
1595442043383 0.7519411090613385 0
1595443534866 0.7558528755482731 0
1595445028322 0.7522065562834883 0
1595446528444 0.7512576018756872 0
1595448025677 0.7574618845574482 0
1595449530088 0.7548241636927325 0
1595451016675 0.7485194072169712 0
1595452518469 0.7620816499557318 0
1595454010016 0.751007639031762 0
1595455495296 0.754539704003896 0
1595456984542 0.7523731158939956 0
1595458484298 0.7609457040329648 0
1595459973572 0.7571033508386461 0
1595461470415 0.7469578746049516 0
1595462970141 0.7505207399793251 0
1595464466920 0.7516399949560478 0
1595465969346 0.7543339947878573 0
1595467459130 0.7575465459169316 0
1595468960598 0.7567279644483698 0
1595470465873 0.7599580062700605 0
1595471965360 0.754819958360028 0
1595473468567 0.7546557950095925 0
1595474975519 0.7530065022477404 0
1595476477235 0.7568037718578887 0
1595477971099 0.7558339855949227 0
1595479472691 0.7550547499738615 0
1595480973331 0.7536546627843251 0
1595482472177 0.7543461743263085 0
1595483979014 0.7532220024052725 0
1595485469663 0.7517983486344774 0
1595486961613 0.7503592656747918 0
1595488466521 0.7538033899090272 0
1595489968631 0.7539563965703918 0
1595491472192 0.7536142005236507 0
1595492967128 0.7546612557046415 0
1595494466748 0.7534890141974014 0
1595495944030 0.7541558993304142 0
1595497431805 0.7555441291580011 0
1595498927575 0.7551589681350211 0
1595500405947 0.7555820753410152 0
1595501892704 0.7558758882677848 0
1595503378670 0.7549263171328925 0
1595504862143 0.754540210076292 0
1595506344252 0.7553286347228149 0
1595507829677 0.7554813378551621 0
1595509325054 0.7555897432494003 0
1595510823836 0.7550287845436033 0
1595512328147 0.7556295004403806 0
