1595411894134 0.6152545764877885 0
1595413405855 0.6955669246522254 0
1595414918452 0.6493833058959843 0
1595416434680 0.6499972377639398 0
1595417957522 0.6637815792680047 0
1595419478453 0.6934520179615128 0
1595420997016 0.6762838910450492 0
1595422509328 0.664155048471775 0
1595424030076 0.673514622001495 0
1595425546396 0.6633441347877664 0
1595427048408 0.7087218408868826 0
1595428541243 0.7184421369407908 0
1595430042399 0.7266307313165412 0
1595431547655 0.7379514906380884 0
1595433046578 0.7485897136812397 0
1595434548738 0.7476300410179935 0
1595436051056 0.7680423160148112 0
1595437555060 0.767601328427485 0
1595439053247 0.758629784779715 0
1595440548036 0.7500011395720456 0
1595442043379 0.7642313323181463 0
1595443534854 0.767726672560388 0
1595445028312 0.7648597026986305 0
1595446528438 0.7632857256668847 0
1595448025672 0.7692045050712688 0
1595449530083 0.766597151493575 0
1595451016652 0.7601597765911526 0
1595452518458 0.7737999989232094 0
1595454010011 0.7629514336449622 0
1595455495280 0.7656685292344536 0
1595456984531 0.7640888155500144 0
1595458484287 0.7728302698855851 0
1595459973565 0.7689977982168713 0
1595461470410 0.7589281141983076 0
1595462970129 0.7622966184847433 0
1595464466915 0.7633384077964847 0
1595465969340 0.7660041867276625 0
1595467459120 0.7691598407778067 0
1595468960593 0.7688160505249124 0
1595470465867 0.7720546848649988 0
1595471965353 0.7666951618174841 0
1595473468562 0.76635386850484 0
1595474975504 0.7649930681990709 0
1595476477222 0.768741915955275 0
1595477971091 0.7675133594797673 0
1595479472680 0.7665640425717664 0
1595480973327 0.7653043133929651 0
1595482472172 0.766012879193711 0
1595483978999 0.7647499557128595 0
1595485469658 0.7638685686933637 0
1595486961609 0.7619784125420271 0
1595488466480 0.7657037385377273 0
1595489968618 0.7656257446673779 0
1595491472185 0.7653803189612806 0
1595492967116 0.7665268694305647 0
1595494466744 0.7651618807475068 0
1595495944024 0.7659711795069842 0
1595497431798 0.7673725533294671 0
1595498927569 0.7668480405633098 0
1595500405943 0.7673544486755205 0
1595501892688 0.7677182121415876 0
1595503378665 0.7665371399279068 0
1595504862132 0.7663000941313117 0
1595506344243 0.7669457923567959 0
1595507829641 0.7672021024042902 0
1595509325045 0.7673071077329915 0
1595510823830 0.7666901553207461 0
1595512328139 0.7673710964454377 0
