1595411894218 0.7518432055661378 0
1595413405894 0.7471700118663155 0
1595414918472 0.7817517796098711 0
1595416434693 0.8029281431141918 0
1595417957545 0.7953466739030127 0
1595419478463 0.8025284446380238 0
1595420997037 0.8012050610179943 0
1595422509350 0.8098522557569626 0
1595424030118 0.8016508518526048 0
1595425546410 0.8049219168808984 0
1595427048420 0.8065153614213562 0
1595428541265 0.8158966316256772 0
1595430042414 0.8026502940586999 0
1595431547678 0.8136126574367383 0
1595433046602 0.8175004798331756 0
1595434548754 0.8228014155760665 0
1595436051083 0.8160942094021713 0
1595437555074 0.8148584694959468 0
1595439053259 0.8170343540169296 0
1595440548048 0.8184785326936993 0
1595442043396 0.8174749202642658 0
1595443534882 0.8194411570317203 0
1595445028332 0.8179619190812059 0
1595446528464 0.8202956097483045 0
1595448025758 0.8188525533788272 0
1595449530096 0.8225174219052075 0
1595451016737 0.8218421540131833 0
1595452518515 0.8152090019068233 0
1595454010029 0.820956883902363 0
1595455495327 0.8201323932788438 0
1595456984578 0.8179264790068931 0
1595458484313 0.8183211902201508 0
1595459973594 0.8196665574355285 0
1595461470425 0.8162130071706154 0
1595462970181 0.8176993083644724 0
1595464466937 0.8204030167559425 0
1595465969371 0.8203659289598099 0
1595467459155 0.8199671840899935 0
1595468960606 0.8188546900283323 0
1595470465914 0.8193568481060408 0
1595471965390 0.8188302014734635 0
1595473468595 0.818614529449257 0
1595474975567 0.8195254233913184 0
1595476477274 0.8192089355072548 0
1595477971171 0.8187338041918952 0
1595479472716 0.8182808762097714 0
1595480973338 0.8185458479630583 0
1595482472208 0.819448984500362 0
1595483979096 0.818760337646192 0
1595485469712 0.8199419274787841 0
1595486961624 0.8202288551872066 0
1595488466590 0.8189446365887002 0
1595489968754 0.8194595353068239 0
1595491472221 0.8193671046938725 0
1595492967141 0.8193967374806738 0
1595494466769 0.8195218383928897 0
1595495944103 0.8187873920031109 0
1595497431840 0.8192964650738889 0
1595498927597 0.8195029679698669 0
1595500405978 0.8193099555246782 0
1595501892719 0.8194147376859284 0
1595503378678 0.8192551226839638 0
1595504862166 0.8192963244143993 0
1595506344273 0.8195086198739032 0
1595507829748 0.8193737774969442 0
1595509325103 0.819040246721911 0
1595510823846 0.8194964701270968 0
1595512328180 0.8192371408871676 0
