1595411894161 0.7828244030073255 0
1595413405875 0.7728388485497484 0
1595414918459 0.811940113449583 0
1595416434686 0.8337260884235159 0
1595417957535 0.8260791484241091 0
1595419478458 0.8317444333785191 0
1595420997021 0.8292344813711161 0
1595422509334 0.8385092375041195 0
1595424030083 0.8311038569418735 0
1595425546403 0.8327623549173193 0
1595427048413 0.8351592160060135 0
1595428541249 0.8463019372100038 0
1595430042404 0.8323702328455692 0
1595431547666 0.844476592997134 0
1595433046586 0.8453601262910352 0
1595434548744 0.8528910691781963 0
1595436051062 0.8439653918587701 0
1595437555066 0.8427287485196905 0
1595439053252 0.8457114633697216 0
1595440548042 0.8468297478772309 0
1595442043385 0.8457300486401949 0
1595443534868 0.8477758962732416 0
1595445028323 0.846931440172415 0
1595446528445 0.8471290233584137 0
1595448025678 0.8462216760459785 0
1595449530089 0.849816311375013 0
1595451016681 0.8496541150815131 0
1595452518474 0.8418707249591775 0
1595454010017 0.848445683872247 0
1595455495303 0.8467836830405856 0
1595456984546 0.8453643357822253 0
1595458484306 0.845621022276267 0
1595459973576 0.8471939319885459 0
1595461470416 0.8434766696711236 0
1595462970148 0.8440650462816204 0
1595464466921 0.8472557960523895 0
1595465969350 0.8476184938763064 0
1595467459131 0.8468833252194127 0
1595468960599 0.8464080499490244 0
1595470465895 0.8468066620633091 0
1595471965363 0.8463448808734979 0
1595473468570 0.8459785632987408 0
1595474975524 0.8471421642264809 0
1595476477240 0.8467967441354062 0
1595477971104 0.8461790769559117 0
1595479472695 0.8459899662599887 0
1595480973332 0.8457771756350769 0
1595482472178 0.8469038867127047 0
1595483979016 0.8458969512053937 0
1595485469666 0.8471368315924798 0
1595486961614 0.8474496075906461 0
1595488466523 0.8462247899851223 0
1595489968638 0.8464798075536736 0
1595491472195 0.8466602934541169 0
1595492967129 0.8463850730913586 0
1595494466749 0.8465714405826454 0
1595495944031 0.8461284809849945 0
1595497431808 0.846351395712869 0
1595498927577 0.8466096603770965 0
1595500405948 0.8462152836849047 0
1595501892706 0.8464474734671655 0
1595503378671 0.8462141071891791 0
1595504862146 0.8464611097713438 0
1595506344253 0.8465277360556904 0
1595507829680 0.846449265594902 0
1595509325061 0.8460402531663287 0
1595510823837 0.8465238682887718 0
1595512328152 0.8462965751908915 0
