1595411612957 0.1616012204598411 0
1595413141699 0.15058001602709933 0
1595414637477 0.1476073034606031 0
1595416140314 0.14634301581110076 0
1595417655049 0.1429747094720922 0
1595419178991 0.1420087342671158 0
1595420692092 0.1395617880843869 0
1595422190146 0.1388852469758442 0
1595423692198 0.13887402008600613 0
1595425206628 0.13594733608669726 0
1595426697017 0.13007927956990128 0
1595428174050 0.1275084306240623 0
1595429666658 0.12755556172336752 0
1595431168813 0.12516851526931924 0
1595432668084 0.1265113141563045 0
1595434157534 0.12456343840718466 0
1595435657596 0.11921568088153489 0
1595437157602 0.11912434549523866 0
1595438644109 0.11810311657844941 0
1595440133865 0.11691565673819856 0
1595441638077 0.11567726316781057 0
1595443132731 0.11590277121966039 0
1595444630424 0.11265439046723699 0
1595446125723 0.11285646000767817 0
1595447627066 0.11269130950299892 0
1595449125503 0.11063189339738656 0
1595450613910 0.11046090792067823 0
1595452119188 0.10907879152775894 0
1595453610309 0.10883339165466123 0
1595455103740 0.10801571110474187 0
1595456599940 0.10752122540989757 0
1595458084021 0.10802929636327863 0
1595459577352 0.10741747414937795 0
1595461065630 0.1071855829879457 0
1595462558886 0.10633100796926191 0
1595464041198 0.10540721582404156 0
1595465536466 0.10657943132726443 0
1595467021448 0.10592272359659415 0
1595468518164 0.10593100590746723 0
1595470007684 0.105014461079577 0
1595471509940 0.10485304715027256 0
1595473013321 0.10459444736469688 0
1595474524990 0.104941768572888 0
1595476040571 0.10429184123701443 0
1595477537598 0.10427572963025628 0
1595479037875 0.10463372478146232 0
1595480537981 0.10373761890337646 0
1595482034958 0.10406532379760908 0
1595483540055 0.10455475734972836 0
1595485039330 0.10409719493581578 0
1595486540705 0.10412314313161629 0
1595488040476 0.10332741564052052 0
1595489550607 0.10324800207066595 0
1595491048795 0.10424846685456896 0
1595492543958 0.10382384649677083 0
1595494039425 0.10316395718822736 0
1595495533958 0.10287361782471766 0
1595497026836 0.10326440007565044 0
1595498518764 0.10407413350468968 0
1595500013325 0.10388383754582124 0
1595501496224 0.10324233632710086 0
1595502995358 0.10485795915009904 0
1595504477238 0.10469293514225081 0
1595505969474 0.10280526628445535 0
1595507454866 0.10291033087053715 0
1595508946885 0.10352141053579643 0
1595510445283 0.10287372215899379 0
1595511948303 0.10364170415091623 0
