1595411612959 2.715878085200202 0
1595413141717 2.653340590680918 0
1595414637479 2.6195082163409746 0
1595416140317 2.6054967531509865 0
1595417655051 2.583960517421888 0
1595419178993 2.569487416133143 0
1595420692094 2.558282271042946 0
1595422190148 2.566302827498272 0
1595423692200 2.57114973220925 0
1595425206630 2.553941768211098 0
1595426697019 2.4962835296035633 0
1595428174052 2.491406983879151 0
1595429666660 2.492952483611967 0
1595431168815 2.4809047920447886 0
1595432668087 2.4764077937454263 0
1595434157537 2.478639899900692 0
1595435657600 2.447697368483532 0
1595437157604 2.4396332507287046 0
1595438644111 2.4390826497348463 0
1595440133867 2.423626985747373 0
1595441638079 2.4220259692716013 0
1595443132733 2.4108367433427724 0
1595444630427 2.388889750467289 0
1595446125725 2.3731832865338762 0
1595447627068 2.382267739838543 0
1595449125506 2.370164815311664 0
1595450613912 2.3645490098676953 0
1595452119190 2.3637728151381956 0
1595453610311 2.356351710878648 0
1595455103743 2.3514387044927965 0
1595456599947 2.346760217158734 0
1595458084024 2.3478110033651918 0
1595459577354 2.3511665724538973 0
1595461065632 2.3437591429561775 0
1595462558888 2.3419041147102386 0
1595464041200 2.3377328557119967 0
1595465536468 2.3460869073952777 0
1595467021450 2.3368626918730615 0
1595468518167 2.330993395779185 0
1595470007686 2.326872225361895 0
1595471509942 2.328658320965833 0
1595473013323 2.3284508898480496 0
1595474524992 2.331068027150855 0
1595476040574 2.325919722834822 0
1595477537600 2.324038465734199 0
1595479037878 2.3201116281248164 0
1595480537983 2.3242365963360783 0
1595482034960 2.3189784861863827 0
1595483540058 2.323305000941916 0
1595485039332 2.324728024222724 0
1595486540707 2.324010755532805 0
1595488040479 2.317389862691006 0
1595489550609 2.3221875866392474 0
1595491048798 2.320196171586681 0
1595492543960 2.3147641998943724 0
1595494039431 2.3196105031722665 0
1595495533960 2.3221343273901045 0
1595497026838 2.316390025405587 0
1595498518766 2.3256176036546465 0
1595500013328 2.3171008038346086 0
1595501496226 2.3206427237103537 0
1595502995360 2.3254776692599894 0
1595504477240 2.3212477419072415 0
1595505969476 2.314824798333587 0
1595507454868 2.320448063668302 0
1595508946888 2.31937313269242 0
1595510445285 2.3172632600993115 0
1595511948306 2.317468623220605 0
