1595411612955 0.262661237900263 0
1595413141697 0.24068287409946607 0
1595414637474 0.23420013064052525 0
1595416140312 0.22993464654113122 0
1595417655047 0.2273304914974113 0
1595419178989 0.22370758693293044 0
1595420692090 0.2200781850099662 0
1595422190143 0.21622646016143354 0
1595423692195 0.2156306361667289 0
1595425206626 0.21342869811098406 0
1595426697015 0.201318702484388 0
1595428174047 0.19889549720912408 0
1595429666654 0.19621119297837836 0
1595431168811 0.1927057714143831 0
1595432668082 0.19028733625798852 0
1595434157531 0.18864389515115051 0
1595435657594 0.18085126405309587 0
1595437157600 0.1772618656724224 0
1595438644107 0.17542723750866315 0
1595440133863 0.17238257096620457 0
1595441638075 0.1728263695029854 0
1595443132729 0.16990886621244874 0
1595444630422 0.16595098258147645 0
1595446125721 0.16476139318564034 0
1595447627064 0.163223337452831 0
1595449125500 0.15974399159507846 0
1595450613908 0.16023586986972516 0
1595452119186 0.15844132721079568 0
1595453610307 0.1569371480897721 0
1595455103738 0.155218761085135 0
1595456599936 0.15503666963978902 0
1595458084018 0.15338103476877946 0
1595459577350 0.15342672726617776 0
1595461065627 0.15182549249869945 0
1595462558884 0.15110443496475232 0
1595464041196 0.15096497608611742 0
1595465536464 0.15157132060516973 0
1595467021446 0.150951106504258 0
1595468518162 0.14921583837893362 0
1595470007682 0.14925939361484064 0
1595471509938 0.14914174211495282 0
1595473013319 0.14873963086246755 0
1595474524988 0.14754068116872002 0
1595476040569 0.1479380526337665 0
1595477537596 0.14790735511581432 0
1595479037874 0.147823178130152 0
1595480537978 0.14750863082897653 0
1595482034955 0.14648261720131586 0
1595483540054 0.14827306878704555 0
1595485039328 0.14834668348265717 0
1595486540703 0.14855132136620045 0
1595488040474 0.1478442171177866 0
1595489550605 0.14755033402343018 0
1595491048793 0.14787195676754664 0
1595492543956 0.14639210992921098 0
1595494039415 0.14628912282078646 0
1595495533956 0.14607706927778208 0
1595497026834 0.14609982901115146 0
1595498518762 0.1466329301423666 0
1595500013323 0.14639543149155787 0
1595501496222 0.14541856113676685 0
1595502995356 0.14700363689001486 0
1595504477236 0.14816598223813007 0
1595505969472 0.14533521893913345 0
1595507454864 0.1462297446588954 0
1595508946883 0.146746556086175 0
1595510445281 0.14550582908899895 0
1595511948301 0.1466671011505247 0
