1592877214147 0.305495834888087 0
1592877616204 0.28663086526323767 0
1592878017599 0.3400344096680923 0
1592878419979 0.3894886954219797 0
1592878822286 0.19577426950126467 0
1592879225070 0.2526047832993319 0
1592879626712 0.33065887841735797 0
1592880029379 0.3527072268463157 0
1592880431502 0.3892773765407461 0
1592880834886 0.511490790244863 0
1592881237670 0.36884414751337974 0
1592881641151 0.4741456429325112 0
1592882043768 0.36720971811661207 0
1592882447159 0.49385402484564245 0
1592882850580 0.15309392014021206 0
1592883255053 0.1737426964497373 0
1592883658383 0.4792386601541525 0
1592884062661 0.3999763936105794 0
1592884466179 0.40585212089204326 0
1592884870244 0.46718242184085823 0
1592885273998 0.4866332510588835 0
1592885678303 0.439972509914993 0
1592886081745 0.5252424173773358 0
1592886486434 0.5262690640805266 0
1592886889932 0.5604184762613054 0
1592887294415 0.4637947263274927 0
1592887698512 0.5549036567397773 0
1592888103505 0.5166586189083956 0
1592888507123 0.5828813907053175 0
1592888911979 0.5413232982788996 0
1592889315463 0.5519573473141115 0
1592889720012 0.5658463186742356 0
1592890123725 0.6058000495732506 0
1592890528377 0.5848319034424432 0
1592890932132 0.6220516232642029 0
1592891336319 0.6004581516583821 0
1592891740241 0.6018143450274065 0
1592892145250 0.6078915371700037 0
1592892549213 0.5812726029819184 0
1592892953621 0.6120359318930377 0
1592893357516 0.6167792441841192 0
1592893763236 0.6447315848466469 0
1592894172171 0.6435331572742844 0
1592894610326 0.6468300921231536 0
1592895051921 0.648288143800912 0
1592895486348 0.6650915073678236 0
1592895915977 0.6608973099979079 0
1592896368327 0.6584667603595787 0
1592896802914 0.6586646752853108 0
1592897240313 0.6589612190054105 0
