1592877214139 0.32721613004347927 0
1592877616196 0.3020893387102625 0
1592878017591 0.36258870437725965 0
1592878419971 0.4208404512003933 0
1592878822276 0.20671032259762456 0
1592879225062 0.26776713098071797 0
1592879626701 0.3497857172735394 0
1592880029370 0.37494200501522873 0
1592880431494 0.4163367129744175 0
1592880834874 0.5746501247508121 0
1592881237661 0.3954986674483433 0
1592881641142 0.5108275257909799 0
1592882043756 0.39307549693250277 0
1592882447150 0.532222788626041 0
1592882850569 0.1896901595992265 0
1592883255043 0.19880456401472288 0
1592883658374 0.5179974732623095 0
1592884062653 0.4282078151800346 0
1592884466166 0.4305015662213013 0
1592884870235 0.5060279050576049 0
1592885273989 0.5209664532557208 0
1592885678295 0.47941635554166345 0
1592886081736 0.5759186808948246 0
1592886486426 0.5645399700159746 0
1592886889922 0.6077980386774244 0
1592887294406 0.5071728821610939 0
1592887698502 0.6089765865312304 0
1592888103495 0.5549545563136327 0
1592888507115 0.6290732947945012 0
1592888911968 0.5891212608473002 0
1592889315454 0.5940615650392266 0
1592889720004 0.6140642007547743 0
1592890123717 0.6596108554159424 0
1592890528368 0.633091600493602 0
1592890932124 0.6776548510054604 0
1592891336311 0.6557213558719951 0
1592891740232 0.6523963665893188 0
1592892145243 0.6654605488438219 0
1592892549201 0.6312301268977697 0
1592892953612 0.665221665037 0
1592893357508 0.6690365234557836 0
1592893763226 0.7083974045248944 0
1592894172162 0.7061676338230063 0
1592894610293 0.7116914624658824 0
1592895051894 0.7132939503076876 0
1592895486340 0.7309226984908123 0
1592895915939 0.728611231468934 0
1592896368300 0.7257266639716662 0
1592896802894 0.725102204332861 0
1592897240284 0.7268893395575501 0
