1595237930398 0.5882689232150266 0
1595239339121 0.5866732196783275 0
1595240791493 0.6154317350294578 0
1595242190799 0.6429601318140876 0
1595243614473 0.6348021700827132 0
1595245013095 0.6474810489797055 0
1595246406400 0.6538029823828536 0
1595247815778 0.6479250890432294 0
1595249232190 0.6693606362479014 0
1595250641418 0.6526490212384177 0
1595252073178 0.6834653576340716 0
1595253477050 0.6909476925418185 0
1595254895476 0.6884933211056364 0
1595256330952 0.6795011460607001 0
1595257753889 0.6910314313741237 0
1595259170662 0.6863220522225522 0
1595260591025 0.6845858688093731 0
1595262009144 0.6373286659593673 0
1595263405947 0.7053124153059694 0
1595264795835 0.7177278523805307 0
1595266180183 0.7069336610053967 0
1595267553659 0.6983387041854477 0
1595268943845 0.7111463874658761 0
1595270313037 0.7015260559492097 0
1595271683804 0.7088975578131211 0
1595273052844 0.7116369490750317 0
1595274431617 0.7175171218389793 0
1595275817804 0.715277447773763 0
1595277199472 0.7122423116420097 0
1595278582844 0.7219238443288054 0
1595279958759 0.7143124709795305 0
1595281324933 0.72487130083028 0
1595282700980 0.7242590462336158 0
1595284064769 0.7117783942874651 0
1595285431365 0.7212381627054559 0
1595286798402 0.7221053691010014 0
1595288183960 0.7178495574236989 0
1595289551621 0.7199882123118628 0
1595290891385 0.7216258837888718 0
1595292248395 0.7194499074748262 0
1595293609683 0.7180864634166946 0
1595294997463 0.7211810965296275 0
1595296385054 0.7184460343442263 0
1595297780069 0.7181810291130446 0
1595299168868 0.7230434088390336 0
1595300565478 0.7168793147950685 0
1595301951348 0.7191430675170121 0
1595303321995 0.7186825810853644 0
1595304690139 0.7196134168585769 0
1595306056655 0.7195433017109789 0
1595307439157 0.7198155410032194 0
1595308817864 0.7177226999170625 0
1595310207368 0.719881267511479 0
1595311579862 0.7177619425990971 0
1595312949286 0.7198845088432737 0
