1595237930387 0.6283586916851567 0
1595239339106 0.6209911996503233 0
1595240791456 0.6526745698585691 0
1595242190784 0.686000972697062 0
1595243614459 0.6741556526430356 0
1595245013078 0.6862335114805891 0
1595246406348 0.6908657956001159 0
1595247815758 0.6917979513086852 0
1595249232117 0.705963619126711 0
1595250641396 0.6952761920143261 0
1595252073138 0.719305716695115 0
1595253477022 0.7273836391752833 0
1595254895460 0.7292497866695861 0
1595256330858 0.7165781784585812 0
1595257753860 0.7277862814306929 0
1595259170620 0.7239611104303766 0
1595260591015 0.7208668414373043 0
1595262009109 0.6716575757228086 0
1595263405893 0.7430577578381253 0
1595264795781 0.7562443928840259 0
1595266180171 0.7455561636783727 0
1595267553645 0.7365526999129594 0
1595268943825 0.7496602705948103 0
1595270312999 0.7391257064630758 0
1595271683746 0.7468581026150253 0
1595273052803 0.7504574574181461 0
1595274431588 0.7543981036152524 0
1595275817767 0.7526727696183315 0
1595277199443 0.7484994620494824 0
1595278582837 0.759467999546182 0
1595279958746 0.7506539948369718 0
1595281324864 0.7627258318541994 0
1595282700951 0.7618577371849117 0
1595284064738 0.7486939320832163 0
1595285431318 0.7586852270079213 0
1595286798394 0.7598095822997402 0
1595288183897 0.7551399264546919 0
1595289551597 0.7567796408665894 0
1595290891332 0.759400507711886 0
1595292248365 0.7557781174708057 0
1595293609669 0.7559553093835444 0
1595294997449 0.7582470332123288 0
1595296385014 0.7551939447800848 0
1595297780030 0.7559343668224696 0
1595299168851 0.7610320429586201 0
1595300565463 0.7548473878827514 0
1595301951327 0.7568175454060692 0
1595303321978 0.7561579296117065 0
1595304690101 0.7566391383435398 0
1595306056621 0.7567981810830965 0
1595307439141 0.7570264196290956 0
1595308817822 0.754946196355677 0
1595310207355 0.7573596815869217 0
1595311579783 0.7549207091764112 0
1595312949264 0.7575010772576556 0
