1595237930439 0.7143542411313853 0
1595239339160 0.7420674459648691 0
1595240791562 0.7377494330860941 0
1595242190840 0.7188551751107735 0
1595243614513 0.7458710110345351 0
1595245013139 0.742144160376997 0
1595246406515 0.756025535218066 0
1595247815883 0.745511242978241 0
1595249232325 0.7585197239779298 0
1595250641491 0.7379972212408294 0
1595252073247 0.7670266273289397 0
1595253477123 0.7604630499988807 0
1595254895514 0.7487768078368617 0
1595256331068 0.7693283492208505 0
1595257753981 0.766186881235091 0
1595259170780 0.7689242991966614 0
1595260591045 0.7736603470631104 0
1595262009193 0.7688275383951849 0
1595263406064 0.7642498036292289 0
1595264796047 0.7698079532095133 0
1595266180320 0.7734244230075653 0
1595267553744 0.7691079841633754 0
1595268943926 0.7693489186427019 0
1595270313205 0.7701778695385701 0
1595271683878 0.7722452719914185 0
1595273052959 0.7695085397083369 0
1595274431714 0.7758367942507858 0
1595275817871 0.7709634240086146 0
1595277199558 0.7779617384602066 0
1595278583014 0.775752381307226 0
1595279958947 0.7764141523123114 0
1595281325053 0.7748229344188098 0
1595282701067 0.7756817800510054 0
1595284064874 0.7736944605876226 0
1595285431425 0.7734596107920767 0
1595286798424 0.7758514576966925 0
1595288184082 0.77586735449309 0
1595289551724 0.7746954293788453 0
1595290891542 0.7766509859341778 0
1595292248486 0.7793851256594717 0
1595293609717 0.7764325170922078 0
1595294997503 0.7787838428556217 0
1595296385135 0.7772476252387943 0
1595297780129 0.7750178957166389 0
1595299168887 0.775985282740706 0
1595300565540 0.7766033791440278 0
1595301951424 0.776873641514307 0
1595303322121 0.7773297488396276 0
1595304690202 0.7771233858569468 0
1595306056724 0.7767781507781981 0
1595307439199 0.77688442841611 0
1595308817924 0.7779730940633112 0
1595310207388 0.7773996403908128 0
1595311579997 0.777086854773213 0
1595312949395 0.7769652758074863 0
