1595237930435 0.742356282530698 0
1595239339155 0.7694665429039809 0
1595240791557 0.7650770105524032 0
1595242190834 0.7478337084079858 0
1595243614508 0.7730798360838963 0
1595245013137 0.7699319766423587 0
1595246406507 0.7824329949594392 0
1595247815858 0.7740837512939462 0
1595249232322 0.7831318942944812 0
1595250641480 0.7670557949214952 0
1595252073244 0.7929721594154954 0
1595253477112 0.7849114648363641 0
1595254895510 0.7752720804225363 0
1595256331055 0.7961391172784378 0
1595257753963 0.7916057916604224 0
1595259170764 0.7924747367269734 0
1595260591042 0.798442698479923 0
1595262009188 0.795587877055082 0
1595263406041 0.7898012933664049 0
1595264796044 0.7940434373081241 0
1595266180309 0.7992850100897907 0
1595267553731 0.7948882435159784 0
1595268943917 0.7948739544330448 0
1595270313199 0.797065536473689 0
1595271683876 0.79582564588857 0
1595273052948 0.7937467158881039 0
1595274431703 0.7992071889329004 0
1595275817863 0.7962223145658358 0
1595277199553 0.8016895263229414 0
1595278583012 0.8001861327490822 0
1595279958932 0.8003014660918222 0
1595281324997 0.7993537954101602 0
1595282701057 0.800413234278429 0
1595284064861 0.7983018405667566 0
1595285431404 0.7980511746645198 0
1595286798421 0.7998804979607642 0
1595288184072 0.8000262931413759 0
1595289551689 0.7999372926435288 0
1595290891507 0.8009495741517952 0
1595292248476 0.8039200281820288 0
1595293609713 0.8005230926213548 0
1595294997498 0.8023520124995754 0
1595296385132 0.8013771603109882 0
1595297780117 0.799448919971594 0
1595299168885 0.8002208360847508 0
1595300565531 0.8013602345292163 0
1595301951420 0.801255267618403 0
1595303322091 0.8014674866907494 0
1595304690191 0.8015316400354386 0
1595306056716 0.8011818912359634 0
1595307439194 0.8012494806311788 0
1595308817914 0.8017925048086151 0
1595310207385 0.8018543916788061 0
1595311579995 0.8018594333078803 0
1595312949384 0.8013976421700415 0
