1595237930378 0.6370525621980141 0
1595239339102 0.6276705418153788 0
1595240791446 0.6602837824019138 0
1595242190779 0.6950944154588352 0
1595243614455 0.6811287468364333 0
1595245013069 0.694586985268685 0
1595246406337 0.6982378657294251 0
1595247815750 0.7004877242363196 0
1595249232083 0.713287535579758 0
1595250641389 0.7045573680971967 0
1595252073127 0.7264907626459212 0
1595253477010 0.7346112898838326 0
1595254895453 0.7375690318685872 0
1595256330855 0.7241755444088664 0
1595257753850 0.7355251693745559 0
1595259170607 0.7311921810098401 0
1595260591012 0.7271783796279976 0
1595262009100 0.6781701238609437 0
1595263405878 0.7507773636941393 0
1595264795665 0.7639923579991493 0
1595266180165 0.7522090936459068 0
1595267553641 0.7437274589568152 0
1595268943816 0.7571383968612165 0
1595270312991 0.7459649027780972 0
1595271683659 0.7540715721844138 0
1595273052788 0.7581680215547797 0
1595274431578 0.7616311503088046 0
1595275817764 0.7599397398602519 0
1595277199424 0.7559464969086306 0
1595278582835 0.7664954809943745 0
1595279958742 0.7573410689651199 0
1595281324848 0.7703362238439724 0
1595282700944 0.7689642438478174 0
1595284064728 0.7556618849716541 0
1595285431309 0.7662012839979048 0
1595286798392 0.7670802280068314 0
1595288183894 0.7621506390565109 0
1595289551590 0.7638715819011619 0
1595290891295 0.7661787488680007 0
1595292248357 0.7627956512766201 0
1595293609667 0.7628715467392594 0
1595294997446 0.7650632377217186 0
1595296385002 0.7618864832565573 0
1595297780017 0.7632622437514723 0
1595299168844 0.768008751491099 0
1595300565460 0.761740039852047 0
1595301951322 0.7637798865089117 0
1595303321974 0.7631306570702986 0
1595304690094 0.7634857196454783 0
1595306056597 0.7634937194145985 0
1595307439137 0.7638649729224015 0
1595308817815 0.7614806897377848 0
1595310207352 0.7644227050463394 0
1595311579780 0.7615910582272258 0
1595312949255 0.764391556927647 0
