1595237569495 1.9017053840575782 0
1595238961711 1.8884824069446025 0
1595240346819 1.8771584801788077 0
1595241734824 1.8818765909193371 0
1595243132114 1.8817586827927832 0
1595244524247 1.8824481237633577 0
1595245906707 1.8788746506787843 0
1595247301658 1.887142584995235 0
1595248716767 1.8808253474908856 0
1595250132740 1.8810605863024634 0
1595251554127 1.8854019706845775 0
1595252970156 1.8909035933893836 0
1595254394566 1.8824194166701653 0
1595255821417 1.877841095900752 0
1595257255017 1.8806725721729383 0
1595258675210 1.883170280350229 0
1595260081627 1.8788902636503602 0
1595261496400 1.8798465678556018 0
1595262905646 1.8846287617104591 0
1595264300390 1.8830719124079736 0
1595265701672 1.882286929966102 0
1595267098113 1.8810498597304945 0
1595268501710 1.8700772035623956 0
1595269896364 1.8844030808063699 0
1595271292673 1.8755533035681526 0
1595272680912 1.8799021848462811 0
1595274047568 1.8774831548000936 0
1595275416416 1.8754883752589773 0
1595276788192 1.8772795989826432 0
1595278165110 1.8776074173428814 0
1595279544543 1.8768208574205267 0
1595280922618 1.879704799561536 0
1595282295639 1.8767664893218843 0
1595283668203 1.8764110954215367 0
1595285023945 1.8710327800101825 0
1595286388154 1.8777010668219858 0
1595287780261 1.8741459442897832 0
1595289163645 1.8766865477298136 0
1595290540974 1.8762554080893834 0
1595291913115 1.8755351572761252 0
1595293285960 1.869575845417555 0
1595294653570 1.8771863803698148 0
1595296019401 1.874030399381573 0
1595297380919 1.8794134839520191 0
1595298765919 1.8752450555144609 0
1595300145789 1.879055913965334 0
1595301534442 1.8731473748296081 0
1595302907711 1.8664985148006978 0
1595304280313 1.8662429481966254 0
1595305659622 1.874252003741402 0
1595307010738 1.8775187889275524 0
1595308376167 1.8745958764724353 0
1595309771509 1.8769231028639513 0
1595311157763 1.8722434014352662 0
1595312543522 1.8719105305108623 0
