1595237569488 0.2578193439765965 0
1595238961704 0.23002006362702215 0
1595240346812 0.22386204352883834 0
1595241734817 0.21931196313619022 0
1595243132107 0.2158907529345039 0
1595244524240 0.21311104516048848 0
1595245906700 0.2101868135403937 0
1595247301651 0.20950442579021933 0
1595248716760 0.20725488486760515 0
1595250132731 0.2057648229079735 0
1595251554120 0.204438486164951 0
1595252970149 0.2023175798239637 0
1595254394559 0.20125174641141608 0
1595255821408 0.19865267862843444 0
1595257255008 0.19825068836636428 0
1595258675202 0.1974647782256936 0
1595260081615 0.19616521480258686 0
1595261496393 0.19493467883075397 0
1595262905639 0.1908582187358453 0
1595264300368 0.18909316957858258 0
1595265701641 0.18959560083466853 0
1595267098106 0.18740789624258666 0
1595268501702 0.18823150405698724 0
1595269896346 0.18658864475989717 0
1595271292666 0.18525120003178136 0
1595272680906 0.1842004803680714 0
1595274047561 0.184614776445262 0
1595275416409 0.18364344172419644 0
1595276788185 0.18361685106962994 0
1595278165103 0.18293493073725878 0
1595279544536 0.18161578998769443 0
1595280922610 0.18134306059899555 0
1595282295632 0.18212727191500383 0
1595283668176 0.18103662720157723 0
1595285023931 0.18066610721986615 0
1595286388146 0.18031195302291608 0
1595287780249 0.17952824177868007 0
1595289163638 0.18041483580475498 0
1595290540967 0.18042048229278365 0
1595291913108 0.178336382330596 0
1595293285953 0.1791420212826091 0
1595294653563 0.17956376847258093 0
1595296019394 0.1787028621042395 0
1595297380911 0.17894398163877964 0
1595298765912 0.17850127150508413 0
1595300145781 0.17888264603525228 0
1595301534435 0.17847300176897096 0
1595302907704 0.17933995290224852 0
1595304280306 0.17885164672264278 0
1595305659615 0.1783937807421759 0
1595307010729 0.17934074572154454 0
1595308376159 0.17909711201903644 0
1595309771503 0.17819441279702497 0
1595311157746 0.17831027530545937 0
1595312543514 0.1784653844454877 0
