1592877214167 0.5831952930796277 0
1592877616217 0.6580942249832289 0
1592878017612 0.6630078165523808 0
1592878419994 0.6731547851747823 0
1592878822305 0.44093616287582804 0
1592879225084 0.633784269445444 0
1592879626726 0.672200018247451 0
1592880029393 0.6527457725028876 0
1592880431515 0.6696460052038629 0
1592880834900 0.632811924979717 0
1592881237686 0.6592026597441506 0
1592881641168 0.7114837066670144 0
1592882043786 0.6725404875427942 0
1592882447172 0.7174136351523578 0
1592882850594 0.30573393136348903 0
1592883255067 0.39462494071612175 0
1592883658400 0.7167635007753362 0
1592884062677 0.6804520622892571 0
1592884466199 0.6978111937996729 0
1592884870259 0.7127793929897996 0
1592885274018 0.7125830579861956 0
1592885678319 0.6791027088748741 0
1592886081761 0.7140984169758068 0
1592886486448 0.7360073484814004 0
1592886889947 0.716510735294749 0
1592887294429 0.6722251386233953 0
1592887698528 0.6974295663974946 0
1592888103520 0.7209691638079073 0
1592888507140 0.7290455171074913 0
1592888911993 0.7031870028144602 0
1592889315478 0.7095649469129299 0
1592889720031 0.7216558784926372 0
1592890123745 0.7390418912592321 0
1592890528394 0.7241934758705322 0
1592890932153 0.7258103606951545 0
1592891336333 0.7243831770826825 0
1592891740266 0.7358666897777028 0
1592892145268 0.7316895440146172 0
1592892549226 0.7231922413814992 0
1592892953637 0.7430120537572353 0
1592893357530 0.7323574181607182 0
1592893763252 0.7308638263840773 0
1592894172187 0.7361586695464335 0
1592894610359 0.7323207346199203 0
1592895051954 0.7320269927584392 0
1592895486368 0.7340716872837929 0
1592895916003 0.7269529198421543 0
1592896368376 0.7302697560877921 0
1592896802948 0.7294240524732527 0
1592897240381 0.729033513375006 0
