1592877214145 0.31500315889689623 0
1592877616202 0.29417023913038687 0
1592878017597 0.34982536726439906 0
1592878419977 0.4024766031516609 0
1592878822284 0.20081438269343477 0
1592879225068 0.2596602499329079 0
1592879626710 0.3391436495781263 0
1592880029377 0.3632138950089771 0
1592880431500 0.4025868529783983 0
1592880834884 0.5348614686663449 0
1592881237668 0.38129047958208956 0
1592881641149 0.4879722996432931 0
1592882043765 0.3781339970077834 0
1592882447157 0.5132482254682454 0
1592882850577 0.16642733576124463 0
1592883255051 0.18299419797870145 0
1592883658380 0.4955162766160556 0
1592884062659 0.41206447849171 0
1592884466175 0.41684232641954666 0
1592884870242 0.48163206101693035 0
1592885273995 0.5017768267003155 0
1592885678301 0.455317687098768 0
1592886081743 0.5464320646813754 0
1592886486432 0.5445463277830279 0
1592886889929 0.5828631346626669 0
1592887294413 0.4821762229980096 0
1592887698510 0.575723837723811 0
1592888103502 0.5341154271981661 0
1592888507121 0.6048117304182645 0
1592888911977 0.5619509741957727 0
1592889315461 0.5695074266479563 0
1592889720010 0.5872125712325194 0
1592890123723 0.628176962311987 0
1592890528375 0.6039252982933357 0
1592890932130 0.6450746229962688 0
1592891336317 0.6249968512162131 0
1592891740239 0.6260775091829963 0
1592892145249 0.6355560509955197 0
1592892549210 0.6039882083360633 0
1592892953619 0.6346211962977327 0
1592893357514 0.6389578764363378 0
1592893763234 0.6746670637442083 0
1592894172169 0.6718245674723605 0
1592894610317 0.677181101902585 0
1592895051908 0.6772800082713066 0
1592895486346 0.6927772822775794 0
1592895915971 0.6901502665225916 0
1592896368322 0.6861271179330976 0
1592896802909 0.6879083463939302 0
1592897240305 0.6882665359700051 0
