1592877214165 0.6144411474289669 0
1592877616215 0.6844453266423061 0
1592878017610 0.6948840291054967 0
1592878419992 0.7044771187809417 0
1592878822303 0.4588104385974671 0
1592879225082 0.6626730326517927 0
1592879626724 0.6961387683207457 0
1592880029391 0.6819985382661701 0
1592880431513 0.7065521587337439 0
1592880834898 0.6648206208325992 0
1592881237684 0.6893964063500371 0
1592881641166 0.7391241577190215 0
1592882043783 0.7057201528624009 0
1592882447171 0.7506976573167995 0
1592882850592 0.3280489046887157 0
1592883255065 0.42857312515161494 0
1592883658396 0.7438390379225334 0
1592884062675 0.7111292570968252 0
1592884466197 0.7260274585290256 0
1592884870256 0.7452904438441409 0
1592885274016 0.7370393892256337 0
1592885678317 0.7147612094691048 0
1592886081758 0.7502686294955265 0
1592886486446 0.7674279295081716 0
1592886889945 0.7512455141433667 0
1592887294427 0.7038562418807568 0
1592887698526 0.7273276499639657 0
1592888103518 0.7481124433283554 0
1592888507138 0.7599978748807218 0
1592888911991 0.7366671305683021 0
1592889315476 0.7363999643050718 0
1592889720029 0.7504746230897924 0
1592890123742 0.7716051811825277 0
1592890528391 0.7513156513330917 0
1592890932149 0.7568571951683458 0
1592891336331 0.756241028597155 0
1592891740264 0.7703902702105687 0
1592892145264 0.7630230767371061 0
1592892549224 0.752879679771127 0
1592892953635 0.7731640659702421 0
1592893357528 0.7605147922090437 0
1592893763250 0.76548130140946 0
1592894172185 0.7678789199594417 0
1592894610354 0.7656270568922764 0
1592895051949 0.7691347843318675 0
1592895486366 0.7648300978559844 0
1592895915999 0.7579485025681069 0
1592896368371 0.7604843843231928 0
1592896802943 0.7625435672021504 0
1592897240364 0.7608081842401903 0
