1592877185317 0.2519707842647879 0
1592877592223 0.21738547578416484 0
1592877993686 0.2087179852522891 0
1592878396067 0.20376791964550162 0
1592878797743 0.20126609827018804 0
1592879200807 0.19818898765206036 0
1592879602798 0.19718618979982525 0
1592880005509 0.19520441583482084 0
1592880407722 0.19390488215147397 0
1592880811129 0.19201361971628156 0
1592881213648 0.1915779106262649 0
1592881617435 0.18825215836916523 0
1592882019860 0.18681282360547735 0
1592882423531 0.18581252524474406 0
1592882826044 0.18425057424931443 0
1592883230497 0.183188947982692 0
1592883634617 0.1837973043285029 0
1592884038770 0.17895222594140459 0
1592884442228 0.17873569557288432 0
1592884846491 0.17753962074554236 0
1592885250047 0.1758102350105867 0
1592885654571 0.1744693861500142 0
1592886057955 0.17299625622835807 0
1592886462776 0.17115682061358123 0
1592886866343 0.16947300018981962 0
1592887270665 0.16785838725209537 0
1592887674814 0.16610605823303048 0
1592888079733 0.16478958134762287 0
1592888483461 0.1632890306807285 0
1592888888221 0.161425708879902 0
1592889291700 0.1602103359227817 0
1592889696432 0.1578635912322878 0
1592890100080 0.1561391167624171 0
1592890504738 0.15388959848910796 0
1592890908504 0.1519270347858256 0
1592891312714 0.15090708338869008 0
1592891716458 0.14966760695881448 0
1592892121617 0.1472565712083497 0
1592892525489 0.1461530789094848 0
1592892929990 0.14450915328576522 0
1592893333619 0.14366505321312312 0
1592893739348 0.14221502960629068 0
1592894148410 0.1411149545340454 0
1592894581260 0.14005333136401188 0
1592895023786 0.13930243176762344 0
1592895462571 0.1390401644618145 0
1592895886931 0.1377889997975652 0
1592896339331 0.13736618454720573 0
1592896776938 0.13770603138944063 0
1592897212085 0.13785546015882372 0
