1593300942033 0.19716818847677345 0
1593302210541 0.19788596185184607 0
1593303469130 0.2200094361366657 0
1593304751518 0.206140102656828 0
1593306042021 0.21466841661888805 0
1593307277182 0.20355898571921868 0
1593308527763 0.2002200790302331 0
1593309801206 0.22018853995999932 0
1593311086414 0.2708240748112653 0
1593312347489 0.2618711359340055 0
1593313606360 0.23857784954600722 0
1593314879151 0.24235214880711434 0
1593316153791 0.2823310080457137 0
1593317402888 0.2609982925292645 0
1593318654029 0.25460459247150397 0
1593319910815 0.22531421203619964 0
1593321168591 0.23779090573354442 0
1593322431949 0.26598195500359345 0
1593323699413 0.222468074478939 0
1593324944156 0.2939117066394734 0
1593326212279 0.2207774863137213 0
1593327469986 0.24772496568083024 0
1593328735549 0.2503566510648909 0
1593329999070 0.27481060319111084 0
1593331257115 0.2832869003140968 0
1593332517813 0.304888491887262 0
1593333782437 0.30640294850146726 0
1593335040777 0.2945822986595834 0
1593336300232 0.2797651939352302 0
1593337573695 0.28827543459404387 0
1593338840677 0.2954012524343064 0
1593340098883 0.27338436379979686 0
1593341359980 0.27797364285978754 0
1593342635932 0.2743903012619207 0
1593343910830 0.3172833386955673 0
1593345173647 0.30347099000933275 0
1593346438201 0.3049024409476978 0
1593347704403 0.3298383551790884 0
1593348972023 0.344146412838664 0
1593350254031 0.2976114184533384 0
1593351516300 0.3427058752101564 0
1593352793984 0.3345518942228336 0
1593354050543 0.3350756547196152 0
1593355313207 0.32974063678070925 0
1593356574773 0.3146493965655729 0
1593357832450 0.3294754335117675 0
1593359099971 0.3353558035883067 0
1593360384922 0.33101780337452175 0
1593361647844 0.3368604104548975 0
1593362942224 0.3346197261564529 0
1593364188560 0.33382472403533264 0
1593365446678 0.33571900332974197 0
1593366716956 0.3348155298478736 0
1593367981016 0.3390747949071879 0
1593369233607 0.338574546551395 0
1593370481361 0.3306311626375819 0
1593371746968 0.31807159046624395 0
1593372988546 0.321818104893509 0
1593374249250 0.3387105782572733 0
1593375500944 0.3351977349768891 0
1593376759934 0.3289054853823304 0
1593378017807 0.3157514594368321 0
1593379282933 0.309102421669251 0
1593380547528 0.3167378487323477 0
1593381796420 0.33547008644007237 0
1593383077585 0.3278871293113064 0
1593384321547 0.3150059928900017 0
1593385522236 0.31607354636425455 0
1593386496357 0.34926438588720043 0
1593387494034 0.2806740407116801 0
1593388464990 0.28079187452698606 0
1593389440742 0.32322343904923057 0
1593390419094 0.3111073635447925 0
1593391402560 0.3147872840501983 0
1593392369976 0.27544338869104396 0
1593393395864 0.3251908760177534 0
1593394361552 0.2960085752205462 0
1593395325230 0.3214974117289092 0
1593396298846 0.28122350103246624 0
