1593300942023 0.20176499720447302 0
1593302210518 0.20296505317496538 0
1593303469117 0.22680534893246695 0
1593304751510 0.21185602473758006 0
1593306042014 0.22065714903637712 0
1593307277173 0.20860833106043433 0
1593308527674 0.20615896751225818 0
1593309801199 0.22615846315324994 0
1593311086404 0.2790670824278416 0
1593312347478 0.2702154043296483 0
1593313606347 0.24751332563486927 0
1593314879137 0.24975361729645532 0
1593316153784 0.2926716498026499 0
1593317402874 0.26967631112253493 0
1593318653956 0.2640545158197577 0
1593319910807 0.23244901758328068 0
1593321168570 0.24514879559434438 0
1593322431941 0.2748709719692929 0
1593323699406 0.22929204518760135 0
1593324944146 0.3042967551032022 0
1593326212266 0.22692317088701694 0
1593327469967 0.2549455139341279 0
1593328735539 0.258261369296767 0
1593329999055 0.28446754760732446 0
1593331257095 0.29256724300304526 0
1593332517775 0.3164927320438018 0
1593333782429 0.3172953235745894 0
1593335040770 0.3038600418912559 0
1593336300225 0.2894943891731854 0
1593337573689 0.29685906298002473 0
1593338840670 0.30525925529463205 0
1593340098875 0.28276051884810954 0
1593341359951 0.2867921022341697 0
1593342635925 0.2829505692393884 0
1593343910757 0.32824547654829916 0
1593345173635 0.31430834062839524 0
1593346438192 0.31491724782368263 0
1593347704391 0.34130910923781554 0
1593348972016 0.35761097186204066 0
1593350254024 0.30770838559959074 0
1593351516288 0.35630171309195685 0
1593352793977 0.3471779874077784 0
1593354050531 0.3472773411388028 0
1593355313201 0.34178642524948694 0
1593356574757 0.3255310955948039 0
1593357832437 0.34113983308697393 0
1593359099949 0.34769190280364604 0
1593360384910 0.34296452111520237 0
1593361647838 0.3490830458164919 0
1593362942217 0.3466826670594543 0
1593364188548 0.3459806484026447 0
1593365446670 0.3480277580394957 0
1593366716944 0.347064272049942 0
1593367981007 0.35121868613738877 0
1593369233600 0.3511768223274559 0
1593370481354 0.34231773750841255 0
1593371746958 0.32860791176330273 0
1593372988533 0.3337764670813209 0
1593374249238 0.3504911496901661 0
1593375500937 0.34687191596238515 0
1593376759912 0.34022015423218965 0
1593378017793 0.3267752466232341 0
1593379282865 0.32007679947150364 0
1593380547521 0.32784127226986176 0
1593381796414 0.34809434169536607 0
1593383077567 0.339848450056345 0
1593384321497 0.32555389338467605 0
1593385522226 0.3301432645414613 0
1593386496350 0.3623446145567037 0
1593387494027 0.2908185939449781 0
1593388464983 0.29027373008338436 0
1593389440735 0.3342557121655237 0
1593390419088 0.3210970176745745 0
1593391402551 0.3256989675676426 0
1593392369968 0.28436886219197827 0
1593393395858 0.33741225624681165 0
1593394361545 0.3063599186576169 0
1593395325220 0.33124509082086373 0
1593396298839 0.29221024620946673 0
1593397269204 0.3190986076897919 0
