1593300942026 0.2001096893852508 0
1593302210520 0.20085969353829922 0
1593303469119 0.22387187284941398 0
1593304751514 0.20969269243725944 0
1593306042016 0.21797704428801987 0
1593307277175 0.20693989903392399 0
1593308527698 0.20380261973107724 0
1593309801201 0.2237744999139594 0
1593311086406 0.2751826355007257 0
1593312347480 0.26667296718895206 0
1593313606349 0.2432098652442025 0
1593314879139 0.24649884434171176 0
1593316153787 0.2883244740394142 0
1593317402876 0.26570057054488777 0
1593318653963 0.2605049083241185 0
1593319910811 0.22941085958628246 0
1593321168572 0.24198058940647263 0
1593322431943 0.27135200951861715 0
1593323699408 0.22632949279764059 0
1593324944149 0.2998677722489232 0
1593326212268 0.2242605405765739 0
1593327469970 0.252387678238214 0
1593328735543 0.2542986725085752 0
1593329999059 0.2800660994207605 0
1593331257098 0.2879371867280908 0
1593332517778 0.31156604040514196 0
1593333782432 0.31265767027240043 0
1593335040772 0.3001745482532528 0
1593336300227 0.28439973697972376 0
1593337573690 0.2938783368071936 0
1593338840672 0.30091169127886813 0
1593340098877 0.2783660741526689 0
1593341359956 0.2829495994013283 0
1593342635927 0.2791372962007135 0
1593343910766 0.32263248602336136 0
1593345173637 0.3088231223994423 0
1593346438195 0.31063127983647704 0
1593347704393 0.33638069247928004 0
1593348972018 0.3502774104905373 0
1593350254027 0.302336050516594 0
1593351516290 0.35035930890821104 0
1593352793980 0.3412004790986265 0
1593354050533 0.3417151070363987 0
1593355313203 0.3365254222201507 0
1593356574759 0.3211095572636833 0
1593357832439 0.33557580224438216 0
1593359099951 0.34194196006441696 0
1593360384912 0.33794624667772055 0
1593361647840 0.3434110783709337 0
1593362942219 0.3410712059657889 0
1593364188551 0.34041554037134775 0
1593365446672 0.3422417316469525 0
1593366716946 0.3413728313717923 0
1593367981009 0.3457414786578633 0
1593369233603 0.34526842090623217 0
1593370481356 0.33696737411295474 0
1593371746960 0.3238682004983987 0
1593372988536 0.3276981672553902 0
1593374249241 0.3441755308209591 0
1593375500939 0.3419926235591373 0
1593376759914 0.3344888843887864 0
1593378017797 0.3209274789754826 0
1593379282904 0.3153532449563081 0
1593380547523 0.32334316742006053 0
1593381796416 0.34233569912197515 0
1593383077569 0.3340833163405182 0
1593384321500 0.3204513841435952 0
1593385522228 0.32259945906038157 0
1593386496352 0.3559331701822358 0
1593387494029 0.2859334280692442 0
1593388464985 0.28558773462407844 0
1593389440738 0.32938500682885863 0
1593390419090 0.31695536183837036 0
1593391402554 0.3199902854526884 0
1593392369970 0.28016109789138416 0
1593393395860 0.3319408150668669 0
1593394361547 0.3025027936751013 0
1593395325223 0.3277919322493835 0
1593396298842 0.28698299146953266 0
