1593300942030 0.1879777547257985 0
1593302210534 0.18811517909612618 0
1593303469128 0.20833901178015968 0
1593304751517 0.19499487717426836 0
1593306042019 0.20361924643828136 0
1593307277180 0.19295170736306366 0
1593308527762 0.18925632750870353 0
1593309801205 0.20856583874753334 0
1593311086410 0.25600550467559097 0
1593312347484 0.24669047800093866 0
1593313606355 0.22292651984641346 0
1593314879144 0.22815383920577761 0
1593316153790 0.26214194816208425 0
1593317402881 0.2452616373892136 0
1593318654027 0.23670245719937819 0
1593319910814 0.21188366261394276 0
1593321168584 0.22432560826659542 0
1593322431947 0.2496113040953551 0
1593323699412 0.2098906132093066 0
1593324944152 0.2763057055691432 0
1593326212273 0.208576472548533 0
1593327469982 0.23360031970230935 0
1593328735547 0.23633665202163356 0
1593329999067 0.2580257599833826 0
1593331257110 0.26640789526683817 0
1593332517786 0.2837804196475963 0
1593333782436 0.2860380144198891 0
1593335040776 0.2766388335432323 0
1593336300230 0.262331965251021 0
1593337573694 0.27121021155975517 0
1593338840676 0.27773844659314056 0
1593340098881 0.2568168714229596 0
1593341359962 0.26170347453254217 0
1593342635931 0.25756602797013023 0
1593343910822 0.29738513020774865 0
1593345173645 0.2837100875780618 0
1593346438198 0.28640523870253726 0
1593347704398 0.30904761533151004 0
1593348972022 0.32058223758082965 0
1593350254030 0.2803798120100069 0
1593351516294 0.3187747039113624 0
1593352793983 0.31153650584540526 0
1593354050536 0.3141358202181944 0
1593355313206 0.3084168251725197 0
1593356574766 0.29590653658402194 0
1593357832443 0.3085965723189753 0
1593359099966 0.31376999947255213 0
1593360384918 0.30981931296301085 0
1593361647843 0.3155353673756143 0
1593362942223 0.3136664421198241 0
1593364188555 0.3124656147912638 0
1593365446675 0.3146018386815875 0
1593366716955 0.3132618949397751 0
1593367981013 0.3170636421168392 0
1593369233606 0.31635604421996677 0
1593370481360 0.3097898193352905 0
1593371746964 0.2993135372250848 0
1593372988540 0.3011786043428609 0
1593374249249 0.31739505614487873 0
1593375500943 0.312965885930121 0
1593376759932 0.3084265275890633 0
1593378017804 0.29604204869558665 0
1593379282927 0.2885978792051185 0
1593380547527 0.2951435802868623 0
1593381796419 0.31237831698484975 0
1593383077575 0.3067159295012473 0
1593384321540 0.2958092674310535 0
1593385522234 0.29331952742254475 0
1593386496356 0.327005455468504 0
1593387494033 0.2628392917717589 0
1593388464989 0.2641217412474732 0
1593389440741 0.30356029777907395 0
1593390419093 0.29195175402637347 0
1593391402558 0.29624064679431933 0
1593392369975 0.25895206967658624 0
1593393395863 0.3040083034416381 0
1593394361551 0.27597874420178314 0
1593395325229 0.3024478412749004 0
1593396298845 0.26282802522180587 0
1593397269210 0.28882945142045585 0
