1593300942047 0.295992578357392 0
1593302210561 0.35098002125449307 0
1593303469133 0.34808615586489705 0
1593304751524 0.32163568360987455 0
1593306042024 0.3440411708324913 0
1593307277185 0.4298608928808205 0
1593308527809 0.4670964985304014 0
1593309801211 0.43360395012883063 0
1593311086426 0.4147681907848267 0
1593312347502 0.45945362787799665 0
1593313606379 0.4913016543349749 0
1593314879168 0.3955582061666969 0
1593316153794 0.45820706158151464 0
1593317402905 0.4355888361884205 0
1593318654076 0.5049324257988248 0
1593319910825 0.39843266326600085 0
1593321168617 0.5039267532532954 0
1593322431954 0.4798913051397594 0
1593323699418 0.48108129060986776 0
1593324944170 0.4454955768053826 0
1593326212283 0.3995605059068391 0
1593327470000 0.4026749448030701 0
1593328735555 0.4668104474001331 0
1593329999085 0.41061574018607844 0
1593331257124 0.42876190013122084 0
1593332517822 0.4720869864227972 0
1593333782441 0.4458397335431155 0
1593335040787 0.46225871115413064 0
1593336300243 0.4804863087649231 0
1593337573699 0.44268812271335795 0
1593338840691 0.45872145650922974 0
1593340098887 0.4483521761750994 0
1593341359990 0.4589749628896365 0
1593342635944 0.45131857793283897 0
1593343910847 0.493682579727556 0
1593345173650 0.46825647917766877 0
1593346438209 0.4705622889415105 0
1593347704417 0.5044661426497775 0
1593348972026 0.4850759113152627 0
1593350254035 0.5014837984422374 0
1593351516314 0.5307255361023929 0
1593352793989 0.49723437931603226 0
1593354050547 0.51935716395583 0
1593355313211 0.5127179598614457 0
1593356574807 0.5035574966014679 0
1593357832454 0.5127596622864019 0
1593359099991 0.5186742272452316 0
1593360384935 0.530078506215342 0
1593361647848 0.5251985815126854 0
1593362942228 0.5217018504876998 0
1593364188579 0.5194889322612802 0
1593365446692 0.5190631381994502 0
1593366716964 0.5172453829958182 0
1593367981025 0.5244746222115242 0
1593369233613 0.5043531081156364 0
1593370481436 0.5175667774778128 0
1593371746981 0.4973439017289065 0
1593372988566 0.5159045737963075 0
1593374249259 0.5140377451663095 0
1593375500957 0.5098960666101146 0
1593376759937 0.5269447842809535 0
1593378017819 0.4991596267847308 0
1593379282974 0.5090391063380457 0
1593380547537 0.4676929968053822 0
1593381796424 0.5037921935548203 0
1593383077608 0.5012724708546308 0
1593384321570 0.4848543829054278 0
1593385522245 0.46125234917226776 0
1593386496369 0.5248042868973087 0
1593387494037 0.44907394023037855 0
1593388464993 0.48775048703499047 0
1593389440746 0.4695056014807403 0
1593390419098 0.4994672757387665 0
1593391402562 0.4789116466989418 0
1593392369980 0.5031987114103856 0
1593393395868 0.5035801325699547 0
1593394361555 0.44847323855782245 0
1593395325239 0.5129745550311628 0
1593396298849 0.45196359548269227 0
1593397269215 0.45949340292217067 0
