1593300942024 0.20098761150742578 0
1593302210519 0.20214231118393838 0
1593303469118 0.22544352705905213 0
1593304751512 0.21085481090037603 0
1593306042015 0.21974231594158194 0
1593307277174 0.20831075196229293 0
1593308527675 0.2051909150479913 0
1593309801200 0.2254725170892233 0
1593311086405 0.27774453035665714 0
1593312347479 0.2688182223681413 0
1593313606348 0.2463228001613291 0
1593314879138 0.24862702503223552 0
1593316153785 0.29142461719855184 0
1593317402875 0.2681077137743964 0
1593318653960 0.2624138616065227 0
1593319910809 0.23149954461324582 0
1593321168571 0.24398359501222427 0
1593322431942 0.2736705655361577 0
1593323699407 0.22818926963640507 0
1593324944147 0.3019041772991835 0
1593326212267 0.226155006953226 0
1593327469969 0.2542284293711064 0
1593328735541 0.2573826569414447 0
1593329999057 0.28240725352268714 0
1593331257096 0.29107666257807946 0
1593332517776 0.3146827163257085 0
1593333782431 0.3153724603705851 0
1593335040771 0.302606696734369 0
1593336300226 0.2874243109030368 0
1593337573690 0.2955513111636315 0
1593338840671 0.30362933658892416 0
1593340098876 0.2806592921317187 0
1593341359954 0.28545195932586676 0
1593342635926 0.2817265695763322 0
1593343910758 0.3265009156072503 0
1593345173636 0.3126352030929322 0
1593346438194 0.31334545445267864 0
1593347704392 0.3392888905282989 0
1593348972017 0.3551691744401188 0
1593350254026 0.3060527856532126 0
1593351516289 0.35349130166612885 0
1593352793979 0.34548916577135425 0
1593354050532 0.34531579949076274 0
1593355313202 0.33962559405713605 0
1593356574758 0.3238199350313306 0
1593357832438 0.33931076980171276 0
1593359099950 0.3456947590742916 0
1593360384911 0.3415474404248185 0
1593361647839 0.34690617819222513 0
1593362942218 0.3445576392074433 0
1593364188549 0.3438471461218712 0
1593365446671 0.34581655422690416 0
1593366716945 0.3449506056704794 0
1593367981008 0.34911171765599264 0
1593369233602 0.3485792249391159 0
1593370481355 0.3405411042545313 0
1593371746959 0.3269064889866153 0
1593372988534 0.33159734360726906 0
1593374249240 0.3485039515691835 0
1593375500938 0.34550913326609956 0
1593376759913 0.33857923984574256 0
1593378017795 0.32487888167536155 0
1593379282866 0.3183993469697539 0
1593380547522 0.3259339777710915 0
1593381796415 0.3457384165961907 0
1593383077568 0.3379524156202885 0
1593384321498 0.3239820840638501 0
1593385522227 0.3268960455300271 0
1593386496351 0.35967621780452363 0
1593387494028 0.2890807082050574 0
1593388464984 0.2888853205144726 0
1593389440736 0.3319805408996973 0
1593390419089 0.31966951189853293 0
1593391402553 0.32367067724247256 0
1593392369969 0.28289289407824453 0
1593393395859 0.3353188775962007 0
1593394361546 0.3049684806817742 0
1593395325222 0.33024482884492473 0
1593396298840 0.29013809986295763 0
1593397269205 0.31689569623893277 0
