1593300942043 0.2999667009277235 0
1593302210555 0.35982550551955045 0
1593303469132 0.35339382110027934 0
1593304751520 0.32763664089252104 0
1593306042023 0.35105491162667407 0
1593307277184 0.4470184087086118 0
1593308527808 0.48543012702245464 0
1593309801209 0.4429678278421081 0
1593311086422 0.4214985517413362 0
1593312347498 0.4684750365576205 0
1593313606371 0.5139562880512892 0
1593314879158 0.40473375534776096 0
1593316153793 0.46917043613176157 0
1593317402898 0.4435404693159204 0
1593318654032 0.5218425188079012 0
1593319910818 0.411471090164 0
1593321168609 0.5200893777616454 0
1593322431952 0.4918766823469863 0
1593323699416 0.4966025600785548 0
1593324944165 0.45475897387529873 0
1593326212282 0.4143749419343023 0
1593327469995 0.41173761255898933 0
1593328735553 0.47816966089783614 0
1593329999078 0.41887443570546434 0
1593331257121 0.4397840999181222 0
1593332517819 0.4843182373655793 0
1593333782440 0.45765594488442035 0
1593335040785 0.47738274660065955 0
1593336300236 0.496112572772905 0
1593337573698 0.4504498242168546 0
1593338840679 0.4678176780363904 0
1593340098886 0.4587949081943888 0
1593341359987 0.46849111729037324 0
1593342635940 0.4635058783516732 0
1593343910842 0.5059936744481658 0
1593345173649 0.48114421117792355 0
1593346438208 0.48125269752104016 0
1593347704413 0.5154467119029672 0
1593348972025 0.4955029162910388 0
1593350254034 0.5192402149742094 0
1593351516313 0.5456197120918799 0
1593352793987 0.5123735514449353 0
1593354050546 0.5304618244914978 0
1593355313209 0.5243434364430598 0
1593356574800 0.5150178912252238 0
1593357832453 0.5258117976571218 0
1593359099985 0.5342554536613988 0
1593360384930 0.5458202506533142 0
1593361647847 0.5386598029505039 0
1593362942226 0.5345428078790035 0
1593364188573 0.532441472528892 0
1593365446688 0.5323043441749595 0
1593366716963 0.5298290788791614 0
1593367981022 0.5387605780451734 0
1593369233610 0.516553957526993 0
1593370481435 0.5287696884593123 0
1593371746977 0.5102374737536578 0
1593372988560 0.5286418323108442 0
1593374249257 0.5269965217421252 0
1593375500953 0.5216022871106765 0
1593376759936 0.5404394817565878 0
1593378017813 0.5147956437748568 0
1593379282964 0.5216077007408632 0
1593380547530 0.4787735049819602 0
1593381796423 0.5178689322710301 0
1593383077602 0.5114047907123651 0
1593384321562 0.49723354409764275 0
1593385522241 0.4732611947213508 0
1593386496359 0.5399781172410386 0
1593387494036 0.46105797818915506 0
1593388464992 0.4984115086294831 0
1593389440745 0.4812144085214783 0
1593390419097 0.5116002098805477 0
1593391402561 0.48751805374292856 0
1593392369978 0.5152268054016371 0
1593393395867 0.5202717599959785 0
1593394361554 0.457522718118854 0
1593395325233 0.5231903681405138 0
1593396298848 0.46840110159488113 0
1593397269214 0.46818566801453393 0
