1593300942053 0.2812402352285523 0
1593302210563 0.3243359896816412 0
1593303469140 0.3225117612878185 0
1593304751564 0.30050714348026175 0
1593306042087 0.31749261971705006 0
1593307277189 0.38756698494323816 0
1593308527816 0.4228392247047829 0
1593309801215 0.39475751488030175 0
1593311086434 0.38569380377585627 0
1593312347520 0.4199910792863469 0
1593313606388 0.44180582343969205 0
1593314879174 0.3610688799211818 0
1593316153796 0.4221340101695861 0
1593317402917 0.4046827217527334 0
1593318654088 0.45454302240293715 0
1593319910831 0.36400512384215716 0
1593321168634 0.4529569900916438 0
1593322431961 0.4370820918335769 0
1593323699423 0.43347291787043596 0
1593324944182 0.41363208357301395 0
1593326212289 0.3697559165978633 0
1593327470009 0.37000580402006295 0
1593328735563 0.4276636201483859 0
1593329999094 0.37932703293094705 0
1593331257132 0.40107367408808453 0
1593332517833 0.4323001775705593 0
1593333782443 0.41247283807054996 0
1593335040792 0.41973919370017787 0
1593336300247 0.4423858992386464 0
1593337573701 0.41245397743951545 0
1593338840701 0.42183588597851646 0
1593340098891 0.41364469711815766 0
1593341360001 0.42604239691033013 0
1593342635952 0.4158379490514935 0
1593343910866 0.4602841802073415 0
1593345173656 0.4330650963325572 0
1593346438211 0.43644238691098314 0
1593347704429 0.4651980754533457 0
1593348972030 0.45036892386789157 0
1593350254040 0.4629908097504009 0
1593351516316 0.4886550085538477 0
1593352793995 0.4641272294239525 0
1593354050559 0.4790733506847012 0
1593355313215 0.4714588430238615 0
1593356574820 0.45717994399513956 0
1593357832459 0.47454281313531155 0
1593359100004 0.48100450954352214 0
1593360384943 0.4877942257396164 0
1593361647857 0.48444962020440757 0
1593362942230 0.4819128368054377 0
1593364188590 0.47815454526021683 0
1593365446746 0.4778263650261121 0
1593366716972 0.47552468580959956 0
1593367981031 0.4849535944519282 0
1593369233618 0.46523831314274416 0
1593370481440 0.47616915455357184 0
1593371746990 0.4611945177334046 0
1593372988573 0.47723968884927226 0
1593374249261 0.47846488534645265 0
1593375500966 0.46610844646447364 0
1593376759940 0.48383046514697325 0
1593378017826 0.46131821675220824 0
1593379282991 0.4643482177816753 0
1593380547552 0.43305408710511467 0
1593381796498 0.46122479116702436 0
1593383077622 0.4598257628281476 0
1593384321586 0.44700998243902995 0
1593385522247 0.42429933110755585 0
1593386496374 0.4854042959946369 0
1593387494039 0.4075054369502969 0
1593388464996 0.44354116060741244 0
1593389440748 0.43762037223951133 0
1593390419102 0.4633786412844558 0
1593391402563 0.4449205111075402 0
1593392369982 0.4642017250044914 0
1593393395873 0.4546045212865261 0
1593394361561 0.4117807765643638 0
1593395325241 0.4761931616022356 0
1593396298853 0.4123719408019666 0
1593397269217 0.4277829129422439 0
