1593300827573 -4.255041293574102 0
1593302128968 -4.871001449046713 0
1593303394784 -4.9544789705312615 0
1593304681676 -4.99955381091797 0
1593305956092 -5.028691447593949 0
1593307194100 -5.011208612810481 0
1593308445012 -5.013019256519549 0
1593309717772 -5.059923040144371 0
1593311002470 -5.0660374236829355 0
1593312259488 -5.052432121200995 0
1593313523216 -5.072818972396128 0
1593314794451 -5.052775848544005 0
1593316078227 -5.056211403373516 0
1593317322301 -5.098622470642582 0
1593318575716 -5.0806830462181205 0
1593319830460 -5.1173416922489805 0
1593321098652 -5.150383859421268 0
1593322355523 -5.08758311967055 0
1593323618877 -5.14412747188048 0
1593324870399 -5.177697337938078 0
1593326136561 -5.159641202200543 0
1593327392458 -5.167719734437538 0
1593328658182 -5.164334684158817 0
1593329923761 -5.192005396340832 0
1593331184843 -5.1566537803772725 0
1593332450022 -5.143722479090546 0
1593333707134 -5.177884833830776 0
1593334966367 -5.185670046643778 0
1593336223397 -5.153902601112019 0
1593337506098 -5.201499104499817 0
1593338778081 -5.167012151895148 0
1593340040433 -5.180585834113034 0
1593341294458 -5.196281571279872 0
1593342562298 -5.201618563045155 0
1593343836884 -5.2076628596493695 0
1593345093736 -5.203946981014627 0
1593346361721 -5.210807000145768 0
1593347631423 -5.207062830979174 0
1593348904331 -5.247555833422776 0
1593350177165 -5.1962758835518 0
1593351441416 -5.241159860834931 0
1593352710693 -5.246069757775827 0
1593353967340 -5.225479475928076 0
1593355230256 -5.263923354672663 0
1593356490515 -5.23053877055645 0
1593357744807 -5.233837645162236 0
1593359014534 -5.23180211132223 0
1593360295969 -5.2479514637679765 0
1593361564948 -5.254517498793024 0
1593362857443 -5.252151803536848 0
1593364101969 -5.210025128541571 0
1593365369209 -5.246624756491546 0
1593366632088 -5.26409834894267 0
1593367895626 -5.245978556799166 0
1593369150368 -5.24004187186559 0
1593370396300 -5.245542165004846 0
1593371660148 -5.250676628766638 0
1593372901151 -5.224792830420263 0
1593374164830 -5.237316877552957 0
1593375426468 -5.239964280616153 0
1593376684159 -5.251000146522666 0
1593377942242 -5.254576875856428 0
1593379196453 -5.25705249562408 0
1593380461132 -5.210690757993496 0
1593381717942 -5.229221668658835 0
1593382990192 -5.2169398344827425 0
1593384234001 -5.242763414527431 0
1593385458027 -5.209325794017676 0
1593386438468 -5.208358865795714 0
1593387429226 -5.20665288558512 0
1593388403155 -5.183101906469374 0
1593389379815 -5.217931577202045 0
1593390354518 -5.192464233347864 0
1593391340422 -5.206585309722207 0
1593392308318 -5.165256214412776 0
1593393345799 -5.174698469765259 0
1593394311732 -5.18620187540849 0
1593395272980 -5.178467547351664 0
1593396243580 -5.170623611320149 0
