1593300827569 0.4750304152681069 0
1593302128964 0.46717892304965947 0
1593303394776 0.46601392181985307 0
1593304681672 0.46255556471420056 0
1593305956088 0.46268200117981795 0
1593307194096 0.4588651794262908 0
1593308445007 0.4588089874296477 0
1593309717766 0.45833793005934265 0
1593311002462 0.455923429266973 0
1593312259481 0.4566767201617812 0
1593313523211 0.45504965384801227 0
1593314794447 0.4545917895932992 0
1593316078222 0.4538805538957769 0
1593317322296 0.45255042748017743 0
1593318575711 0.45243903740563174 0
1593319830456 0.45065635160514805 0
1593321098648 0.45007420144975185 0
1593322355516 0.44782449169592425 0
1593323618873 0.44680139298240346 0
1593324870394 0.4464220754576452 0
1593326136556 0.4443194161197453 0
1593327392452 0.44587257374642475 0
1593328658177 0.4450626266612248 0
1593329923756 0.4429142771458084 0
1593331184839 0.4441805217753757 0
1593332450017 0.4428268801985365 0
1593333707130 0.4419915656926054 0
1593334966362 0.4422094567368428 0
1593336223392 0.44022562140316673 0
1593337506093 0.4383936370299621 0
1593338778076 0.43962662294507027 0
1593340040429 0.43796320389391796 0
1593341294453 0.43587609408705524 0
1593342562293 0.4356797244964224 0
1593343836879 0.4351716415222847 0
1593345093732 0.43530594952630275 0
1593346361716 0.434012916390643 0
1593347631418 0.4350204420360652 0
1593348904326 0.4338799311468999 0
1593350177160 0.4341426795969407 0
1593351441410 0.43139361234551127 0
1593352710689 0.43324228280195687 0
1593353967336 0.4321621713426077 0
1593355230252 0.43094573875494074 0
1593356490510 0.43332053286333877 0
1593357744802 0.43058898988546745 0
1593359014528 0.430780437577403 0
1593360295965 0.43106681080252834 0
1593361564944 0.43051757556245185 0
1593362857439 0.4325040712613951 0
1593364101962 0.43151343817060644 0
1593365369204 0.4315021124414422 0
1593366632081 0.4307916982833183 0
1593367895621 0.4311905410140753 0
1593369150364 0.4313129745423794 0
1593370396295 0.4320466597987847 0
1593371660143 0.43059290493979596 0
1593372901146 0.43113895257314044 0
1593374164825 0.43167192776772106 0
1593375426464 0.43138464184647257 0
1593376684154 0.43173963644287805 0
1593377942237 0.43205587199014245 0
1593379196448 0.43220083968657436 0
1593380461128 0.4320334147549037 0
1593381717937 0.43212790262292733 0
1593382990187 0.4330434343128493 0
1593384233997 0.4322964277569995 0
1593385458022 0.4333231969538963 0
1593386438463 0.43361983436978224 0
1593387429221 0.43344990463193617 0
1593388403150 0.43441871231929824 0
1593389379810 0.4341554909267209 0
1593390354513 0.4352945912855141 0
1593391340416 0.4348172794350169 0
1593392308313 0.4359746807339517 0
1593393345794 0.4362929385494102 0
1593394311728 0.4353687556065393 0
1593395272976 0.4355723654117548 0
1593396243576 0.4360669164946585 0
