1593300827571 0.2647542405139768 0
1593302128966 0.2003847144431237 0
1593303394780 0.1878494577425899 0
1593304681674 0.1807741571048444 0
1593305956090 0.17905061624266885 0
1593307194098 0.17549512279925472 0
1593308445010 0.1736818324972057 0
1593309717769 0.16944663690854656 0
1593311002466 0.16948347557053872 0
1593312259486 0.1687108505037472 0
1593313523214 0.16701107438315044 0
1593314794449 0.16492757712011086 0
1593316078225 0.16465847539913023 0
1593317322299 0.1582877621985972 0
1593318575714 0.1602447644638067 0
1593319830459 0.15853932742593865 0
1593321098650 0.15333103165594916 0
1593322355521 0.15312376261378327 0
1593323618875 0.1519009576771747 0
1593324870397 0.14883418303603926 0
1593326136559 0.15041348740289157 0
1593327392454 0.14895300704026312 0
1593328658179 0.14384581147213327 0
1593329923759 0.14538060371397118 0
1593331184842 0.14446142108433627 0
1593332450020 0.14101159486524534 0
1593333707132 0.14060968440026045 0
1593334966364 0.13921583998440343 0
1593336223395 0.13685468403678952 0
1593337506095 0.13908370228653605 0
1593338778079 0.13863427213139154 0
1593340040431 0.13458002676876882 0
1593341294456 0.13400521781295538 0
1593342562295 0.13372882331411043 0
1593343836882 0.13041612057184632 0
1593345093734 0.13121331347660584 0
1593346361719 0.12905037328318664 0
1593347631421 0.1309370847814011 0
1593348904329 0.12832219857778965 0
1593350177163 0.12822173741843665 0
1593351441414 0.12668139953166246 0
1593352710691 0.1263942694658357 0
1593353967338 0.12504450312222948 0
1593355230254 0.12535480637752422 0
1593356490513 0.12399482633918524 0
1593357744804 0.12459147281267426 0
1593359014531 0.12486975840433981 0
1593360295967 0.12437616370505455 0
1593361564946 0.1245261262820074 0
1593362857441 0.12292423159250933 0
1593364101965 0.12433628413374677 0
1593365369207 0.12275771537061894 0
1593366632085 0.12368531772076632 0
1593367895624 0.12391974693728668 0
1593369150366 0.12463075173736522 0
1593370396298 0.12402806479032293 0
1593371660146 0.12486649845077684 0
1593372901149 0.12473165657314839 0
1593374164828 0.12388225931279136 0
1593375426466 0.1241356787469351 0
1593376684157 0.1251933958776521 0
1593377942240 0.12681070802676858 0
1593379196451 0.12593360480880647 0
1593380461130 0.1252221563464087 0
1593381717940 0.12610346488090177 0
1593382990190 0.12670550800182603 0
1593384233999 0.12667319672464422 0
1593385458025 0.12845399908044122 0
1593386438466 0.13086808623858925 0
1593387429224 0.12788906462039007 0
1593388403153 0.12744065230204302 0
1593389379813 0.1297908858396113 0
1593390354516 0.13286457395632612 0
1593391340420 0.13054809623369665 0
1593392308316 0.13305517123786337 0
1593393345797 0.13460878312418406 0
1593394311730 0.1309718317211126 0
1593395272978 0.13562676917310013 0
1593396243578 0.13429660033999066 0
1593397210607 0.13560231741179118 0
