1593300827575 -2.818940118180983 0
1593302128969 -3.523095709045954 0
1593303394786 -3.621726900734233 0
1593304681677 -3.6817057061037333 0
1593305956093 -3.714721600002976 0
1593307194102 -3.704561732949294 0
1593308445013 -3.7093294946279265 0
1593309717773 -3.7634005093185063 0
1593311002471 -3.77162564578325 0
1593312259489 -3.760252885534569 0
1593313523217 -3.7833770157233104 0
1593314794452 -3.767333917728992 0
1593316078228 -3.7715822028306625 0
1593317322302 -3.8249941069040108 0
1593318575717 -3.8045592041488625 0
1593319830461 -3.847061824829628 0
1593321098653 -3.887904678894715 0
1593322355524 -3.8273480073689963 0
1593323618878 -3.886360022070056 0
1593324870400 -3.9236660654317927 0
1593326136562 -3.909110800490122 0
1593327392459 -3.9165855314667253 0
1593328658183 -3.9200710089397477 0
1593329923762 -3.948258491628098 0
1593331184844 -3.9138416915031318 0
1593332450023 -3.9069951113849655 0
1593333707135 -3.942310474107437 0
1593334966368 -3.9528004490121296 0
1593336223398 -3.925232189382906 0
1593337506099 -3.9743990644981917 0
1593338778082 -3.936589482508487 0
1593340040434 -3.9580513465034803 0
1593341294459 -3.977375853806734 0
1593342562299 -3.9832872237558616 0
1593343836885 -3.994955141633523 0
1593345093738 -3.9905198786379485 0
1593346361722 -4.001795676042975 0
1593347631424 -3.994707542584475 0
1593348904332 -4.040352667103324 0
1593350177166 -3.9907902358946474 0
1593351441418 -4.039011151473405 0
1593352710694 -4.04254609126259 0
1593353967341 -4.025585439606485 0
1593355230257 -4.064195375445045 0
1593356490516 -4.030481729007354 0
1593357744808 -4.036126588809896 0
1593359014535 -4.0320755189962005 0
1593360295970 -4.050162087307509 0
1593361564949 -4.057968065481294 0
1593362857444 -4.053668894487518 0
1593364101970 -4.01104056335647 0
1593365369210 -4.050182668266423 0
1593366632089 -4.067282508169725 0
1593367895627 -4.048240984155035 0
1593369150370 -4.040468708612025 0
1593370396301 -4.045231137678704 0
1593371660149 -4.052655953758706 0
1593372901152 -4.025758029639044 0
1593374164831 -4.0411358589278255 0
1593375426483 -4.041585986022696 0
1593376684160 -4.051398471788024 0
1593377942243 -4.052587245703872 0
1593379196454 -4.055937469951019 0
1593380461133 -4.00895594789957 0
1593381717943 -4.027752494947477 0
1593382990193 -4.012936304563262 0
1593384234002 -4.038778989039587 0
1593385458028 -4.001373495906591 0
1593386438469 -3.999106487922483 0
1593387429227 -4.000277196565135 0
1593388403156 -3.975129499354146 0
1593389379816 -4.0084993865933605 0
1593390354519 -3.9792610667222603 0
1593391340423 -3.996222699427921 0
1593392308319 -3.9483150983596165 0
1593393345800 -3.9555552613385245 0
1593394311733 -3.9737499631433324 0
1593395272982 -3.9592698441084586 0
1593396243581 -3.951682905158536 0
