1592726385949 0.5513511897559047 0
1592726803373 0.4887953968937848 0
1592727221489 0.5280134005185878 0
1592727640113 0.5994729333999981 0
1592728057786 0.6763932392542827 0
1592728477537 0.2055231012240686 0
1592728896043 0.56777519138126 0
1592729314997 0.773962528254176 0
1592729733352 0.4979512173144786 0
1592730152537 0.6121303954547138 0
1592730571615 0.6630679626759881 0
1592730991218 0.6693689798049732 0
1592731410117 0.6681688736439452 0
1592731829976 0.66887356560577 0
1592732248956 0.6776132165488367 0
1592732668919 0.656761763952276 0
1592733087982 0.6560271021501665 0
1592733507968 0.6475460748310078 0
1592733927088 0.6589883057625289 0
1592734347313 0.6383430386411953 0
1592734767454 0.6575507820264687 0
1592735187675 0.6570135679044248 0
1592735607095 0.6637953962657409 0
1592736027563 0.6641244880985968 0
1592736446643 0.6620184718581953 0
1592736866871 0.659182734051292 0
1592737285825 0.6609091782471365 0
1592737706223 0.6689335070597856 0
1592738125761 0.6622735786138282 0
1592738546097 0.6647656305700117 0
1592738965771 0.6644023535375974 0
1592739386151 0.6658366225356765 0
1592739805722 0.6647818794420111 0
1592740226401 0.6636518711519668 0
1592740646107 0.6634283215439948 0
1592741067104 0.6634518334108657 0
1592741486918 0.6646667562894811 0
1592741907573 0.6670947540204647 0
1592742327043 0.6647207507339147 0
1592742747624 0.6659272490936929 0
1592743167342 0.6655628345228234 0
1592743589742 0.6656785414861585 0
1592744008862 0.6658349040664538 0
1592744428921 0.6658118437670654 0
1592744847874 0.6660439556533068 0
1592745268227 0.6659606041626638 0
1592745687373 0.6660926433358586 0
1592746107314 0.6661508847565568 0
1592746526167 0.6656568560167929 0
1592746946380 0.6655221787352255 0
1592747365605 0.6656181010447696 0
1592747785682 0.6657142179228932 0
1592748204724 0.6658595329659067 0
1592748624701 0.665763610656362 0
1592749043778 0.6656369111351988 0
1592749464050 0.6655578472515807 0
1592749883489 0.6655578472515811 0
1592750303639 0.6655578472515811 0
1592750722815 0.665557847251581 0
1592751142502 0.6655483811954023 0
1592751561837 0.6655483811954025 0
1592751982225 0.6654216816742391 0
1592752401432 0.6654216816742392 0
1592752821461 0.6654216816742388 0
1592753240377 0.6654216816742391 0
1592753660752 0.6654216816742388 0
1592754079900 0.665421681674239 0
1592754499940 0.6654216816742392 0
1592754919151 0.665421681674239 0
1592755338997 0.665421681674239 0
1592755758168 0.6654216816742387 0
1592756177924 0.665421681674239 0
1592756596792 0.665421681674239 0
1592757016861 0.6654216816742388 0
1592757435984 0.665421681674239 0
1592757856126 0.6654216816742388 0
1592758275221 0.665421681674239 0
1592758695104 0.6654216816742388 0
1592759114237 0.6654216816742392 0
1592759534517 0.6654216816742391 0
1592759953684 0.665421681674239 0
1592760373785 0.6654216816742388 0
1592760792609 0.665421681674239 0
1592761212582 0.6654216816742387 0
1592761631867 0.6654216816742385 0
1592762051836 0.665421681674239 0
1592762470756 0.665421681674239 0
1592762890392 0.6654216816742391 0
1592763309236 0.665421681674239 0
1592763728617 0.665421681674239 0
1592764147824 0.665421681674239 0
1592764567644 0.6654216816742385 0
1592764986564 0.665421681674239 0
1592765406460 0.665421681674239 0
1592765825474 0.665421681674239 0
1592766245388 0.6654216816742388 0
1592766664428 0.665421681674239 0
1592767084453 0.6654216816742387 0
1592767503400 0.665421681674239 0
1592767923361 0.665421681674239 0
