1592726385937 0.28837671414288474 0
1592726803361 0.26525968749329315 0
1592727221477 0.2988331186490206 0
1592727640099 0.38455604814634087 0
1592728057774 0.48631212916129585 0
1592728477525 0.19874084562094865 0
1592728896031 0.36433039464376116 0
1592729314985 0.6526446523654983 0
1592729733339 0.29219862732154495 0
1592730152524 0.4216474862074707 0
1592730571603 0.4699629945690977 0
1592730991205 0.4701964323477105 0
1592731410104 0.47602643783534243 0
1592731829965 0.4654300073373476 0
1592732248936 0.47618193159754446 0
1592732668907 0.46485820858562454 0
1592733087971 0.4637886534729634 0
1592733507957 0.45116269510240337 0
1592733927074 0.4727974936909453 0
1592734347302 0.44665268236641587 0
1592734767442 0.4710742032564424 0
1592735187663 0.47013341757011906 0
1592735607083 0.4779432301209887 0
1592736027551 0.47764273060621676 0
1592736446630 0.47352967044361477 0
1592736866850 0.4707190244753435 0
1592737285812 0.46992136029512777 0
1592737706203 0.4791705645837007 0
1592738125748 0.4719761560324513 0
1592738546084 0.47856721120713697 0
1592738965759 0.47933964441178584 0
1592739386138 0.4794692154901858 0
1592739805705 0.47932191595240725 0
1592740226389 0.477854606550309 0
1592740646095 0.4768943108559813 0
1592741067090 0.47732835828993303 0
1592741486901 0.47798203788928006 0
1592741907560 0.48067812326137643 0
1592742327030 0.47774872363291726 0
1592742747611 0.4788510655859991 0
1592743167329 0.4787009037195425 0
1592743589730 0.4790030789036387 0
1592744008840 0.47876458564747465 0
1592744428903 0.4788218569891396 0
1592744847861 0.47937352517488047 0
1592745268215 0.479633271894525 0
1592745687360 0.4795769112343494 0
1592746107301 0.4795586736323967 0
1592746526155 0.47961682562706526 0
1592746946368 0.4797007656280758 0
1592747365593 0.4797605456376405 0
1592747785670 0.4797605456376405 0
1592748204712 0.47974789986638644 0
1592748624688 0.47974789986638655 0
1592749043753 0.4796226639674934 0
1592749464037 0.4795639968836384 0
1592749883473 0.4796205579696115 0
1592750303628 0.47956399688363843 0
1592750722802 0.47956399688363843 0
1592751142483 0.47963267169655865 0
1592751561824 0.4796807301356207 0
1592751982213 0.47961205532270057 0
1592752401420 0.47961205532270007 0
1592752821446 0.4796120553227005 0
1592753240365 0.4796120553227001 0
1592753660741 0.4796120553227005 0
1592754079886 0.47961205532270057 0
1592754499928 0.4796120553227003 0
1592754919138 0.47961205532270024 0
1592755338981 0.47961205532270035 0
1592755758157 0.4796120553227003 0
1592756177913 0.47961205532270035 0
1592756596780 0.4796120553227003 0
1592757016849 0.47961205532270035 0
1592757435971 0.4796120553227005 0
1592757856114 0.4796120553227003 0
1592758275208 0.4796120553227003 0
1592758695086 0.47961205532270057 0
1592759114225 0.4796120553227004 0
1592759534505 0.4796120553227004 0
1592759953671 0.4796120553227001 0
1592760373771 0.4796120553227003 0
1592760792595 0.47961205532270024 0
1592761212571 0.47961205532270035 0
1592761631853 0.4796120553227004 0
1592762051821 0.4796120553227 0
1592762470741 0.4796120553227004 0
1592762890380 0.47961205532270035 0
1592763309223 0.4796120553227004 0
1592763728599 0.47961205532270007 0
1592764147813 0.4796120553227004 0
1592764567631 0.4796120553227003 0
1592764986550 0.4796120553227003 0
1592765406447 0.47961205532270057 0
1592765825463 0.47961205532270035 0
1592766245375 0.47961205532270035 0
1592766664416 0.47961205532270057 0
1592767084441 0.4796120553227004 0
1592767503387 0.4796120553227004 0
1592767923350 0.4796120553227003 0
