1592726385960 0.4414031563584291 0
1592726803383 0.42975774655630344 0
1592727221501 0.45187289836463096 0
1592727640126 0.5254848669159798 0
1592728057801 0.510590916206707 0
1592728477548 0.17300239657421232 0
1592728896053 0.4752999723573935 0
1592729315007 0.6428028156364602 0
1592729733364 0.43556372326092735 0
1592730152547 0.5264911059169571 0
1592730571624 0.5797384426582497 0
1592730991228 0.5821196584181066 0
1592731410127 0.5818944260248554 0
1592731829986 0.576616013367393 0
1592732248969 0.5895796396132079 0
1592732668929 0.5703994916919893 0
1592733087992 0.5660814572100807 0
1592733507978 0.5622717318974164 0
1592733927097 0.575516900431766 0
1592734347323 0.5590222111895635 0
1592734767464 0.5742655846486594 0
1592735187687 0.5728872050247288 0
1592735607105 0.5806963541229809 0
1592736027574 0.5796702802910847 0
1592736446654 0.57743391783146 0
1592736866885 0.5771099151783474 0
1592737285839 0.5793430590845073 0
1592737706239 0.5840056220898487 0
1592738125771 0.5809683234211027 0
1592738546106 0.5792276675943083 0
1592738965781 0.5794694730829673 0
1592739386161 0.5806786257332235 0
1592739805734 0.5795175139799551 0
1592740226410 0.5790165209132655 0
1592740646117 0.5792914506126242 0
1592741067115 0.5790777940728371 0
1592741486932 0.5801026029854556 0
1592741907582 0.5827934096281896 0
1592742327056 0.5797432862967675 0
1592742747635 0.5803347153180889 0
1592743167352 0.5803129454696782 0
1592743589752 0.5805979241173137 0
1592744008877 0.5807978543762496 0
1592744428931 0.5807790622460224 0
1592744847884 0.5809563169838646 0
1592745268241 0.5811350794307897 0
1592745687383 0.5812459752084024 0
1592746107326 0.581348336433288 0
1592746526176 0.5808328897061186 0
1592746946391 0.5807342900879499 0
1592747365614 0.5808021466879542 0
1592747785691 0.580872069551995 0
1592748204734 0.5809782787023219 0
1592748624711 0.580910422102317 0
1592749043788 0.5808232606374467 0
1592749464060 0.5807540797392807 0
1592749883500 0.5807540797392811 0
1592750303649 0.5807540797392811 0
1592750722825 0.5807540797392813 0
1592751142528 0.5807050756268096 0
1592751561848 0.5807050756268096 0
1592751982235 0.5806179141619391 0
1592752401450 0.580617914161939 0
1592752821472 0.5806179141619388 0
1592753240386 0.5806179141619391 0
1592753660762 0.5806179141619389 0
1592754079910 0.5806179141619388 0
1592754499951 0.5806179141619391 0
1592754919160 0.5806179141619391 0
1592755339007 0.5806179141619386 0
1592755758178 0.5806179141619389 0
1592756177933 0.5806179141619388 0
1592756596803 0.5806179141619389 0
1592757016872 0.580617914161939 0
1592757435994 0.5806179141619389 0
1592757856136 0.580617914161939 0
1592758275230 0.5806179141619389 0
1592758695121 0.580617914161939 0
1592759114248 0.5806179141619388 0
1592759534531 0.580617914161939 0
1592759953693 0.5806179141619386 0
1592760373795 0.580617914161939 0
1592760792622 0.5806179141619389 0
1592761212592 0.5806179141619389 0
1592761631880 0.5806179141619389 0
1592762051847 0.580617914161939 0
1592762470765 0.5806179141619389 0
1592762890401 0.580617914161939 0
1592763309246 0.5806179141619386 0
1592763728632 0.5806179141619388 0
1592764147834 0.580617914161939 0
1592764567653 0.5806179141619391 0
1592764986574 0.5806179141619394 0
1592765406471 0.5806179141619388 0
1592765825484 0.5806179141619389 0
1592766245398 0.5806179141619386 0
1592766664438 0.5806179141619389 0
1592767084465 0.5806179141619389 0
1592767503410 0.5806179141619391 0
1592767923371 0.580617914161939 0
