1592726385941 0.2786676302014132 0
1592726803365 0.25944025441568497 0
1592727221481 0.291944559566788 0
1592727640104 0.3754619484051878 0
1592728057778 0.451835711385805 0
1592728477530 0.18890890008693825 0
1592728896035 0.3518218142520338 0
1592729314989 0.6169046224168897 0
1592729733343 0.28453326114784305 0
1592730152528 0.4096913770545961 0
1592730571607 0.4586171798283693 0
1592730991210 0.45752862183671184 0
1592731410108 0.4647794666222974 0
1592731829969 0.4520496015431354 0
1592732248940 0.4636189005786298 0
1592732668911 0.4529605999826282 0
1592733087975 0.45142526470325844 0
1592733507960 0.43939519435574276 0
1592733927079 0.4619604818162748 0
1592734347306 0.4349338869100888 0
1592734767446 0.4594789835500282 0
1592735187667 0.4579742402459243 0
1592735607087 0.4656331306140426 0
1592736027555 0.4661123287755427 0
1592736446634 0.46135349775984025 0
1592736866857 0.45834172993566286 0
1592737285816 0.4586371864950104 0
1592737706209 0.4667338237597747 0
1592738125752 0.4602647939213393 0
1592738546088 0.46509195975797146 0
1592738965763 0.46589385786524423 0
1592739386142 0.4663554442414166 0
1592739805709 0.46618336080073464 0
1592740226393 0.4648833124475672 0
1592740646099 0.46376477560580764 0
1592741067095 0.46373042534940156 0
1592741486905 0.4643794339257272 0
1592741907564 0.46729395082484587 0
1592742327034 0.46452356013789725 0
1592742747616 0.46511560297529536 0
1592743167334 0.46497490053952933 0
1592743589734 0.46539163911855425 0
1592744008846 0.46503351900550827 0
1592744428907 0.46532938878574837 0
1592744847865 0.46602055789292746 0
1592745268219 0.46640818416853813 0
1592745687364 0.4663567649147384 0
1592746107305 0.4662089790639305 0
1592746526159 0.4661829308716851 0
1592746946372 0.4662391350946924 0
1592747365597 0.4662989151042571 0
1592747785674 0.46629891510425714 0
1592748204716 0.4662862693330032 0
1592748624692 0.466286269333003 0
1592749043761 0.46617197117132964 0
1592749464041 0.466117782829326 0
1592749883477 0.46616859583745623 0
1592750303632 0.4661177828293261 0
1592750722806 0.46611778282932625 0
1592751142489 0.4661812679828693 0
1592751561828 0.4662293264219313 0
1592751982217 0.4661658412683881 0
1592752401424 0.46616584126838767 0
1592752821450 0.4661658412683882 0
1592753240369 0.46616584126838784 0
1592753660744 0.4661658412683881 0
1592754079891 0.4661658412683883 0
1592754499932 0.46616584126838795 0
1592754919142 0.46616584126838767 0
1592755338987 0.466165841268388 0
1592755758161 0.4661658412683877 0
1592756177917 0.46616584126838795 0
1592756596784 0.46616584126838795 0
1592757016853 0.46616584126838784 0
1592757435975 0.4661658412683882 0
1592757856118 0.4661658412683882 0
1592758275213 0.4661658412683877 0
1592758695095 0.4661658412683879 0
1592759114229 0.4661658412683881 0
1592759534509 0.466165841268388 0
1592759953676 0.466165841268388 0
1592760373777 0.46616584126838784 0
1592760792600 0.46616584126838795 0
1592761212575 0.46616584126838767 0
1592761631859 0.466165841268388 0
1592762051827 0.4661658412683877 0
1592762470746 0.46616584126838784 0
1592762890384 0.466165841268388 0
1592763309228 0.466165841268388 0
1592763728603 0.4661658412683876 0
1592764147817 0.46616584126838784 0
1592764567636 0.4661658412683879 0
1592764986556 0.4661658412683877 0
1592765406452 0.46616584126838795 0
1592765825467 0.4661658412683879 0
1592766245380 0.4661658412683881 0
1592766664421 0.4661658412683881 0
1592767084445 0.4661658412683881 0
1592767503391 0.466165841268388 0
1592767923353 0.466165841268388 0
