1592726385934 0.2896914494943517 0
1592726803359 0.26696651429401824 0
1592727221475 0.30076718635203814 0
1592727640097 0.38731653570689 0
1592728057772 0.49566644641255775 0
1592728477523 0.20108591387310568 0
1592728896029 0.36764586308430885 0
1592729314983 0.6607632979868983 0
1592729733337 0.2935786307448425 0
1592730152522 0.42488011392603653 0
1592730571601 0.47500365869265454 0
1592730991203 0.4741245227686608 0
1592731410101 0.4814078755442535 0
1592731829963 0.468697193547342 0
1592732248934 0.48090914762034015 0
1592732668905 0.4691073271011255 0
1592733087969 0.46885889594846525 0
1592733507955 0.45561255559894903 0
1592733927070 0.47771085770031757 0
1592734347300 0.4492702766429991 0
1592734767439 0.4745241889338479 0
1592735187660 0.47418755157598835 0
1592735607081 0.48135485897240343 0
1592736027548 0.48168286109265673 0
1592736446628 0.47746125974482556 0
1592736866848 0.4750293700549595 0
1592737285810 0.47364756694985133 0
1592737706199 0.4831193846475676 0
1592738125746 0.4763787131817629 0
1592738546082 0.48234299038332673 0
1592738965757 0.4829359765486484 0
1592739386136 0.4836667953308822 0
1592739805703 0.4835175576176156 0
1592740226386 0.482038978918986 0
1592740646093 0.48072607108912424 0
1592741067087 0.48092801330279983 0
1592741486899 0.48193714646551317 0
1592741907557 0.4847499597393551 0
1592742327027 0.4816893691003841 0
1592742747609 0.4826221203628305 0
1592743167326 0.48246342224190897 0
1592743589728 0.4826109365278295 0
1592744008836 0.4823655597508503 0
1592744428901 0.4826665661339227 0
1592744847859 0.4832296037678469 0
1592745268212 0.4834893504874912 0
1592745687359 0.48343298982731553 0
1592746107299 0.48341159705579917 0
1592746526153 0.4832216410353318 0
1592746946366 0.48331236175132747 0
1592747365591 0.48337214176089227 0
1592747785668 0.4833721417608921 0
1592748204710 0.4833594959896382 0
1592748624686 0.48335949598963823 0
1592749043751 0.48323426009074505 0
1592749464034 0.48317559300688995 0
1592749883470 0.483232154092863 0
1592750303626 0.4831755930068902 0
1592750722800 0.48317559300689006 0
1592751142479 0.48324426781981017 0
1592751561822 0.48329232625887225 0
1592751982210 0.48322365144595225 0
1592752401417 0.48322365144595186 0
1592752821444 0.483223651445952 0
1592753240364 0.48322365144595186 0
1592753660738 0.483223651445952 0
1592754079883 0.4832236514459522 0
1592754499926 0.48322365144595214 0
1592754919136 0.4832236514459519 0
1592755338978 0.483223651445952 0
1592755758155 0.483223651445952 0
1592756177911 0.48322365144595186 0
1592756596778 0.4832236514459518 0
1592757016847 0.483223651445952 0
1592757435968 0.48322365144595225 0
1592757856112 0.483223651445952 0
1592758275206 0.4832236514459521 0
1592758695082 0.48322365144595214 0
1592759114223 0.48322365144595214 0
1592759534503 0.4832236514459521 0
1592759953668 0.4832236514459518 0
1592760373769 0.4832236514459519 0
1592760792592 0.48322365144595186 0
1592761212569 0.483223651445952 0
1592761631850 0.4832236514459521 0
1592762051817 0.4832236514459517 0
1592762470737 0.4832236514459522 0
1592762890378 0.483223651445952 0
1592763309220 0.4832236514459519 0
1592763728597 0.48322365144595164 0
1592764147811 0.48322365144595214 0
1592764567629 0.4832236514459521 0
1592764986548 0.4832236514459519 0
1592765406445 0.48322365144595214 0
1592765825461 0.4832236514459521 0
1592766245373 0.48322365144595186 0
1592766664414 0.4832236514459522 0
1592767084438 0.483223651445952 0
1592767503384 0.48322365144595186 0
1592767923348 0.483223651445952 0
