1592726356925 0.8627614087286765 0
1592726779243 0.730978214362594 0
1592727197324 0.694839545344976 0
1592727616184 0.6699244940104503 0
1592728034048 0.6564398197180378 0
1592728452781 0.6432784830855782 0
1592728872079 0.629321199163832 0
1592729291318 0.61700264585934 0
1592729709183 0.6054798704982555 0
1592730128764 0.6061415333108465 0
1592730547739 0.5681619344452766 0
1592730967411 0.5584079501563941 0
1592731386293 0.5490919973171066 0
1592731806062 0.5473305317397307 0
1592732225161 0.5468823041705888 0
1592732644976 0.5399439996202249 0
1592733064193 0.5418014404145761 0
1592733484093 0.5398460899336587 0
1592733903223 0.5370005751755886 0
1592734323405 0.5357106965251023 0
1592734743281 0.5264673031003259 0
1592735163851 0.5290409280761363 0
1592735583148 0.5298122590224749 0
1592736003650 0.5258151951834784 0
1592736422791 0.5285503941890725 0
1592736842938 0.5278319660621116 0
1592737261885 0.5297157555978079 0
1592737682372 0.5280172841046334 0
1592738101803 0.5255455265351822 0
1592738522240 0.5261573248076011 0
1592738941736 0.5259782521274663 0
1592739362327 0.5241970208330403 0
1592739781907 0.5270010416984783 0
1592740202588 0.5271735962114346 0
1592740622231 0.5288560465494316 0
1592741043052 0.5266483835969824 0
1592741463022 0.5262495373288916 0
1592741883666 0.5252942111652804 0
1592742303212 0.5298722857675077 0
1592742723647 0.5277217431158128 0
1592743143297 0.5267459032306405 0
1592743565935 0.5277318819250058 0
1592743985096 0.5271579620125763 0
1592744405176 0.5288575958737386 0
1592744824050 0.5258252441376373 0
1592745244234 0.5248495393317728 0
1592745663458 0.5290359635309548 0
1592746083473 0.527971504190444 0
1592746502331 0.5266777975789696 0
1592746922512 0.5240412477676004 0
1592747341699 0.5233629395990569 0
1592747761838 0.5242058446710596 0
1592748180897 0.525601910797865 0
1592748600842 0.5260144302935834 0
1592749019844 0.5276130615107208 0
1592749440093 0.5247190111159565 0
1592749859578 0.5280849135642688 0
1592750279803 0.5267769719781331 0
1592750698894 0.5284815485863676 0
1592751118648 0.5259496780764547 0
1592751537850 0.523915980808831 0
1592751958441 0.5258617403891209 0
1592752377528 0.5241454553834962 0
1592752797566 0.5237966631011338 0
1592753216575 0.5255276843323665 0
1592753636771 0.5265417643764082 0
1592754056095 0.525926421380013 0
1592754476108 0.5273697969388752 0
1592754895321 0.5256354312837049 0
1592755315098 0.5297918354984494 0
1592755734151 0.5276764649282015 0
1592756154060 0.5273753034176132 0
1592756572956 0.5264095534718307 0
1592756992964 0.5269923889986063 0
1592757412066 0.5253899757109901 0
1592757832103 0.5268938489567948 0
1592758251317 0.5257932229591556 0
1592758671190 0.5278678391438437 0
1592759090326 0.5253622213927489 0
1592759510638 0.5260802189108706 0
1592759929634 0.5268159042011655 0
1592760349906 0.5275580271543648 0
1592760768690 0.5266703818256143 0
1592761188711 0.5272807963473971 0
1592761607918 0.524919592266344 0
1592762027843 0.52667988333335 0
1592762446945 0.5276816234518058 0
1592762866724 0.5264363262652225 0
1592763285482 0.5287073445870009 0
1592763704834 0.5252951159510264 0
1592764123825 0.5268037612374018 0
1592764543746 0.5271844529976097 0
1592764962706 0.5248642820226831 0
1592765382632 0.5257747858171574 0
1592765801640 0.5249517852961266 0
1592766221443 0.5256260988356485 0
1592766640639 0.5261370390512856 0
1592767060602 0.5255417277947331 0
1592767479530 0.5268147212009812 0
1592767899577 0.5262689355394852 0
