1592726356922 0.20804381346147066 0
1592726779237 0.1896886843578041 0
1592727197322 0.18545748421016808 0
1592727616181 0.18116077928984495 0
1592728034044 0.17807018180713244 0
1592728452779 0.17628980827721902 0
1592728872076 0.1736405981840655 0
1592729291314 0.17244171745305698 0
1592729709180 0.16895187775644308 0
1592730128762 0.16915264813890984 0
1592730547735 0.16169412295223784 0
1592730967409 0.1599422247156088 0
1592731386289 0.1581279142508729 0
1592731806058 0.15843207186430466 0
1592732225159 0.1576968003205148 0
1592732644973 0.1555150678235878 0
1592733064189 0.15645409352908507 0
1592733484090 0.15638940740067053 0
1592733903220 0.15541254256098938 0
1592734323403 0.1545278052388871 0
1592734743278 0.15345404666827367 0
1592735163846 0.15382330759571541 0
1592735583145 0.15428838663047148 0
1592736003647 0.15331388184195502 0
1592736422787 0.15357245444801051 0
1592736842936 0.15378668056026815 0
1592737261882 0.15416198289514488 0
1592737682369 0.1534442012796474 0
1592738101800 0.15297009345491228 0
1592738522237 0.1534595625376521 0
1592738941729 0.15345889388088615 0
1592739362323 0.15329012409866005 0
1592739781903 0.15367961650531298 0
1592740202584 0.15311182660029576 0
1592740622229 0.1538345964076537 0
1592741043048 0.1525518410940014 0
1592741463019 0.15322247061230973 0
1592741883663 0.15289872205377525 0
1592742303209 0.15414319249334504 0
1592742723645 0.15412561743700834 0
1592743143292 0.15349845719577684 0
1592743565933 0.15305226889230142 0
1592743985092 0.15386675654790863 0
1592744405174 0.15393212045395105 0
1592744824046 0.15323707547686263 0
1592745244232 0.15282804817336632 0
1592745663455 0.15338369256227982 0
1592746083471 0.15331369471414863 0
1592746502327 0.1530128567097169 0
1592746922510 0.1529861374544707 0
1592747341696 0.15242095250326682 0
1592747761835 0.15263130613403297 0
1592748180893 0.1528194933303958 0
1592748600838 0.1530050585417063 0
1592749019838 0.1533964376155315 0
1592749440091 0.1529711262517672 0
1592749859576 0.15362851057079638 0
1592750279800 0.1534093010335485 0
1592750698892 0.15367885770965883 0
1592751118644 0.15327774219083545 0
1592751537847 0.15266110832505023 0
1592751958434 0.15379374603780752 0
1592752377526 0.15306775630346173 0
1592752797564 0.1528103227447953 0
1592753216572 0.1529656528901093 0
1592753636768 0.15291755348068642 0
1592754056092 0.15285142916501018 0
1592754476104 0.1533762554565365 0
1592754895315 0.15272149751408576 0
1592755315095 0.15384932744412938 0
1592755734149 0.15385227167148435 0
1592756154056 0.153362657865439 0
1592756572953 0.1531453704841491 0
1592756992962 0.1534883975982666 0
1592757412062 0.15384382962880266 0
1592757832101 0.15311558319429305 0
1592758251313 0.15295224700601637 0
1592758671186 0.15374399443867826 0
1592759090322 0.1535400512536767 0
1592759510634 0.15352163257391688 0
1592759929631 0.15354440695317625 0
1592760349904 0.15323745498729294 0
1592760768686 0.1535739336791507 0
1592761188707 0.15342240814372934 0
1592761607915 0.1529067868099405 0
1592762027840 0.15323119978385247 0
1592762446943 0.15364767537834662 0
1592762866722 0.15316484857266136 0
1592763285478 0.1534332952811676 0
1592763704831 0.15366081914087987 0
1592764123821 0.1536226517682712 0
1592764543743 0.15387948639972385 0
1592764962701 0.1526648621415011 0
1592765382627 0.15326739943372814 0
1592765801637 0.15309839866473632 0
1592766221440 0.15306602681163575 0
1592766640637 0.15335653645340683 0
1592767060597 0.15299083243689549 0
1592767479526 0.1541565418036969 0
1592767899573 0.15264707700506566 0
