1592726356912 0.25939606081328404 0
1592726779225 0.22164222654377483 0
1592727197311 0.20822112678880955 0
1592727616170 0.20093321229708885 0
1592728034034 0.19792571521225744 0
1592728452769 0.1940932140992931 0
1592728872066 0.18828465761405694 0
1592729291301 0.1833381705755551 0
1592729709168 0.18170652686798902 0
1592730128754 0.18212699218270761 0
1592730547719 0.17073448565354576 0
1592730967400 0.16703212758530897 0
1592731386279 0.16338798934851845 0
1592731806046 0.1625570412396784 0
1592732225151 0.16329745914533697 0
1592732644960 0.16095767158930488 0
1592733064179 0.1613799459875681 0
1592733484082 0.1607112079033023 0
1592733903207 0.1599760041466588 0
1592734323393 0.15988085627255572 0
1592734743263 0.1562303744763211 0
1592735163831 0.15699895270525357 0
1592735583134 0.15827411465740923 0
1592736003636 0.15650375896797372 0
1592736422777 0.15700860422864668 0
1592736842925 0.15665250181476176 0
1592737261873 0.15814750771078115 0
1592737682359 0.1573075742392756 0
1592738101788 0.15633166027759726 0
1592738522225 0.15641554278000175 0
1592738941714 0.15601621029584173 0
1592739362313 0.15569354314122452 0
1592739781893 0.1561740838197677 0
1592740202570 0.1568138982997433 0
1592740622216 0.157319338874943 0
1592741043038 0.1572112504496082 0
1592741463008 0.15688910440398704 0
1592741883651 0.15627779684003715 0
1592742303200 0.15741476090038453 0
1592742723637 0.15674078190506857 0
1592743143283 0.15653768014772712 0
1592743565924 0.15719012311784086 0
1592743985082 0.15675477933147994 0
1592744405165 0.15760346196160208 0
1592744824032 0.15653481325064258 0
1592745244219 0.15598726244432198 0
1592745663443 0.15778779732039955 0
1592746083460 0.1576033690264003 0
1592746502316 0.15709227858397462 0
1592746922500 0.15552238215427255 0
1592747341685 0.15612794877374803 0
1592747761823 0.15611514743764696 0
1592748180880 0.15707589691547064 0
1592748600827 0.1568818287525129 0
1592749019827 0.15728303942106833 0
1592749440081 0.15611196799152144 0
1592749859566 0.15739123277384928 0
1592750279787 0.15663079540210045 0
1592750698879 0.15728162921571012 0
1592751118633 0.15643619730956007 0
1592751537837 0.1566415668209494 0
1592751958418 0.15633031461265887 0
1592752377512 0.15604606629243725 0
1592752797552 0.1556679745315004 0
1592753216559 0.15660365288068426 0
1592753636755 0.15652547600287334 0
1592754056084 0.15667084972338952 0
1592754476092 0.15716788514285004 0
1592754895303 0.15749088734838765 0
1592755315086 0.15659190746263532 0
1592755734141 0.15712563306918972 0
1592756154043 0.15662010929896789 0
1592756572940 0.15620535448831635 0
1592756992948 0.1570250883848601 0
1592757412043 0.15599301511829985 0
1592757832091 0.15720126791024389 0
1592758251302 0.15638751645457535 0
1592758671178 0.1572058862567849 0
1592759090313 0.155723841255648 0
1592759510624 0.15667332712589044 0
1592759929620 0.15644865509319666 0
1592760349892 0.15737269681782207 0
1592760768675 0.15617197875862457 0
1592761188695 0.15662066636592975 0
1592761607909 0.15650046879533555 0
1592762027829 0.15647071571809518 0
1592762446934 0.15745960485649949 0
1592762866715 0.15627086903871756 0
1592763285463 0.15744375820349085 0
1592763704823 0.155856902957413 0
1592764123809 0.1568555046313956 0
1592764543733 0.15707267158352758 0
1592764962688 0.1567444249950068 0
1592765382614 0.15678084213802737 0
1592765801623 0.15661875858565122 0
1592766221428 0.1563574453107356 0
1592766640626 0.1562900211784041 0
1592767060584 0.15696369824691744 0
1592767479517 0.1565056777270675 0
1592767899560 0.15688540814655555 0
