1591675448126 0.6516158832992586 0
1591675864032 0.5801944504184746 0
1591676280008 0.5789884436954884 0
1591676696066 0.5862264302237571 0
1591677110991 0.4925427714025058 0
1591677526892 0.714316297315854 0
1591677942250 0.6945442856703721 0
1591678359444 0.4465461079236792 0
1591678775645 0.6277759596629618 0
1591679193246 0.6842412966349236 0
1591679610238 0.6660623372106942 0
1591680026397 0.738330492955044 0
1591680442434 0.7912133798078504 0
1591680859512 0.5649497984330507 0
1591681275578 0.6358896403454745 0
1591681693628 0.7476033904276841 0
1591682110060 0.7671898232020586 0
1591682527692 0.74683821740769 0
1591682944523 0.779307930052262 0
1591683362460 0.7540241307825997 0
1591683779257 0.7456749572269356 0
1591684196999 0.7962395077309401 0
1591684614611 0.7510107962723451 0
1591685032936 0.744949622935264 0
1591685450075 0.749459334879046 0
1591685867652 0.7776842619402782 0
1591686284873 0.7397981299135955 0
1591686704094 0.7816016833869396 0
1591687120990 0.7534796968320733 0
1591687539650 0.7678515243026686 0
1591687957064 0.7507392658045032 0
1591688375490 0.7543422210439779 0
1591688793751 0.7745994452349396 0
1591689213596 0.7738890567887641 0
1591689631315 0.7482973502118504 0
1591690050392 0.7344795528274881 0
1591690468188 0.7837622261222923 0
1591690887918 0.7721164676347199 0
1591691306145 0.7661881853362866 0
1591691725609 0.7734570628234483 0
1591692144232 0.7819847545308747 0
1591692563625 0.7801277763620198 0
1591692981154 0.7701665187931297 0
1591693400472 0.7873653705938353 0
1591693818423 0.7876708643915202 0
1591694237339 0.7794230276265152 0
1591694655719 0.7768822282539654 0
1591695074771 0.7850774106014864 0
1591695493977 0.7661142746907076 0
1591695913417 0.7741990353119191 0
1591696327554 0.7683905085949295 0
