1591675448143 0.5886548458461833 0
1591675864038 0.5205390375403168 0
1591676280017 0.5301169056927032 0
1591676696072 0.5157009460879898 0
1591677111000 0.4557086919419355 0
1591677526902 0.6377810892597559 0
1591677942258 0.6329472819576398 0
1591678359451 0.40240503097255115 0
1591678775651 0.5774440378449628 0
1591679193253 0.6124998176821103 0
1591679610244 0.603901040184008 0
1591680026403 0.6763691158969687 0
1591680442440 0.7290748498983413 0
1591680859519 0.5072658105564387 0
1591681275585 0.5649632581946272 0
1591681693634 0.6806705867577032 0
1591682110068 0.7084980041554976 0
1591682527698 0.6809091888070651 0
1591682944530 0.7066970224020008 0
1591683362468 0.6901597029311781 0
1591683779264 0.68145770427804 0
1591684197005 0.7222026467756554 0
1591684614617 0.6892647198731154 0
1591685032949 0.6854274095332901 0
1591685450083 0.68026377812118 0
1591685867659 0.7112277650314061 0
1591686284879 0.6794518854228264 0
1591686704101 0.710139945799704 0
1591687120997 0.6885638078874707 0
1591687539657 0.7026349236797246 0
1591687957070 0.6840303242855716 0
1591688375505 0.6896144629442029 0
1591688793758 0.7058953506168925 0
1591689213603 0.7063108157667605 0
1591689631323 0.6838691239385103 0
1591690050399 0.6704348603273257 0
1591690468196 0.7086152043466636 0
1591690887924 0.705057012443992 0
1591691306154 0.7018539312028172 0
1591691725616 0.6997022135017889 0
1591692144243 0.7162237164726474 0
1591692563632 0.7103629404531264 0
1591692981161 0.7065902782946988 0
1591693400479 0.7174814795136142 0
1591693818429 0.720545892836054 0
1591694237346 0.7109270122851337 0
1591694655725 0.7116642669627289 0
1591695074779 0.7132878897958917 0
1591695493984 0.6936649911303212 0
1591695913423 0.7065841589940389 0
1591696327560 0.7053143753668245 0
