1591675448097 0.3088022319178948 0
1591675864017 0.29959908401039437 0
1591676279988 0.34835880867316715 0
1591676696048 0.34036618233532523 0
1591677110976 0.2821200188307605 0
1591677526865 0.45476047924920215 0
1591677942235 0.4126136960572476 0
1591678359425 0.3004412341025249 0
1591678775629 0.3648760091091205 0
1591679193225 0.455152302116892 0
1591679610222 0.44053977226199154 0
1591680026382 0.5292346539540761 0
1591680442415 0.5732363117722931 0
1591680859495 0.2081961558250408 0
1591681275563 0.48747815929971694 0
1591681693612 0.5844062810454667 0
1591682110037 0.5748193383440628 0
1591682527677 0.5774201972537388 0
1591682944508 0.678545114940318 0
1591683362443 0.5668852248416955 0
1591683779242 0.5651794960891845 0
1591684196982 0.6976510403031113 0
1591684614596 0.6113437539774199 0
1591685032916 0.5837591489082768 0
1591685450055 0.5860158485600018 0
1591685867637 0.6323463701156522 0
1591686284857 0.5635950991389244 0
1591686704076 0.6395918484918991 0
1591687120973 0.5868396611992424 0
1591687539635 0.6313077888905999 0
1591687957049 0.6012094533302161 0
1591688375464 0.6114146117179494 0
1591688793731 0.6486513209289199 0
1591689213581 0.6641780222271412 0
1591689631290 0.6072047551105118 0
1591690050368 0.5819796416886723 0
1591690468172 0.69249601448338 0
1591690887903 0.664439157625072 0
1591691306122 0.642839577201651 0
1591691725595 0.6542112826144519 0
1591692144216 0.6833357124240157 0
1591692563610 0.6692715344373071 0
1591692981136 0.6654520398416872 0
1591693400457 0.6935169092867706 0
1591693818401 0.6884601666358711 0
1591694237324 0.679494149668315 0
1591694655703 0.6741747654704662 0
1591695074754 0.6869300925450731 0
1591695493961 0.6529247191573333 0
1591695913401 0.6738127791513955 0
1591696327538 0.6640355781627364 0
