1591675448151 0.617857768577481 0
1591675864043 0.548048372502356 0
1591676280026 0.5533417896337 0
1591676696077 0.5490489651878606 0
1591677111008 0.47225889352914163 0
1591677526906 0.6711892401277596 0
1591677942263 0.6624262636766209 0
1591678359456 0.4231156977465255 0
1591678775656 0.6008058145065942 0
1591679193259 0.6455634658747774 0
1591679610248 0.6326335663539658 0
1591680026407 0.7054859791251656 0
1591680442445 0.7566647120043443 0
1591680859524 0.5346306859972121 0
1591681275589 0.5988631992647221 0
1591681693638 0.7123363650018201 0
1591682110072 0.7354589639305317 0
1591682527703 0.7109790393199126 0
1591682944535 0.742692439225649 0
1591683362473 0.7203896598442024 0
1591683779268 0.7114224389710397 0
1591684197011 0.7560594787131146 0
1591684614622 0.7178245435510623 0
1591685032953 0.7122038204055049 0
1591685450088 0.7121514547487648 0
1591685867663 0.7428546327727606 0
1591686284884 0.707364508800625 0
1591686704105 0.742840221202647 0
1591687121005 0.719547743069269 0
1591687539662 0.7328496272752923 0
1591687957078 0.7148205084765958 0
1591688375517 0.7195892793039822 0
1591688793763 0.7376182929153945 0
1591689213607 0.7380229830048853 0
1591689631328 0.7140079517847918 0
1591690050403 0.7000932468204009 0
1591690468201 0.7442127579074199 0
1591690887929 0.7350767544916473 0
1591691306160 0.7314155417972797 0
1591691725620 0.7341577979857878 0
1591692144249 0.7466935384444325 0
1591692563636 0.742252483004441 0
1591692981165 0.7361422385497361 0
1591693400483 0.7508476871324867 0
1591693818434 0.7517594509760176 0
1591694237350 0.7434730958607716 0
1591694655730 0.741623674767964 0
1591695074784 0.7469379474402302 0
1591695493988 0.7287804984066443 0
1591695913427 0.7372891958590432 0
1591696327564 0.7341052504034687 0
