1591675420565 0.8060494072603939 0
1591675839935 0.7161436829884872 0
1591676255805 0.6924906390055225 0
1591676671949 0.6791289659024636 0
1591677086771 0.6661349147680199 0
1591677502857 0.6597708992059496 0
1591677918046 0.6551599418674068 0
1591678335258 0.6477832808030267 0
1591678751537 0.6436351181549824 0
1591679169138 0.6405424015028801 0
1591679586122 0.6167948610132903 0
1591680002365 0.6129490042372749 0
1591680418416 0.6062601233013819 0
1591680835059 0.6068584653795216 0
1591681251598 0.6103663829645559 0
1591681669565 0.6004782254673935 0
1591682086078 0.6004318067527162 0
1591682503748 0.5968304658332084 0
1591682920541 0.5962273056433544 0
1591683338350 0.5891974433336961 0
1591683755148 0.5786089610463239 0
1591684172998 0.5760587216953111 0
1591684590536 0.5722157867174943 0
1591685008958 0.5710078389090615 0
1591685425983 0.5699661815989415 0
1591685843516 0.5674635297912044 0
1591686260725 0.5674146146698847 0
1591686679953 0.5633175617027606 0
1591687096995 0.5640073366444417 0
1591687515625 0.5628809724753765 0
1591687933044 0.5559738615260317 0
1591688351398 0.552997348165041 0
1591688769659 0.5522449833941493 0
1591689189400 0.5496011643268177 0
1591689607266 0.5478931365731718 0
1591690026368 0.5489237945601907 0
1591690444076 0.546674808890791 0
1591690863885 0.5448802137918658 0
1591691282120 0.5423808572389957 0
1591691701508 0.5413514719408015 0
1591692120249 0.5406588266547347 0
1591692539541 0.5399707679376381 0
1591692957209 0.5374218161283554 0
1591693376402 0.5359963428811757 0
1591693794478 0.5364716292408199 0
1591694213355 0.5359634942954561 0
1591694631614 0.5350079121987713 0
1591695050675 0.5340838638411117 0
1591695469907 0.5315528041952916 0
1591695889317 0.5326534749902503 0
1591696303676 0.530926100222361 0
