1591675420561 0.09262485055238834 0
1591675839928 0.06292278075154392 0
1591676255797 0.05784688645537464 0
1591676671941 0.0552050043319725 0
1591677086765 0.05153774059558245 0
1591677502851 0.05067128565171804 0
1591677918040 0.048966311012167175 0
1591678335250 0.04711892656156188 0
1591678751532 0.04780824143223709 0
1591679169129 0.04527250466216121 0
1591679586115 0.04069256702301935 0
1591680002360 0.03975639869963342 0
1591680418410 0.03853730492584726 0
1591680835051 0.038360310385299266 0
1591681251589 0.038997904711897936 0
1591681669556 0.03680744586789263 0
1591682086070 0.037128692117498564 0
1591682503742 0.03558916605596128 0
1591682920534 0.03585122071525612 0
1591683338345 0.03414189394197476 0
1591683755141 0.03229469979317948 0
1591684172991 0.031187513026805308 0
1591684590527 0.031222478908859663 0
1591685008949 0.030116936140306652 0
1591685425976 0.0297319890687275 0
1591685843511 0.029487756163031988 0
1591686260720 0.029231667251183042 0
1591686679946 0.028443733073057847 0
1591687096988 0.02899556205389782 0
1591687515620 0.027974334322572954 0
1591687933040 0.027020026777192986 0
1591688351392 0.026597070347011014 0
1591688769651 0.026598926817749623 0
1591689189391 0.025790832150300556 0
1591689607258 0.025850677973020736 0
1591690026359 0.025454826310502193 0
1591690444067 0.025794666237021875 0
1591690863877 0.025052101938968868 0
1591691282114 0.02427450998937192 0
1591691701501 0.0240894806306218 0
1591692120238 0.024142382815433315 0
1591692539534 0.023616030561252114 0
1591692957202 0.023873463628452357 0
1591693376394 0.02375145792425669 0
1591693794470 0.023298896804583313 0
1591694213348 0.023410685578600435 0
1591694631605 0.023275844820819663 0
1591695050668 0.022841953007405817 0
1591695469898 0.022493492809572357 0
1591695889311 0.02233982262827963 0
1591696303671 0.022938199348334853 0
