1591675443760 0.5441441454539975 0
1591675850123 0.6550448450284276 0
1591676256662 0.6877720123535705 0
1591676664173 0.5961419210644012 0
1591677072454 0.49500063228876406 0
1591677480542 0.6888868277765307 0
1591677888902 0.6610700894179296 0
1591678298221 0.6968882991599532 0
1591678706724 0.6328682516664199 0
1591679115548 0.6848089284090448 0
1591679524152 0.6926993270084052 0
1591679932230 0.7010477797827557 0
1591680339966 0.6874860839980214 0
1591680748664 0.7408932143705247 0
1591681157159 0.7306374428231198 0
1591681565881 0.7203018015724107 0
1591681974012 0.727880260709613 0
1591682383137 0.7531039140729943 0
1591682792123 0.7252947907816975 0
1591683201772 0.7031697213538778 0
1591683611136 0.7356352001439495 0
1591684020966 0.7371065075650683 0
1591684430362 0.7573579849155638 0
1591684840739 0.7596062965229607 0
1591685250652 0.7188871217925741 0
1591685661133 0.7682239711167722 0
1591686070948 0.7629851364806781 0
1591686481314 0.7710191714243131 0
1591686891258 0.7685397741641418 0
1591687301616 0.7705675651973 0
1591687711626 0.776508882745245 0
1591688121984 0.7752607588142003 0
1591688531688 0.768477669458772 0
1591688942214 0.7812514773962379 0
1591689352895 0.7769970077774803 0
1591689763770 0.8009849124598356 0
1591690174574 0.784630055119318 0
1591690585383 0.7941546720350194 0
1591690996111 0.7848460942430725 0
1591691406826 0.783234459130333 0
1591691817262 0.7950275514153864 0
1591692227878 0.7992318118132962 0
1591692638560 0.7838406047141787 0
1591693049825 0.7919708620313377 0
1591693460548 0.7897156108235097 0
1591693871603 0.7962530303978738 0
1591694282138 0.780917981967944 0
1591694693118 0.7908406977531158 0
1591695103760 0.7865681140606402 0
1591695514737 0.7993439307665945 0
1591695925188 0.7973502183440736 0
