1591675443785 0.7304778969005997 0
1591675850148 0.7740154448625122 0
1591676256684 0.7751541336974579 0
1591676664196 0.7396866626343743 0
1591677072481 0.6607631738427034 0
1591677480570 0.7852259425556791 0
1591677888927 0.7762293799939765 0
1591678298242 0.7828316397713364 0
1591678706746 0.723345744844854 0
1591679115569 0.7786997996590074 0
1591679524176 0.8024246677500043 0
1591679932257 0.7983581263637646 0
1591680339988 0.7866978413427481 0
1591680748687 0.8097039458797489 0
1591681157181 0.8098448620343037 0
1591681565906 0.8026253499157585 0
1591681974037 0.8149427908493511 0
1591682383163 0.8025429815943893 0
1591682792151 0.8001372032423453 0
1591683201793 0.7896962022449292 0
1591683611158 0.8094735925088213 0
1591684020991 0.8083242099447148 0
1591684430384 0.8143950864881064 0
1591684840762 0.8167674156066245 0
1591685250679 0.8029545237142008 0
1591685661155 0.8114850504558465 0
1591686070970 0.8148448252787558 0
1591686481338 0.8097873953506198 0
1591686891283 0.8178350880462415 0
1591687301644 0.816526116111834 0
1591687711648 0.8176396811356966 0
1591688122009 0.8147990180998539 0
1591688531709 0.8151213196739711 0
1591688942239 0.8178968734562497 0
1591689352916 0.8189983606418213 0
1591689763797 0.8180213120040007 0
1591690174600 0.8130317768164458 0
1591690585407 0.8208774223270674 0
1591690996135 0.8184429676287674 0
1591691406847 0.8169273373884209 0
1591691817284 0.8160428877678051 0
1591692227900 0.8184446580764931 0
1591692638580 0.8160656910902081 0
1591693049846 0.8185369781457555 0
1591693460570 0.8193765743753539 0
1591693871624 0.8175165591365635 0
1591694282169 0.8137273527763652 0
1591694693139 0.8153724756928884 0
1591695103782 0.8164313811352177 0
1591695514764 0.8178720486140129 0
1591695925211 0.8170758879117034 0
