1591675443776 0.7744892938378863 0
1591675850138 0.8152978440507135 0
1591676256676 0.8197821903035832 0
1591676664187 0.7773883649876758 0
1591677072470 0.7073060433939196 0
1591677480559 0.8297373175722208 0
1591677888918 0.8172719290554322 0
1591678298234 0.8334418117546327 0
1591678706737 0.773834273362174 0
1591679115561 0.8185777214203479 0
1591679524167 0.8388914443193937 0
1591679932247 0.8368821600588512 0
1591680339979 0.8260778131766389 0
1591680748678 0.8499596245421835 0
1591681157171 0.8520533555004495 0
1591681565898 0.8497332669169246 0
1591681974028 0.8558631726186972 0
1591682383153 0.8433809995982356 0
1591682792141 0.8397770745407404 0
1591683201785 0.8273339620196098 0
1591683611149 0.8463598517060179 0
1591684020978 0.8481947786646489 0
1591684430375 0.8551604822855214 0
1591684840753 0.8565553682147474 0
1591685250668 0.8388112482343129 0
1591685661146 0.8558428604353219 0
1591686070961 0.8574277995377657 0
1591686481328 0.8576496250220421 0
1591686891272 0.8571228681342666 0
1591687301632 0.8541817504844135 0
1591687711639 0.8606581785038964 0
1591688121998 0.85931145343652 0
1591688531701 0.8557658113430129 0
1591688942230 0.8618786101458531 0
1591689352908 0.8606044026537366 0
1591689763783 0.8615965427289485 0
1591690174591 0.8589621576890534 0
1591690585397 0.8645840246943789 0
1591690996126 0.8608126404686092 0
1591691406839 0.8586681121779998 0
1591691817275 0.8603157238389858 0
1591692227892 0.8645294426420312 0
1591692638572 0.8594317296350779 0
1591693049838 0.862464730000665 0
1591693460562 0.8632582381458301 0
1591693871616 0.8616006719513334 0
1591694282160 0.8592909682997016 0
1591694693131 0.8583527221215992 0
1591695103773 0.8593549286613668 0
1591695514754 0.8617139056980893 0
1591695925203 0.8603350381453776 0
