1591675443757 0.5481254770967641 0
1591675850120 0.6610231205074115 0
1591676256659 0.6925630799235042 0
1591676664171 0.5994995558409167 0
1591677072451 0.4980075889064871 0
1591677480540 0.6938284685860063 0
1591677888899 0.6659505859161805 0
1591678298215 0.7032227963310904 0
1591678706722 0.6378746102264354 0
1591679115546 0.690545445576655 0
1591679524149 0.6972430926918093 0
1591679932228 0.7051111715522056 0
1591680339964 0.6913080964563472 0
1591680748661 0.7459096747724282 0
1591681157156 0.7356932956927764 0
1591681565879 0.7252948979667873 0
1591681974008 0.733482588601948 0
1591682383134 0.7590443770314896 0
1591682792121 0.729026203394301 0
1591683201770 0.7067904166468668 0
1591683611134 0.7395288661273746 0
1591684020964 0.7410792562657598 0
1591684430359 0.761974790460252 0
1591684840736 0.76488771023316 0
1591685250648 0.7223734883145542 0
1591685661130 0.7738506999598854 0
1591686070946 0.7680918941153234 0
1591686481312 0.7767571245913056 0
1591686891255 0.773846608166378 0
1591687301614 0.7756181320444321 0
1591687711624 0.7823380208479473 0
1591688121982 0.7811948690162742 0
1591688531686 0.7742586659992261 0
1591688942211 0.7869795786990716 0
1591689352892 0.7829532017242312 0
1591689763768 0.8075743835136582 0
1591690174570 0.7911638036209787 0
1591690585379 0.7998243651653645 0
1591690996106 0.7899699906920818 0
1591691406823 0.7891844690759263 0
1591691817259 0.8009943674014328 0
1591692227876 0.8059294061556375 0
1591692638558 0.7888605392160722 0
1591693049823 0.7984381073070687 0
1591693460545 0.7957039124281935 0
1591693871601 0.8029477610109046 0
1591694282135 0.7871729449218684 0
1591694693116 0.7969068782175245 0
1591695103757 0.7923160245120628 0
1591695514735 0.8057651302963742 0
1591695925186 0.8033428194370873 0
