1591675443762 0.538293370872153 0
1591675850126 0.6476459868735707 0
1591676256664 0.6810327700713911 0
1591676664176 0.5914236850012985 0
1591677072457 0.4900583113377935 0
1591677480544 0.6830743199607611 0
1591677888904 0.655481498801789 0
1591678298223 0.6898085752050918 0
1591678706726 0.6269881606670297 0
1591679115550 0.6778334566359204 0
1591679524154 0.6874626902322256 0
1591679932233 0.6966751079103023 0
1591680339968 0.6823426948597753 0
1591680748666 0.7350839166453073 0
1591681157161 0.7242055223640271 0
1591681565883 0.7146231540161906 0
1591681974015 0.7215240668005749 0
1591682383139 0.7471176749977012 0
1591682792126 0.7201470447845844 0
1591683201774 0.698388604529897 0
1591683611138 0.7298814287629243 0
1591684020968 0.7309249431283611 0
1591684430365 0.7516015083665839 0
1591684840741 0.7542666834717685 0
1591685250656 0.7127015442645723 0
1591685661135 0.7606302386754245 0
1591686070950 0.7555543168006351 0
1591686481316 0.7638490400274707 0
1591686891261 0.7623038608107486 0
1591687301618 0.7646575004927351 0
1591687711629 0.7690714760727024 0
1591688121986 0.7690407669737933 0
1591688531690 0.7626269432275712 0
1591688942217 0.7743047314140752 0
1591689352897 0.7705017263328425 0
1591689763772 0.7920415034982479 0
1591690174579 0.7764617438349968 0
1591690585385 0.7871099753599875 0
1591690996113 0.7775183078080341 0
1591691406828 0.776105335852893 0
1591691817264 0.7872966699654206 0
1591692227880 0.7910095857091903 0
1591692638562 0.776214056836798 0
1591693049827 0.7832559334947042 0
1591693460550 0.7826168878297415 0
1591693871605 0.7887106842301227 0
1591694282144 0.7733527221446368 0
1591694693120 0.7828533751041105 0
1591695103762 0.7783828168535267 0
1591695514740 0.7907906032005606 0
1591695925191 0.7895496141372331 0
