1591675443790 0.7467269318769322 0
1591675850154 0.7898889752397601 0
1591676256688 0.7921425940485145 0
1591676664201 0.7544033122325616 0
1591677072485 0.6791128897914316 0
1591677480575 0.8028733252179464 0
1591677888932 0.7918927618125609 0
1591678298247 0.8018449274740999 0
1591678706751 0.7427123298951007 0
1591679115574 0.7943742314081513 0
1591679524180 0.8158201872258027 0
1591679932261 0.8134217717584571 0
1591680339992 0.8015043826784746 0
1591680748692 0.8248362482348437 0
1591681157185 0.8259506204186663 0
1591681565911 0.8217296223593754 0
1591681974041 0.8309486157814238 0
1591682383168 0.8174220557004607 0
1591682792156 0.8155560458253729 0
1591683201798 0.8044255038350157 0
1591683611162 0.823623225524686 0
1591684020997 0.823711177662939 0
1591684430388 0.8297216355437854 0
1591684840767 0.8320471276924511 0
1591685250684 0.8168217622548469 0
1591685661159 0.8291380553109503 0
1591686070974 0.8316618635660022 0
1591686481343 0.8288602940610859 0
1591686891288 0.8322612969301965 0
1591687301653 0.8311388231109836 0
1591687711653 0.8349459521848163 0
1591688122013 0.8322547715535383 0
1591688531713 0.8307765921738018 0
1591688942243 0.835104877964346 0
1591689352920 0.8354518804351221 0
1591689763801 0.835228794969582 0
1591690174604 0.8313212918792082 0
1591690585412 0.8386040787761444 0
1591690996141 0.8350828374038719 0
1591691406851 0.8329462380203262 0
1591691817288 0.8336327571422438 0
1591692227904 0.8367511763369508 0
1591692638585 0.8330432610691272 0
1591693049850 0.8359221105216862 0
1591693460574 0.8365366825197079 0
1591693871629 0.8345403126579178 0
1591694282174 0.8313929054959757 0
1591694693145 0.8322072241351096 0
1591695103787 0.8328367519354717 0
1591695514768 0.8351298114690479 0
1591695925215 0.8339856897665913 0
