1591675360527 0.28663190542417166 0
1591675770792 0.2600886060817707 0
1591676177206 0.25294907488061125 0
1591676584354 0.24504184877202356 0
1591676991737 0.2436042839341615 0
1591677400717 0.2396526069507091 0
1591677808744 0.23782694996637704 0
1591678218017 0.23425755204533685 0
1591678626790 0.23106339472461734 0
1591679035702 0.2316739421183541 0
1591679443865 0.22323204964928373 0
1591679852412 0.2216981693925942 0
1591680260156 0.22104883088162663 0
1591680668660 0.21880237833106306 0
1591681077096 0.21714906132168318 0
1591681485817 0.21714521027528322 0
1591681894144 0.21805410395712543 0
1591682303095 0.21855214956773103 0
1591682711956 0.2180527519192216 0
1591683121564 0.21605073232975233 0
1591683530853 0.21174747668779814 0
1591683940754 0.2128016230093657 0
1591684350185 0.2075286867791379 0
1591684760620 0.20813273184398223 0
1591685170575 0.2055622071204101 0
1591685581072 0.2057798320989637 0
1591685990974 0.2066102524304531 0
1591686401071 0.20438103501260632 0
1591686810985 0.20552450131911498 0
1591687221618 0.2033183490471727 0
1591687631655 0.20245531752441057 0
1591688041884 0.20320988005611318 0
1591688451603 0.20261584601458713 0
1591688862114 0.20078556918533597 0
1591689272489 0.20070883891815264 0
1591689683503 0.19994589999406295 0
1591690094258 0.19884837233632274 0
1591690505364 0.2003527058828512 0
1591690915809 0.20038465935097644 0
1591691326615 0.19957576017584322 0
1591691737093 0.19803902586183605 0
1591692147881 0.19750096014089133 0
1591692558209 0.19617830397638344 0
1591692969463 0.19663648629153269 0
1591693380134 0.19521267191898187 0
1591693791488 0.19523377983263257 0
1591694201931 0.1968424741685743 0
1591694613005 0.19612815460333458 0
1591695023444 0.19495410657316975 0
1591695434438 0.1932838838216821 0
1591695844883 0.19282474928706356 0
