1591675360544 0.16139949604692544 0
1591675770802 0.15092144992489082 0
1591676177216 0.14826491907150788 0
1591676584366 0.14617603087037273 0
1591676991749 0.1444573875670955 0
1591677400728 0.14315875088410265 0
1591677808753 0.1428258304192117 0
1591678218032 0.1417256858221878 0
1591678626804 0.14120264232335006 0
1591679035714 0.14107935214360084 0
1591679443877 0.1372380151286633 0
1591679852428 0.13617758067137392 0
1591680260165 0.1359927180559325 0
1591680668673 0.1360997288934225 0
1591681077105 0.135857396268633 0
1591681485828 0.13486985855642156 0
1591681894159 0.13450185729730765 0
1591682303108 0.1346515468239079 0
1591682711968 0.13452595196796593 0
1591683121575 0.13358142914680335 0
1591683530864 0.13191456795179632 0
1591683940765 0.13166821659845712 0
1591684350194 0.1315095073284482 0
1591684760635 0.13104582860095967 0
1591685170586 0.13089789414899589 0
1591685581087 0.13050777081554457 0
1591685990990 0.13024503063168047 0
1591686401084 0.13024415909009573 0
1591686810997 0.1297431938438373 0
1591687221632 0.12971772835452175 0
1591687631670 0.12861917500753375 0
1591688041897 0.128167086980752 0
1591688451614 0.12767960538966416 0
1591688862126 0.12765922302589613 0
1591689272502 0.12782375880423383 0
1591689683515 0.12745710590181972 0
1591690094267 0.12688228580549624 0
1591690505376 0.12761193099459248 0
1591690915820 0.12713583896057845 0
1591691326632 0.12693638590401446 0
1591691737104 0.12674372231025668 0
1591692147891 0.12676243003479828 0
1591692558223 0.12617604108251765 0
1591692969478 0.12621588680959311 0
1591693380147 0.1260102077348698 0
1591693791505 0.1257630009645012 0
1591694201942 0.12533077302240056 0
1591694613018 0.1256515861836058 0
1591695023457 0.1256368749020015 0
1591695434450 0.125728228168022 0
1591695844895 0.1255408051539455 0
