1591675360541 0.09548622515250946 0
1591675770800 0.06636672179330383 0
1591676177214 0.05964707064073114 0
1591676584362 0.05538675473925806 0
1591676991746 0.05525678600675079 0
1591677400726 0.051458306935720545 0
1591677808751 0.05093660457445496 0
1591678218027 0.049847064407531325 0
1591678626800 0.047860464378750536 0
1591679035711 0.048586063588467926 0
1591679443873 0.04270178652175608 0
1591679852424 0.04156852154248565 0
1591680260163 0.04138420917887307 0
1591680668669 0.04002575853222309 0
1591681077102 0.03937381536275501 0
1591681485825 0.03880380833047558 0
1591681894154 0.03811021367936621 0
1591682303104 0.03759346146290824 0
1591682711963 0.03709717997840258 0
1591683121572 0.03640119909424577 0
1591683530861 0.03423825338394684 0
1591683940763 0.033284925759257476 0
1591684350191 0.03296264544812709 0
1591684760630 0.031505446663379844 0
1591685170583 0.031633874470334965 0
1591685581080 0.03153814138161272 0
1591685990985 0.030305771876302873 0
1591686401081 0.030173753454355447 0
1591686810993 0.029401180673302454 0
1591687221629 0.029827388353403327 0
1591687631665 0.027958862232760742 0
1591688041894 0.027999302576235414 0
1591688451610 0.02739932703215232 0
1591688862122 0.027833616808773234 0
1591689272498 0.027861980305290256 0
1591689683511 0.027317366606869994 0
1591690094264 0.026463902222003635 0
1591690505372 0.02616791508970617 0
1591690915817 0.026508229980300342 0
1591691326626 0.025807862933284256 0
1591691737101 0.02532771566177349 0
1591692147888 0.025230907144840563 0
1591692558218 0.025383062332802447 0
1591692969474 0.024831262185684676 0
1591693380143 0.02454128636311762 0
1591693791501 0.023896681556764703 0
1591694201938 0.024155098758913446 0
1591694613013 0.023894480804323093 0
1591695023454 0.024136824238516347 0
1591695434447 0.023933014788350762 0
1591695844889 0.02390634283952459 0
