1590503561808 0.11181817004716578 0
1590504743528 0.24071753583542244 0
1590505932037 0.29204705593827757 0
1590507119864 0.3078524058689487 0
1590508334634 0.3142151129056599 0
1590509510598 0.31690108168085435 0
1590510687735 0.31627643599618943 0
1590511854120 0.3196241637212238 0
1590513100952 0.3240792837531825 0
1590514389744 0.32544682686650184 0
1590515677116 0.3341830831807056 0
1590516965768 0.3325306329703674 0
1590518844876 0.3327040910387285 0
1590520717902 0.33470115607369655 0
1590522704268 0.3365430104658628 0
1590524666599 0.3386124671754371 0
1590526576002 0.33848364184907115 0
1590528549790 0.33720306303115666 0
1590529667209 0.3399810781445289 0
1590530627323 0.3393260893169073 0
1590531595096 0.34164053669609507 0
1590532566657 0.3434244907444833 0
1590533531099 0.3411879897615451 0
1590534349889 0.34432744533266263 0
1590535071178 0.34218448941957685 0
1590535793004 0.34354129925840754 0
1590536514902 0.3445424639511545 0
1590537236506 0.34360837787361925 0
1590537957526 0.3441739294292135 0
1590538678981 0.3433831670752074 0
1590539401945 0.34549405210788153 0
1590540124096 0.3466329892537309 0
1590540845474 0.34551732482408526 0
1590541567844 0.34651757784096254 0
1590542289123 0.34649017727530906 0
1590543073476 0.3463514501043064 0
1590544042736 0.34649136953080567 0
1590545035230 0.34625743933425457 0
1590545887667 0.3467845677608365 0
