1590503561803 0.11876128174095603 0
1590504743522 0.24977175836682644 0
1590505932033 0.30054711740790707 0
1590507119856 0.31551104908847016 0
1590508334628 0.32166487634692015 0
1590509510593 0.3238446935673746 0
1590510687730 0.32342497747705556 0
1590511854114 0.32604998142352914 0
1590513100949 0.33026987156354015 0
1590514389737 0.3315408123381991 0
1590515677111 0.3389531798890078 0
1590516965762 0.33780994987643614 0
1590518844871 0.3379771308084034 0
1590520717898 0.3395219386896204 0
1590522704262 0.34095959110723145 0
1590524666591 0.34331090002697123 0
1590526575997 0.34294756726644765 0
1590528549784 0.3418572602044517 0
1590529667203 0.3449204968781151 0
1590530627319 0.34353864339700996 0
1590531595093 0.3458913246024399 0
1590532566652 0.34754812771693283 0
1590533531095 0.3454305817879871 0
1590534349886 0.3485718327966183 0
1590535071174 0.34635604694875427 0
1590535792999 0.3476635617406964 0
1590536514895 0.3486108480567869 0
1590537236502 0.34783145301378965 0
1590537957521 0.3482372134786251 0
1590538678978 0.347397698074253 0
1590539401941 0.34962307820184724 0
1590540124090 0.3506123107523236 0
1590540845471 0.3498075097904411 0
1590541567841 0.35034380786924413 0
1590542289115 0.35054012117334954 0
1590543073472 0.35048814013676033 0
1590544042725 0.350583098793893 0
1590545035225 0.3502630703774398 0
1590545887664 0.35088271202153454 0
