1590503561804 0.10626527145754013 0
1590504743523 0.2378992319133248 0
1590505932034 0.2891325809830043 0
1590507119857 0.30564646166809656 0
1590508334630 0.3124925366255983 0
1590509510594 0.3157604224019942 0
1590510687731 0.31530550979017513 0
1590511854115 0.31865065819757443 0
1590513100950 0.32311268626672224 0
1590514389739 0.3246932988928373 0
1590515677112 0.33274375402733464 0
1590516965764 0.33171302961989807 0
1590518844872 0.33183777266912046 0
1590520717899 0.33404713360645155 0
1590522704264 0.3357551496432494 0
1590524666592 0.33782455741828665 0
1590526575998 0.3379108151442171 0
1590528549785 0.3365689227435923 0
1590529667205 0.3397469241593872 0
1590530627320 0.3391881729982697 0
1590531595093 0.34138586033986124 0
1590532566653 0.3433362196172029 0
1590533531096 0.34093876062195994 0
1590534349887 0.3443254216030625 0
1590535071175 0.34176904810620456 0
1590535793001 0.34319561747455 0
1590536514898 0.3442399497379413 0
1590537236503 0.3431934955087959 0
1590537957523 0.34404099556455703 0
1590538678979 0.34291369336971284 0
1590539401942 0.345240857229362 0
1590540124092 0.3466468659398049 0
1590540845472 0.34518045832921146 0
1590541567841 0.3463353354563346 0
1590542289117 0.34623993507621725 0
1590543073473 0.34595834431707617 0
1590544042726 0.3463803015267836 0
1590545035226 0.3459451245787023 0
1590545887665 0.3468269654129527 0
