1590503561802 0.13120047832409837 0
1590504743520 0.25852808562966645 0
1590505932032 0.31041688878715296 0
1590507119855 0.32371322050781354 0
1590508334627 0.3288810641755199 0
1590509510592 0.3302637388325327 0
1590510687729 0.3298630071891155 0
1590511854113 0.331834026418711 0
1590513100948 0.33552491845972177 0
1590514389735 0.33707575523615024 0
1590515677110 0.34417005843968407 0
1590516965761 0.3425715610882508 0
1590518844870 0.34255778083521277 0
1590520717897 0.3441104349502703 0
1590522704261 0.3452347900051324 0
1590524666589 0.34769528194599414 0
1590526575996 0.3471172891226383 0
1590528549783 0.34579347019729745 0
1590529667201 0.34880670847657036 0
1590530627318 0.34756757827939677 0
1590531595092 0.3494535704246298 0
1590532566651 0.3512978599093729 0
1590533531094 0.34908181816191414 0
1590534349885 0.3519211095382569 0
1590535071174 0.35000348169818946 0
1590535792998 0.3513645025669247 0
1590536514893 0.3521060083151833 0
1590537236502 0.3510365489827321 0
1590537957518 0.3518664023397574 0
1590538678977 0.3508831710900753 0
1590539401941 0.35283748960172046 0
1590540124089 0.3539894742087483 0
1590540845470 0.35306763221593945 0
1590541567840 0.3538486124777181 0
1590542289114 0.35388090576017217 0
1590543073471 0.35358142254127106 0
1590544042723 0.3535476295524574 0
1590545035224 0.35325557051854173 0
1590545887663 0.35407576516959544 0
