1590503561822 0.1310509799490193 0
1590504743538 0.2977684798502555 0
1590505932051 0.3491042714834436 0
1590507119879 0.36633165602145423 0
1590508334645 0.37987712385002464 0
1590509510604 0.3735984139319963 0
1590510687743 0.3866333515881999 0
1590511854128 0.392524675271793 0
1590513100958 0.3963442065876206 0
1590514389756 0.3975753843309971 0
1590515677126 0.4080432184116179 0
1590516965792 0.40110722185285624 0
1590518844890 0.40339091100428087 0
1590520717914 0.403817065857976 0
1590522704284 0.40761587585515296 0
1590524666608 0.40704501651455355 0
1590526576028 0.41224268551348037 0
1590528549823 0.408938071417142 0
1590529667218 0.3987949214266908 0
1590530627330 0.41025768580692795 0
1590531595102 0.41128247114601635 0
1590532566669 0.4123549350034195 0
1590533531104 0.412735821668813 0
1590534349898 0.4110443519733001 0
1590535071184 0.4104308512464058 0
1590535793010 0.41386309192108656 0
1590536514908 0.41374411588648113 0
1590537236512 0.4120520308187023 0
1590537957532 0.4122975078979125 0
1590538678987 0.41267136694088213 0
1590539401950 0.4127325304953337 0
1590540124102 0.419297229369002 0
1590540845480 0.4139472642123776 0
1590541567851 0.42118472574156024 0
1590542289135 0.4127312635205615 0
1590543073482 0.41566271468356497 0
1590544042751 0.42554487825533177 0
1590545035236 0.41987455552774294 0
1590545887673 0.4215162526659027 0
