1590503561806 0.0926557790580877 0
1590504743524 0.2241029482691107 0
1590505932035 0.2750370055187408 0
1590507119860 0.29342542843417124 0
1590508334631 0.3011163690127534 0
1590509510596 0.30527187580115317 0
1590510687733 0.3042846808070413 0
1590511854117 0.3087929793378126 0
1590513100950 0.3142841623140236 0
1590514389741 0.31526846856368507 0
1590515677114 0.32551467981141047 0
1590516965765 0.3239063279214313 0
1590518844874 0.3242562833549204 0
1590520717900 0.32644777736302943 0
1590522704265 0.3292171969330001 0
1590524666595 0.3309127054524949 0
1590526576000 0.330708737129416 0
1590528549787 0.32964704832498337 0
1590529667206 0.3325256969638514 0
1590530627321 0.33180559379198243 0
1590531595094 0.3351078524624438 0
1590532566655 0.3368423813858525 0
1590533531097 0.33451328615779247 0
1590534349887 0.33791655548952026 0
1590535071176 0.33528342460293015 0
1590535793002 0.33675597248148503 0
1590536514899 0.3383977943100455 0
1590537236504 0.33733139941506096 0
1590537957524 0.3379577401091838 0
1590538678980 0.3372779070113148 0
1590539401943 0.3392170339088113 0
1590540124094 0.34062542309635446 0
1590540845473 0.33930204694683097 0
1590541567842 0.34064010219837676 0
1590542289119 0.34047374653630413 0
1590543073474 0.34038066107510795 0
1590544042729 0.34046089026567833 0
1590545035228 0.34041948070766925 0
1590545887666 0.3405700588927155 0
