1590503561819 0.09071014722527884 0
1590504743536 0.25094963679791843 0
1590505932050 0.30417032214939704 0
1590507119875 0.3266067959376246 0
1590508334644 0.3414325275765883 0
1590509510603 0.3381118710757117 0
1590510687742 0.34804937539833486 0
1590511854127 0.35849988474945854 0
1590513100957 0.3645537051993783 0
1590514389755 0.3639073244356616 0
1590515677124 0.38052734304890784 0
1590516965787 0.3736625512591833 0
1590518844883 0.3762011316372777 0
1590520717912 0.37833425099991436 0
1590522704282 0.3833424631526419 0
1590524666607 0.381966873040791 0
1590526576022 0.38862627872694605 0
1590528549815 0.3853439044221578 0
1590529667217 0.375182823237643 0
1590530627329 0.3874402549536225 0
1590531595101 0.3889234645394879 0
1590532566666 0.38963914583939263 0
1590533531104 0.39001086154273373 0
1590534349897 0.3889247245073301 0
1590535071183 0.3888781511765559 0
1590535793009 0.39220219884813656 0
1590536514907 0.39255516342790836 0
1590537236511 0.3905998697835337 0
1590537957531 0.39026713997868456 0
1590538678986 0.3914372238780821 0
1590539401949 0.39172979428131227 0
1590540124101 0.3975903063529211 0
1590540845479 0.39217134502967643 0
1590541567850 0.4000693612771068 0
1590542289133 0.3919899435417036 0
1590543073481 0.3958256561548643 0
1590544042750 0.4042356630613928 0
1590545035235 0.39919277236161727 0
1590545887672 0.40051529934338803 0
