1590503561800 0.14343589661746967 0
1590504743519 0.2672735184407804 0
1590505932031 0.31860074046195574 0
1590507119854 0.330650437905975 0
1590508334625 0.33476058732498887 0
1590509510591 0.3359059748390542 0
1590510687728 0.33621875441941257 0
1590511854111 0.3371943611748793 0
1590513100947 0.34024504660012317 0
1590514389734 0.34226795315130704 0
1590515677108 0.34846740747200405 0
1590516965759 0.3466518653413263 0
1590518844869 0.3464853429175608 0
1590520717895 0.3478956213091043 0
1590522704259 0.34871819536013765 0
1590524666587 0.3513822454699605 0
1590526575994 0.3507306951614975 0
1590528549782 0.34934733034362514 0
1590529667200 0.35195665677672205 0
1590530627317 0.35126032299603843 0
1590531595091 0.352696058239087 0
1590532566650 0.3546989380065009 0
1590533531093 0.35233655533398683 0
1590534349884 0.35511055415358417 0
1590535071173 0.35321043842155764 0
1590535792996 0.3540007077309016 0
1590536514892 0.3548296180976864 0
1590537236501 0.35427771636801614 0
1590537957516 0.35472778122894777 0
1590538678976 0.3539067002841405 0
1590539401940 0.35590133833259474 0
1590540124087 0.3568490268181222 0
1590540845469 0.3558537666310015 0
1590541567839 0.3566312705663317 0
1590542289112 0.35630115273972046 0
1590543073470 0.3558706977188924 0
1590544042722 0.3566809505273657 0
1590545035223 0.356164109157543 0
1590545887663 0.3567169719318857 0
