1590503561811 0.15474526970370112 0
1590504743531 0.3226998059281957 0
1590505932040 0.3737672847663941 0
1590507119867 0.3875682701216512 0
1590508334637 0.40020302723915036 0
1590509510600 0.39164420543149575 0
1590510687737 0.4063805897364421 0
1590511854122 0.4101527614789383 0
1590513100954 0.4123168099975161 0
1590514389747 0.41427449892813833 0
1590515677119 0.42232834963345994 0
1590516965772 0.41501322845301863 0
1590518844879 0.41709699264129024 0
1590520717906 0.4168790109681847 0
1590522704271 0.41977769389030045 0
1590524666601 0.4195975615065759 0
1590526576004 0.42425087953416035 0
1590528549792 0.42081269599874255 0
1590529667212 0.410506519931081 0
1590530627325 0.4217558896905389 0
1590531595098 0.4221901444110323 0
1590532566660 0.42326813425993814 0
1590533531100 0.42415279732276795 0
1590534349893 0.4215845326775648 0
1590535071180 0.4211583211777065 0
1590535793006 0.4246715387548726 0
1590536514904 0.42399255367748906 0
1590537236507 0.42245497463056825 0
1590537957528 0.4228455318343819 0
1590538678983 0.4230409043510976 0
1590539401946 0.4229097567062332 0
1590540124098 0.4295660517043917 0
1590540845476 0.4244265369496223 0
1590541567846 0.43117573716399143 0
1590542289128 0.42298391933109936 0
1590543073478 0.42549642451037895 0
1590544042742 0.4356656094968879 0
1590545035232 0.4298106452242924 0
1590545887669 0.4318073007524998 0
