1590503561815 0.10754611497574125 0
1590504743534 0.2743428544840204 0
1590505932049 0.32620070659008105 0
1590507119873 0.3468972695146267 0
1590508334643 0.36169838268940985 0
1590509510602 0.3580232647805023 0
1590510687741 0.3689435808798946 0
1590511854126 0.3766302721844322 0
1590513100956 0.38262541328559496 0
1590514389753 0.3828366299636121 0
1590515677122 0.39563606022095604 0
1590516965783 0.3891588328344342 0
1590518844882 0.3915235940365165 0
1590520717910 0.3925717769561599 0
1590522704279 0.3972579100090809 0
1590524666606 0.396425228444817 0
1590526576016 0.40156211736334696 0
1590528549811 0.3983928313356389 0
1590529667216 0.38878177748749876 0
1590530627328 0.4001112362581786 0
1590531595100 0.4022786532268483 0
1590532566664 0.40309572576268826 0
1590533531103 0.4032539475182682 0
1590534349896 0.40189762209001484 0
1590535071182 0.4012234851973647 0
1590535793008 0.4043846759854748 0
1590536514907 0.4054077908926442 0
1590537236510 0.40355569557322185 0
1590537957530 0.4036598044362388 0
1590538678986 0.4042585810426244 0
1590539401949 0.4041611946316241 0
1590540124100 0.4109231286627527 0
1590540845478 0.4052820878490209 0
1590541567849 0.4130580745948957 0
1590542289132 0.4044837892768035 0
1590543073480 0.4075872909652554 0
1590544042749 0.41711934607422985 0
1590545035235 0.41160627352315665 0
1590545887671 0.4128077222558314 0
