1590503561812 0.139339746701232 0
1590504743532 0.3103682147076383 0
1590505932041 0.3604896978199074 0
1590507119869 0.3768311990390123 0
1590508334639 0.39024420721119485 0
1590509510601 0.3829460592073409 0
1590510687738 0.39687920648854474 0
1590511854123 0.4016840451193766 0
1590513100955 0.4049584778436789 0
1590514389749 0.40652996521000834 0
1590515677120 0.4150406147449779 0
1590516965775 0.40864015297434164 0
1590518844880 0.41093908747047037 0
1590520717907 0.4103775000677503 0
1590522704273 0.41393024906076026 0
1590524666602 0.4138122615231764 0
1590526576006 0.4185862941257428 0
1590528549793 0.4155585586765266 0
1590529667214 0.4054169394022064 0
1590530627326 0.4158622608074229 0
1590531595098 0.41723338629453166 0
1590532566661 0.4180162233828647 0
1590533531101 0.4186528364636255 0
1590534349894 0.4171251607722934 0
1590535071180 0.41616891496945674 0
1590535793007 0.4198739337796316 0
1590536514905 0.41935239885880243 0
1590537236508 0.41777047304486814 0
1590537957529 0.4182046151645744 0
1590538678984 0.41833152103606414 0
1590539401947 0.41832970139955705 0
1590540124099 0.42497731147062656 0
1590540845477 0.41997497945008583 0
1590541567847 0.4267676866874812 0
1590542289130 0.41820218831394634 0
1590543073478 0.42134396623135023 0
1590544042745 0.43117375989862183 0
1590545035233 0.4256505553445033 0
1590545887670 0.42709425284748376 0
