1590503459697 2.714915386388 0
1590504650199 1.0945956967246364 0
1590505835331 0.9099263087124891 0
1590507054682 0.8142641397915211 0
1590508237726 0.7546325644534813 0
1590509417125 0.7117731858395576 0
1590510590074 0.681346886660807 0
1590511788185 0.6544884006742021 0
1590513001976 0.6337020508309839 0
1590514277072 0.6156229728941921 0
1590515566135 0.5736814120065026 0
1590516826927 0.5559396160320497 0
1590518660707 0.5455524822444364 0
1590520610909 0.5380996224436608 0
1590522510953 0.5297944378066364 0
1590524499974 0.5216573195337277 0
1590526410588 0.5162278184014131 0
1590528370846 0.5053012853555984 0
1590529596761 0.5027154026162279 0
1590530558430 0.5008988844588388 0
1590531525655 0.47841117333888655 0
1590532493656 0.47137333813908366 0
1590533458984 0.4648184781387349 0
1590534298773 0.46244088552058227 0
1590535019935 0.45807452623582573 0
1590535741668 0.45362283677149917 0
1590536463674 0.452358018101543 0
1590537185345 0.44950748380243205 0
1590537906544 0.44504510003209025 0
1590538628001 0.44402962445859295 0
1590539350768 0.43494881237763844 0
1590540072763 0.4292518697993856 0
1590540794366 0.4282021954865523 0
1590541516695 0.42607565563285327 0
1590542237879 0.4254401461935821 0
1590543021946 0.4224018073572416 0
1590543978384 0.42204849171231995 0
1590544973495 0.4186718295997297 0
1590545836432 0.4169238933242631 0
