1590706317537 0.05230930070376301 0
1590706337899 0.049247191181322175 0
1590706358293 0.09276350377384689 0
1590706378947 0.09665682501864734 0
1590706399487 0.09182231669566591 0
1590706420282 0.09130756318425948 0
1590706441160 0.0885433908408936 0
1590706462111 0.08948170098161332 0
1590706483243 0.09019843850258928 0
1590706504413 0.0900247019793726 0
1590706525669 0.0754600171791109 0
1590706546781 0.07420500861259823 0
1590706568024 0.07483207542112025 0
1590706588984 0.10036465021477459 0
1590706610244 0.10458336311846088 0
1590706631501 0.09889446559920065 0
1590706652638 0.10824199448383624 0
1590706673744 0.10911482626350924 0
1590706694861 0.09974343406605038 0
1590706716111 0.11844421479407749 0
1590706737438 0.1078921379648018 0
1590706758552 0.10276369874813591 0
1590706779688 0.14000482612956883 0
1590706800616 0.15138007038601056 0
1590706821662 0.15967307809637502 0
1590706842687 0.16103546840965965 0
1590706863872 0.14831394200995957 0
1590706884848 0.17953849170160172 0
1590706905773 0.19494192634128718 0
1590706927133 0.20588628178058627 0
1590706948194 0.21591349040403776 0
1590706969140 0.2050068959403041 0
1590706990405 0.22324267355249344 0
1590707011479 0.20273333051704504 0
1590707032731 0.21796823577527288 0
1590707053744 0.2283587817071639 0
1590707074900 0.23168289742334136 0
1590707095988 0.22827006070202716 0
1590707117061 0.2381999028454258 0
1590707138115 0.22715320826368238 0
1590707159133 0.23964278391093402 0
1590707180223 0.23388406821250501 0
1590707201337 0.239359027604262 0
1590707222421 0.24455066101817002 0
1590707243359 0.23402249134579237 0
1590707264558 0.2380519713940894 0
1590707285736 0.24976569757517986 0
1590707306846 0.24158038717019106 0
1590707327645 0.2409854761601172 0
1590707348574 0.24778138704820746 0
