1590706317553 0.04335551061838009 0
1590706337917 0.04245413454103368 0
1590706358309 0.08185041440460912 0
1590706378967 0.08502225557771134 0
1590706399509 0.08137432284524944 0
1590706420302 0.08036418903621105 0
1590706441179 0.07848095804871764 0
1590706462134 0.07855404789722878 0
1590706483264 0.08002006444063944 0
1590706504429 0.0792161155165309 0
1590706525694 0.06433455255534146 0
1590706546801 0.06224939946170317 0
1590706568041 0.06356559680688331 0
1590706589001 0.08867725510686639 0
1590706610271 0.09280369544364735 0
1590706631519 0.08570119670963956 0
1590706652655 0.0942049713432892 0
1590706673761 0.09521126016910982 0
1590706694886 0.09429418598593767 0
1590706716129 0.12485369161144717 0
1590706737456 0.09897016924520385 0
1590706758569 0.12691048113079653 0
1590706779714 0.14962761189136922 0
1590706800635 0.15113804375519682 0
1590706821678 0.16994018527980442 0
1590706842706 0.1663928700117234 0
1590706863891 0.13804634326184104 0
1590706884865 0.19136939236549727 0
1590706905800 0.18554028461579614 0
1590706927149 0.19984152153662146 0
1590706948212 0.20645495116415563 0
1590706969169 0.22068613820234884 0
1590706990432 0.22394602739602676 0
1590707011496 0.1968212824596261 0
1590707032748 0.2418021501584775 0
1590707053762 0.25031211464876185 0
1590707074923 0.2694916225904683 0
1590707096006 0.24316728380613148 0
1590707117078 0.24796438931250378 0
1590707138134 0.25952986280025775 0
1590707159150 0.35212803846551805 0
1590707180242 0.324539523187101 0
1590707201358 0.39212259190708654 0
1590707222439 0.28014938684875484 0
1590707243378 0.3786333187948664 0
1590707264578 0.26997143694905174 0
1590707285756 0.32570610355111335 0
1590707306862 0.2412629425640244 0
1590707327661 0.2631313413458461 0
1590707348592 0.25574798393516546 0
