1595386483506 0.7248834188938857 0
1595387882339 0.704902965562177 0
1595389293152 0.7749326567204298 0
1595390686282 0.7808080012842803 0
1595392142610 0.756718939061669 0
1595393639374 0.7886662296582347 0
1595395161717 0.7797995663141134 0
1595396631758 0.8014471286575918 0
1595398166977 0.8203993580389676 0
1595399502644 0.8167858381947711 0
1595400938534 0.8075049318295902 0
1595402473265 0.8151869199250134 0
1595404016160 0.8130225841249377 0
1595405558735 0.8115343201688197 0
1595407092715 0.8306176774470178 0
1595408635815 0.8215231779970651 0
1595410166865 0.8181281446339472 0
