1595386483501 0.5421812578098443 0
1595387882334 0.5978135469167561 0
1595389293147 0.5992261820528993 0
1595390686275 0.5821507198669208 0
1595392142605 0.6157745403227827 0
1595393639367 0.6031424066581245 0
1595395161712 0.6186114835051479 0
1595396631753 0.6379240257764546 0
1595398166940 0.6243957472031412 0
1595399502620 0.650244222695775 0
1595400938514 0.67580569191899 0
1595402473247 0.6704309766901838 0
1595404016139 0.6862307606680895 0
1595405558731 0.6397461589177991 0
1595407092707 0.6957693532849418 0
1595408635802 0.6675955973711598 0
1595410166827 0.7015830052403111 0
