1595386483513 0.6750876535201524 0
1595387882342 0.6552495539703174 0
1595389293158 0.7195679267975147 0
1595390686293 0.7223199754537941 0
1595392142613 0.7079623273829825 0
1595393639385 0.7291113621000084 0
1595395161723 0.7297966934321025 0
1595396631770 0.7450716631310875 0
1595398166997 0.7596729513655022 0
1595399502655 0.7616794610725575 0
1595400938557 0.7488003282243817 0
1595402473276 0.7626578450433914 0
1595404016187 0.7611475273220073 0
1595405558739 0.7500508591195058 0
1595407092757 0.7725386995855824 0
1595408635822 0.763397031630854 0
1595410166892 0.7617468338426333 0
