1595386204201 1.8748608412179546 0
1595387506140 1.8751107942555976 0
1595389021966 1.8888005456286556 0
1595390244916 1.894697231758143 0
1595391736748 1.9205196944275342 0
1595393220756 1.9185996487749006 0
1595394719697 1.9042160659659313 0
1595396187980 1.880884575607558 0
1595397699671 1.882490915074809 0
1595399132677 1.8820643094233696 0
1595400471871 1.8886208984105672 0
1595401993325 1.902038203695409 0
1595403539516 1.9224538565863272 0
1595405077666 1.9037816513677357 0
1595406604813 1.9000809911260124 0
1595408147096 1.8890194548347783 0
1595409680867 1.8784269747115874 0
