1595386204199 0.11340283080058758 0
1595387506138 0.0825697594729093 0
1595389021964 0.078412976130554 0
1595390244914 0.07129351901541088 0
1595391736746 0.06661282788383799 0
1595393220753 0.06333299820072193 0
1595394719695 0.05966570854308522 0
1595396187977 0.05879738887473572 0
1595397699668 0.04892974063288036 0
1595399132675 0.04691486471370293 0
1595400471868 0.0444990884528813 0
1595401993323 0.04367955467370696 0
1595403539514 0.04203073654137705 0
1595405077651 0.04114087198747123 0
1595406604811 0.03838985143606201 0
1595408147094 0.036744013069732795 0
1595409680865 0.03587877532774098 0
