1590245548524 0.0001851998970198704 0
1590246221862 0.00010285547146663967 0
1590246896254 0.00013008991543303952 0
1590247571241 9.961355855773642e-05 0
1590248246179 0.00012498113371255405 0
1590248921139 0.0001069081517830083 0
1590249597429 0.00010034282117232855 0
1590250273001 9.801246078452857e-05 0
1590250947856 9.033097824329359e-05 0
1590251623169 0.00011130356508669956 0
1590252298166 0.00010248846196576135 0
1590252973760 0.00010200188401436474 0
1590253649346 9.686546060871056e-05 0
1590254324820 0.000107495961428048 0
1590254999659 0.0001015310826343851 0
1590255674896 0.00010630298566931544 0
1590256350408 0.00011314210624037013 0
1590257025164 0.00011675171052841132 0
1590257700444 0.00010211116600551408 0
1590258375330 0.0001080283257688277 0
1590259050547 0.00011478254190661439 0
1590259726105 0.00011478254190661443 0
1590260401668 0.00011478254190661442 0
1590261077177 0.00010244141336800148 0
1590261751990 0.00011402643051023462 0
1590262426823 0.00010881766311295151 0
1590263101713 0.00010244141336800151 0
1590263776975 0.00010881766311295151 0
1590264452037 0.00010244141336800148 0
1590265127202 0.00010244141336800148 0
1590265802616 0.00010244141336800148 0
1590266478185 0.00010244141336800151 0
1590267153894 0.00010244141336800151 0
1590267829725 0.00010881766311295151 0
1590268505847 0.00010325642273389735 0
1590269180718 0.00010244141336800148 0
1590269857098 0.00010244141336800148 0
1590270532678 0.00010325642273389735 0
1590271207858 0.00010881766311295151 0
1590271883327 0.00010881766311295151 0
1590272559587 0.00010850213174392717 0
1590273235146 0.00010212588199897714 0
1590273910381 0.00010768712237803131 0
1590274585614 0.00011406337212298131 0
1590275259834 0.00011406337212298128 0
1590275935725 0.00010850213174392713 0
1590276611318 0.00011406337212298128 0
1590277286867 0.00010850213174392714 0
1590277962411 0.00010768712237803131 0
