1590245548526 0.0004206471153645704 0
1590246221864 0.00022142003094623926 0
1590246896257 0.00022792910937857283 0
1590247571244 0.00021650505795463084 0
1590248246181 0.00022700548437096712 0
1590248921141 0.00023725040031813934 0
1590249597431 0.00023549765713517723 0
1590250273003 0.0002093732065374151 0
1590250947858 0.00021995347356183084 0
1590251623173 0.00022178324250154928 0
1590252298168 0.00019906355156503312 0
1590252973762 0.0001963999640813137 0
1590253649349 0.00019800224592835512 0
1590254324822 0.0001973514678606167 0
1590254999661 0.00019212152147362593 0
1590255674898 0.0002007537632733054 0
1590256350411 0.00020802238153116935 0
1590257025167 0.00020756671530584902 0
1590257700446 0.0001970878637241794 0
1590258375332 0.000199862605611092 0
1590259050549 0.00019506382887514903 0
1590259726108 0.00020146471017544305 0
1590260401670 0.0001966629246029164 0
1590261077180 0.00019466831006385887 0
1590261751992 0.0002011866936485016 0
1590262426825 0.000199292331080063 0
1590263101715 0.00019905566326138924 0
1590263776977 0.00020032920403598525 0
1590264452040 0.00019775091319316213 0
1590265127204 0.00019778716940752698 0
1590265802618 0.00019039774695996068 0
1590266478187 0.00019110930763748628 0
1590267153896 0.0001882302142814424 0
1590267829729 0.00019982430599242959 0
1590268505849 0.00019177434903069554 0
1590269180720 0.0001912121662382432 0
1590269857101 0.00019123243482733286 0
1590270532680 0.0001926710206942262 0
1590271207860 0.000196403916334363 0
1590271883330 0.00019433931863294408 0
1590272559589 0.000193568058235347 0
1590273235148 0.0001885496708348806 0
1590273910384 0.00019401693146188427 0
1590274585617 0.00019818521496330768 0
1590275259836 0.00019811796173310595 0
1590275935729 0.0001917250344069689 0
1590276611320 0.00019985922433044795 0
1590277286870 0.00019368103372486415 0
1590277962414 0.00019263863101196576 0
