1590245548523 0.0003128004516844002 0
1590246221861 0.00015283315738745466 0
1590246896252 0.00017924196170952009 0
1590247571240 0.00014647805264704063 0
1590248246177 0.00017361956044873898 0
1590248921138 0.0001441439619957236 0
1590249597428 0.00017252636777229937 0
1590250273000 0.0001621031999202775 0
1590250947855 0.00015784129350714126 0
1590251623168 0.00016750243108875658 0
1590252298164 0.00013373807412173552 0
1590252973758 0.00014862784951482372 0
1590253649345 0.00014349142610916953 0
1590254324819 0.00014349142610916955 0
1590254999658 0.0001382457170991397 0
1590255674895 0.0001547705126569204 0
1590256350406 0.00014345448449642285 0
1590257025163 0.00015957309270369418 0
1590257700442 0.00016448119431932052 0
1590258375329 0.00015477051265692037 0
1590259050546 0.00016080555901107398 0
1590259726104 0.00016458024599642844 0
1590260401667 0.00016004254679143336 0
1590261077174 0.0001582039962514784 0
1590261751989 0.00016458024599642844 0
1590262426822 0.00016971666940208258 0
1590263101711 0.00015820399625147838 0
1590263776974 0.00016458024599642841 0
1590264452036 0.00016334041965713258 0
1590265127200 0.00016334041965713255 0
1590265802614 0.0001537212994610893 0
1590266478184 0.00015372129946108934 0
1590267153893 0.00014832243106390535 0
1590267829724 0.00015469868080885538 0
1590268505846 0.00015453630882698518 0
1590269180717 0.00014832243106390535 0
1590269857096 0.0001432563696227122 0
1590270532677 0.00014913744042980128 0
1590271207857 0.00015469868080885538 0
1590271883326 0.00015469868080885538 0
1590272559586 0.00014913744042980122 0
1590273235145 0.00013769512924365808 0
1590273910380 0.00014325636962271218 0
1590274585613 0.00014963261936766219 0
1590275259833 0.00015469868080885535 0
1590275935724 0.00014407137898860808 0
1590276611317 0.0001541153161580513 0
1590277286866 0.00014407137898860806 0
1590277962410 0.0001477390664131013 0
