1590245548529 0.0006368357414746361 0
1590246221867 0.00031759252118603926 0
1590246896260 0.00030863799706363235 0
1590247571246 0.00033671476228469696 0
1590248246183 0.0003258630135221512 0
1590248921145 0.00036999522526644327 0
1590249597434 0.00036555856576366507 0
1590250273005 0.0003093669439706468 0
1590250947860 0.0003468817089864403 0
1590251623177 0.00031937239727042386 0
1590252298170 0.00027903992625458667 0
1590252973765 0.00027324880784224505 0
1590253649351 0.00030047185489198903 0
1590254324824 0.0002941012986818934 0
1590254999664 0.0002902779276972356 0
1590255674901 0.00029392901394417027 0
1590256350414 0.0003223947866930094 0
1590257025169 0.00029957243344000406 0
1590257700448 0.00029157998804916243 0
1590258375334 0.0002936181535898085 0
1590259050552 0.0002828510694451394 0
1590259726111 0.0002875693901325311 0
1590260401672 0.000283031690927536 0
1590261077183 0.00028756939013253115 0
1590261751994 0.00029343958831042153 0
1590262426827 0.0002816522303692175 0
1590263101718 0.0002988781542693496 0
1590263776979 0.0002864247819015161 0
1590264452042 0.00029296099450603583 0
1590265127207 0.00028669281679066127 0
1590265802620 0.000281405682045746 0
1590266478190 0.00027529291369521547 0
1590267153898 0.0002754885222824324 0
1590267829731 0.00029240367098491135 0
1590268505851 0.0002707080182610377 0
1590269180722 0.00028140568204574614 0
1590269857104 0.00028140568204574614 0
1590270532683 0.00027584444166669196 0
1590271207863 0.00028140568204574614 0
1590271883332 0.00027548852228243253 0
1590272559591 0.00027584444166669196 0
1590273235150 0.00027070801826103785 0
1590273910387 0.0002814056820457462 0
1590274585619 0.0002814056820457462 0
1590275259838 0.00028140568204574603 0
1590275935733 0.0002707080182610378 0
1590276611322 0.0002814056820457462 0
1590277286872 0.0002707080182610378 0
1590277962416 0.00027502943230079606 0
