1590245548533 0.00011169146425240655 0
1590246221871 6.297195209164905e-05 0
1590246896265 8.406274552413824e-05 0
1590247571251 5.632163630055326e-05 0
1590248246187 6.392104556014256e-05 0
1590248921155 7.562465448413267e-05 0
1590249597438 6.227849508067524e-05 0
1590250273010 5.483138555797969e-05 0
1590250947865 6.342593722864312e-05 0
1590251623183 7.46172513379636e-05 0
1590252298175 7.090077988467555e-05 0
1590252973770 7.394552369330745e-05 0
1590253649355 6.880910028765327e-05 0
1590254324829 7.47739790813162e-05 0
1590254999668 6.880910028765327e-05 0
1590255674907 6.427140108265818e-05 0
1590256350420 7.530234131751424e-05 0
1590257025174 7.414004257062508e-05 0
1590257700453 6.243285054270327e-05 0
1590258375339 6.933746252385134e-05 0
1590259050556 6.489624176275047e-05 0
1590259726116 7.003266516840465e-05 0
1590260401676 7.095222378027093e-05 0
1590261077188 6.360869639310531e-05 0
1590261751998 6.360869639310531e-05 0
1590262426831 6.360869639310531e-05 0
1590263101723 6.360869639310534e-05 0
1590263776983 6.360869639310532e-05 0
1590264452046 6.360869639310531e-05 0
1590265127213 6.867475783429848e-05 0
1590265802625 7.051175308550538e-05 0
1590266478196 7.564817649115954e-05 0
1590267153903 7.564817649115954e-05 0
1590267829736 8.202442623610956e-05 0
1590268505856 7.564817649115954e-05 0
1590269180726 7.564817649115954e-05 0
1590269857110 7.564817649115954e-05 0
1590270532687 8.202442623610956e-05 0
1590271207870 8.202442623610956e-05 0
1590271883337 8.202442623610957e-05 0
1590272559595 8.202442623610956e-05 0
1590273235155 7.564817649115954e-05 0
1590273910393 7.564817649115954e-05 0
1590274585623 8.202442623610954e-05 0
1590275259843 8.202442623610954e-05 0
1590275935739 7.564817649115954e-05 0
1590276611326 8.709048767730272e-05 0
1590277286877 8.202442623610954e-05 0
1590277962421 7.564817649115954e-05 0
