1590245548520 0.0006368357414746361 0
1590246221859 0.00031759252118603926 0
1590246896250 0.00030863799706363235 0
1590247571238 0.00033671476228469696 0
1590248246175 0.0003258630135221512 0
1590248921136 0.00036999522526644327 0
1590249597425 0.00036555856576366507 0
1590250272997 0.0003093669439706468 0
1590250947853 0.0003468817089864403 0
1590251623165 0.00031937239727042386 0
1590252298160 0.00027903992625458667 0
1590252973756 0.00027324880784224505 0
1590253649343 0.00030047185489198903 0
1590254324816 0.0002941012986818934 0
1590254999656 0.0002902779276972356 0
1590255674891 0.00029392901394417027 0
1590256350403 0.0003223947866930094 0
1590257025161 0.00029957243344000406 0
1590257700440 0.00029157998804916243 0
1590258375327 0.0002936181535898085 0
1590259050544 0.0002828510694451394 0
1590259726101 0.0002875693901325311 0
1590260401665 0.000283031690927536 0
1590261077171 0.00028756939013253115 0
1590261751987 0.00029343958831042153 0
1590262426819 0.0002816522303692175 0
1590263101709 0.0002988781542693496 0
1590263776972 0.0002864247819015161 0
1590264452034 0.00029296099450603583 0
1590265127198 0.00028669281679066127 0
1590265802612 0.000281405682045746 0
1590266478181 0.00027529291369521547 0
1590267153891 0.0002754885222824324 0
1590267829720 0.00029240367098491135 0
1590268505841 0.0002707080182610377 0
1590269180715 0.00028140568204574614 0
1590269857093 0.00028140568204574614 0
1590270532675 0.00027584444166669196 0
1590271207854 0.00028140568204574614 0
1590271883322 0.00027548852228243253 0
1590272559584 0.00027584444166669196 0
1590273235143 0.00027070801826103785 0
1590273910375 0.0002814056820457462 0
1590274585611 0.0002814056820457462 0
1590275259831 0.00028140568204574603 0
1590275935721 0.0002707080182610378 0
1590276611314 0.0002814056820457462 0
1590277286864 0.0002707080182610378 0
1590277962408 0.00027502943230079606 0
