1590245548530 0.0004223822389223789 0
1590246221868 0.00022755283796730086 0
1590246896261 0.0002165783765061492 0
1590247571247 0.00024075725614662645 0
1590248246184 0.0002670038657736637 0
1590248921148 0.0002340228025212801 0
1590249597435 0.00023977425894082088 0
1590250273006 0.00023601563036779627 0
1590250947861 0.0002226581852061923 0
1590251623178 0.00023630751924440762 0
1590252298172 0.00021158087956146877 0
1590252973766 0.00020931132482535886 0
1590253649352 0.00020454883719847827 0
1590254324825 0.0001916065516418267 0
1590254999665 0.00019258430575017115 0
1590255674903 0.00020884524715295396 0
1590256350416 0.0001990392188972903 0
1590257025171 0.000208971902939178 0
1590257700449 0.00020190702784776365 0
1590258375335 0.00019768860351886467 0
1590259050553 0.00019648887727559262 0
1590259726112 0.0002058608573329681 0
1590260401673 0.00020132315812797303 0
1590261077184 0.00020061514832293834 0
1590261751995 0.0002006151483229384 0
1590262426828 0.00020061514832293834 0
1590263101719 0.00019423889857798834 0
1590263776980 0.0002006151483229383 0
1590264452043 0.00019423889857798828 0
1590265127209 0.00019423889857798834 0
1590265802621 0.00019533473384291395 0
1590266478191 0.0002005804428529438 0
1590267153900 0.00018906655612753933 0
1590267829733 0.0002117909734502742 0
1590268505852 0.00018474514208778107 0
1590269180723 0.00018906655612753933 0
1590269857105 0.0001890665561275394 0
1590270532684 0.0001898815654934352 0
1590271207865 0.00019544280587248936 0
1590271883333 0.0001954428058724894 0
1590272559592 0.00018988156549343526 0
1590273235152 0.00018354123479328002 0
1590273910389 0.00019423889857798834 0
1590274585620 0.00020061514832293834 0
1590275259839 0.00019465026952927543 0
1590275935735 0.00018991748453823002 0
1590276611323 0.0002006151483229383 0
1590277286873 0.00018991748453822996 0
1590277962417 0.00019423889857798836 0
