1590245548531 0.0003128004516844002 0
1590246221869 0.00015283315738745466 0
1590246896262 0.00017924196170952009 0
1590247571248 0.00014647805264704063 0
1590248246185 0.00017361956044873898 0
1590248921151 0.0001441439619957236 0
1590249597436 0.00017252636777229937 0
1590250273007 0.0001621031999202775 0
1590250947863 0.00015784129350714126 0
1590251623180 0.00016750243108875658 0
1590252298173 0.00013373807412173552 0
1590252973767 0.00014862784951482372 0
1590253649353 0.00014349142610916953 0
1590254324826 0.00014349142610916955 0
1590254999666 0.0001382457170991397 0
1590255674904 0.0001547705126569204 0
1590256350418 0.00014345448449642285 0
1590257025172 0.00015957309270369418 0
1590257700450 0.00016448119431932052 0
1590258375337 0.00015477051265692037 0
1590259050554 0.00016080555901107398 0
1590259726113 0.00016458024599642844 0
1590260401674 0.00016004254679143336 0
1590261077186 0.0001582039962514784 0
1590261751996 0.00016458024599642844 0
1590262426829 0.00016971666940208258 0
1590263101720 0.00015820399625147838 0
1590263776981 0.00016458024599642841 0
1590264452044 0.00016334041965713258 0
1590265127210 0.00016334041965713255 0
1590265802622 0.0001537212994610893 0
1590266478193 0.00015372129946108934 0
1590267153901 0.00014832243106390535 0
1590267829734 0.00015469868080885538 0
1590268505854 0.00015453630882698518 0
1590269180724 0.00014832243106390535 0
1590269857107 0.0001432563696227122 0
1590270532685 0.00014913744042980128 0
1590271207866 0.00015469868080885538 0
1590271883335 0.00015469868080885538 0
1590272559593 0.00014913744042980122 0
1590273235153 0.00013769512924365808 0
1590273910390 0.00014325636962271218 0
1590274585621 0.00014963261936766219 0
1590275259840 0.00015469868080885535 0
1590275935736 0.00014407137898860808 0
1590276611324 0.0001541153161580513 0
1590277286874 0.00014407137898860806 0
1590277962419 0.0001477390664131013 0
