1590245548532 0.0001851998970198704 0
1590246221870 0.00010285547146663967 0
1590246896263 0.00013008991543303952 0
1590247571249 9.961355855773642e-05 0
1590248246186 0.00012498113371255405 0
1590248921153 0.0001069081517830083 0
1590249597437 0.00010034282117232855 0
1590250273009 9.801246078452857e-05 0
1590250947864 9.033097824329359e-05 0
1590251623181 0.00011130356508669956 0
1590252298174 0.00010248846196576135 0
1590252973768 0.00010200188401436474 0
1590253649354 9.686546060871056e-05 0
1590254324828 0.000107495961428048 0
1590254999667 0.0001015310826343851 0
1590255674906 0.00010630298566931544 0
1590256350419 0.00011314210624037013 0
1590257025173 0.00011675171052841132 0
1590257700452 0.00010211116600551408 0
1590258375338 0.0001080283257688277 0
1590259050555 0.00011478254190661439 0
1590259726115 0.00011478254190661443 0
1590260401675 0.00011478254190661442 0
1590261077187 0.00010244141336800148 0
1590261751997 0.00011402643051023462 0
1590262426830 0.00010881766311295151 0
1590263101721 0.00010244141336800151 0
1590263776982 0.00010881766311295151 0
1590264452045 0.00010244141336800148 0
1590265127211 0.00010244141336800148 0
1590265802624 0.00010244141336800148 0
1590266478195 0.00010244141336800151 0
1590267153902 0.00010244141336800151 0
1590267829735 0.00010881766311295151 0
1590268505855 0.00010325642273389735 0
1590269180725 0.00010244141336800148 0
1590269857108 0.00010244141336800148 0
1590270532686 0.00010325642273389735 0
1590271207868 0.00010881766311295151 0
1590271883336 0.00010881766311295151 0
1590272559594 0.00010850213174392717 0
1590273235154 0.00010212588199897714 0
1590273910391 0.00010768712237803131 0
1590274585622 0.00011406337212298131 0
1590275259842 0.00011406337212298128 0
1590275935738 0.00010850213174392713 0
1590276611325 0.00011406337212298128 0
1590277286875 0.00010850213174392714 0
1590277962420 0.00010768712237803131 0
