1590245499340 2.2273226534551473 0
1590246175002 0.9208199464452983 0
1590246849324 0.722326116264971 0
1590247524152 0.6313111983554464 0
1590248199329 0.5730880216769239 0
1590248874216 0.5268741874141637 0
1590249550528 0.48901723173921247 0
1590250226106 0.45296555960770446 0
1590250900695 0.42183356415659873 0
1590251576207 0.394122397605802 0
1590252251473 0.3846663996146466 0
1590252926850 0.3499438888811022 0
1590253602446 0.3318922314337221 0
1590254278103 0.31683512528553287 0
1590254952915 0.30467719865826165 0
1590255627809 0.29299426359366804 0
1590256303664 0.2831922886358799 0
1590256978306 0.27240409182896874 0
1590257653488 0.2638242040257528 0
1590258328620 0.25474907556138626 0
1590259003742 0.281706434585502 0
1590259678929 0.27479653184152336 0
1590260354875 0.2714118230024738 0
1590261030405 0.26878359853072553 0
1590261705061 0.26636328906638257 0
1590262380169 0.2650431279145496 0
1590263054941 0.26149535729785245 0
1590263730010 0.26137570884379746 0
1590264405224 0.25893072487083607 0
1590265080317 0.2590861115535601 0
1590265755701 0.27964806832853645 0
1590266431341 0.2783466125524336 0
1590267107029 0.27661340298742787 0
1590267782703 0.2759177804081594 0
1590268459038 0.2758446452218219 0
1590269133870 0.273785615968121 0
1590269810118 0.27329258419700336 0
1590270485873 0.27283812755562803 0
1590271161054 0.27350950550379094 0
1590271836350 0.271990566330101 0
1590272512853 0.2740646523566402 0
1590273188312 0.27403666285606026 0
1590273863381 0.27285393675978403 0
1590274538909 0.2729198744919585 0
1590275212964 0.2734163160442069 0
1590275888730 0.27330620982321746 0
1590276564450 0.27337722607327003 0
1590277239987 0.273000119697217 0
1590277915429 0.2722718319555315 0
