1590603202337 0.38330837677527446 0
1590604534137 0.5961295468215237 0
1590605873680 0.5252362576481766 0
1590607204799 0.622054206178257 0
1590608535153 0.6498892436196848 0
1590609871531 0.5800450891029593 0
1590611199808 0.6068471860087014 0
1590612537946 0.5376553250086507 0
1590613872180 0.664062086514948 0
1590615198579 0.5881485135629885 0
1590616541525 0.6259063375672209 0
1590617875052 0.6305158206346508 0
1590619209478 0.6577835967072112 0
1590620541469 0.6633101246827947 0
1590621885616 0.6367601927789323 0
1590623221361 0.6793269867010251 0
1590624549697 0.6781955142274797 0
1590625627187 0.6264786515596422 0
1590626569964 0.693049693317858 0
1590627511728 0.6558398076584491 0
1590628456118 0.7014279577826943 0
1590629522800 0.710344749683999 0
