1590603202360 0.6006920996248978 0
1590604534148 0.7906485975328975 0
1590605873683 0.7650323951067669 0
1590607204805 0.7927512082795116 0
1590608535157 0.8300236085166304 0
1590609871540 0.8040498776235318 0
1590611199811 0.7878526407389571 0
1590612537950 0.7435315677177456 0
1590613872184 0.8266305599299658 0
1590615198583 0.7872573627034498 0
1590616541544 0.795072533915069 0
1590617875056 0.7973635737354472 0
1590619209488 0.821005928598979 0
1590620541474 0.8255631250660793 0
1590621885621 0.8044711256896055 0
1590623221366 0.8306637690054591 0
1590624549708 0.8303825553142747 0
1590625627190 0.793943314640875 0
1590626569966 0.8328130577878421 0
1590627511732 0.8176586205154142 0
1590628456123 0.8376211286224358 0
1590629522804 0.8425781114899397 0
