1590603202333 0.40240612122980457 0
1590604534134 0.617515484125431 0
1590605873676 0.5487066149359628 0
1590607204795 0.6557004158977977 0
1590608535150 0.6765544110633365 0
1590609871528 0.5993433650392542 0
1590611199803 0.629443590287011 0
1590612537943 0.5597444452447973 0
1590613872177 0.6933450746693116 0
1590615198576 0.6064793972177767 0
1590616541521 0.6485724745122043 0
1590617875048 0.6543444079552778 0
1590619209474 0.6815431797125878 0
1590620541466 0.6883145675285408 0
1590621885613 0.6574349629614703 0
1590623221357 0.7028807788176622 0
1590624549693 0.7039111293027739 0
1590625627185 0.6474939320274765 0
1590626569961 0.7201330196184665 0
1590627511725 0.6793041813653773 0
1590628456114 0.7247591054447382 0
1590629522796 0.7393505266155894 0
