1590603202378 0.538719456385873 0
1590604534173 0.735932911887367 0
1590605873693 0.6982893287401886 0
1590607204825 0.7216009604404288 0
1590608535179 0.7669516823993637 0
1590609871559 0.7461674399922966 0
1590611199823 0.7268654435100721 0
1590612537969 0.6783054777754711 0
1590613872195 0.7586367958105301 0
1590615198593 0.7357456185448202 0
1590616541579 0.7374110549139129 0
1590617875066 0.7348108227039855 0
1590619209505 0.7566924991130086 0
1590620541494 0.7627775871961795 0
1590621885635 0.7442530660968208 0
1590623221389 0.7704800760230942 0
1590624549727 0.7672680786386777 0
1590625627195 0.7353201318003547 0
1590626569970 0.7683678155046997 0
1590627511736 0.7575278114485834 0
1590628456131 0.7789503167543941 0
1590629522810 0.7752439788766382 0
