1590603202332 0.40526010956119013 0
1590604534132 0.6212794537399521 0
1590605873675 0.5527194269919468 0
1590607204794 0.6619527774931578 0
1590608535148 0.6813328066902757 0
1590609871527 0.6024887735120877 0
1590611199801 0.6339457440285617 0
1590612537941 0.5622320502770725 0
1590613872175 0.6987994840655334 0
1590615198575 0.6099508616390732 0
1590616541520 0.652504180421718 0
1590617875047 0.6581677987867651 0
1590619209472 0.6856466159495099 0
1590620541464 0.6927363595221202 0
1590621885612 0.6607021946898269 0
1590623221355 0.7075056626819465 0
1590624549692 0.7083569383439043 0
1590625627184 0.6509035559245786 0
1590626569960 0.7254740691161338 0
1590627511724 0.6829456216324447 0
1590628456113 0.728556894785442 0
1590629522795 0.7445593256107735 0
