1590603202387 0.5766615852057518 0
1590604534179 0.7694108344242349 0
1590605873695 0.7394581166517472 0
1590607204831 0.7651431459181063 0
1590608535196 0.8059744640707415 0
1590609871562 0.7818785735768463 0
1590611199826 0.7645699409643294 0
1590612537974 0.718889677765907 0
1590613872197 0.8006418983916417 0
1590615198595 0.7673297370954218 0
1590616541583 0.7741336416328027 0
1590617875068 0.7744226631299185 0
1590619209510 0.7972548168995527 0
1590620541502 0.8013965241873334 0
1590621885637 0.7819119580049136 0
1590623221395 0.8078179245887673 0
1590624549731 0.8072131997653217 0
1590625627196 0.772008319199298 0
1590626569971 0.8088980724253303 0
1590627511737 0.795009365400836 0
1590628456132 0.8161217576765886 0
1590629522811 0.8178040831892885 0
