1590602912456 0.07779245056920278 0
1590604286234 0.03514734811886173 0
1590605610145 0.031469515062250014 0
1590606958273 0.02844218569365865 0
1590608273771 0.026526523021334923 0
1590609619191 0.02617538623051653 0
1590610940341 0.02450571426403073 0
1590612287366 0.023817144846319298 0
1590613610523 0.024626996422709803 0
1590614951561 0.022299658554227123 0
1590616280939 0.019886158299509828 0
1590617626208 0.019389074870716266 0
1590618952236 0.018784270235396 0
1590620294075 0.017888184539617154 0
1590621623552 0.01823221471590757 0
1590622970909 0.017863833929102776 0
1590624293191 0.01705311818495034 0
1590625468714 0.017069347188668222 0
1590626411268 0.016912299577610014 0
1590627352356 0.016425726246915472 0
1590628296334 0.015146746083769914 0
1590629301286 0.014579093845487275 0
1590630537721 0.014083857811327915 0
1590631854022 0.013867007986589951 0
1590633178436 0.01380820331947113 0
1590634505991 0.013717022674904085 0
1590635834372 0.013702789534135668 0
1590637153246 0.013445350594221068 0
1590638483217 0.01290865065718071 0
1590639803096 0.01260686789426916 0
1590641120771 0.012510620558755563 0
1590642443609 0.01208884912016843 0
1590643771617 0.011508940270277924 0
1590645086408 0.011158951632431698 0
1590646426749 0.01149753848938274 0
1590647756799 0.010865500792283439 0
1590649092517 0.011136239780017591 0
1590650414976 0.010849065503792103 0
1590651742444 0.01042815716133539 0
1590653065879 0.010770816534628039 0
1590654401127 0.010321243408266293 0
1590655723094 0.01011535260203648 0
1590657054765 0.00967442333659374 0
1590658377479 0.00963804933968348 0
1590659705991 0.010205923468805677 0
1590661010067 0.009856897760013476 0
1590662345228 0.00969470039295013 0
1590663546583 0.00983301893178688 0
