1590602912453 0.4049909440917912 0
1590604286231 0.3609359406978665 0
1590605610142 0.342979356536077 0
1590606958270 0.33256044076428404 0
1590608273768 0.3287987326188296 0
1590609619189 0.3224301172394148 0
1590610940338 0.3215353247620513 0
1590612287362 0.31975861629947544 0
1590613610521 0.31900934438691303 0
1590614951558 0.31722658035311546 0
1590616280937 0.3103784885536396 0
1590617626205 0.309504841354222 0
1590618952233 0.3066080972508115 0
1590620294071 0.3043122806036092 0
1590621623548 0.3057331197499522 0
1590622970906 0.30579674913043264 0
1590624293188 0.30552372333626115 0
1590625468711 0.3055044078579472 0
1590626411265 0.30034608765055815 0
1590627352353 0.30116632428873547 0
1590628296332 0.29791248944333254 0
1590629301284 0.2957260811368654 0
