1590602912455 0.3310208775081 0
1590604286232 0.28060414683518364 0
1590605610144 0.2684328719956995 0
1590606958271 0.26203522482697744 0
1590608273770 0.25732153073627034 0
1590609619190 0.2549855888132876 0
1590610940340 0.2515898146469828 0
1590612287364 0.24974845632015996 0
1590613610522 0.24820397242495004 0
1590614951560 0.24535551352400176 0
1590616280938 0.2366757900450652 0
1590617626207 0.23474380737923092 0
1590618952235 0.2336299708230439 0
1590620294074 0.23161605500883312 0
1590621623550 0.23187584732089597 0
1590622970908 0.23010685571570852 0
1590624293190 0.2281336935197008 0
1590625468713 0.2273815800915655 0
1590626411267 0.22676163762697385 0
1590627352355 0.22572766349349224 0
1590628296334 0.22105892342801797 0
1590629301285 0.2193742086427401 0
