1593214695846 0.21652786911059851 0
1593215525644 0.2384901094681056 0
1593216352994 0.2916927085144968 0
1593217175304 0.3014278386516208 0
1593218003072 0.22783646962648707 0
1593218842727 0.35952419744186614 0
1593219669875 0.26854960759475627 0
1593220492740 0.37232409885894924 0
1593221320866 0.25038654100169505 0
1593222146054 0.29519571521938326 0
1593222972562 0.3072625927574671 0
1593223802110 0.2769898423331874 0
1593224628836 0.24678748415302068 0
1593225464540 0.29766981706244405 0
1593226289125 0.3934909470988338 0
1593227113149 0.295352709471713 0
1593227936953 0.37757363255815546 0
1593228744763 0.3307538930525335 0
1593229548826 0.3505980774928551 0
1593230357755 0.3501927727718837 0
1593231162597 0.29322785369974635 0
1593231971823 0.36632231459076875 0
1593232773655 0.3715921513810998 0
1593233577725 0.3520626780695106 0
1593234380502 0.36839731541295934 0
1593235180880 0.34268791368029733 0
1593235979406 0.40169395638359306 0
1593236781848 0.3705590596441983 0
1593237590073 0.3864315174095744 0
1593238397667 0.3828230846572825 0
1593239199291 0.4225265875157576 0
1593240002908 0.4273091665344184 0
1593240807359 0.4028710583481486 0
1593241607918 0.4152936714090654 0
1593242414917 0.4146455597662604 0
1593243221692 0.41869315595220286 0
1593244021339 0.3993113760440162 0
1593244826361 0.4428564533378865 0
1593245633129 0.44626800188264926 0
1593246437044 0.42497251789879276 0
1593247236604 0.44246404743543705 0
1593248042177 0.43934829462310393 0
1593248841983 0.42508287572254677 0
1593249641300 0.4749553496130681 0
1593250441818 0.4676831093620309 0
1593251245154 0.4613253977284321 0
1593252044571 0.4640654513978398 0
1593252852046 0.4683677566174933 0
1593253654939 0.47340855163330753 0
1593254459642 0.47288353184842363 0
1593255262554 0.4744725749078982 0
1593256070670 0.4759814099376422 0
1593256875374 0.47656334032585945 0
1593257686653 0.4711285381156452 0
1593258489899 0.47432135988670127 0
1593259294972 0.4676047508263079 0
1593260105490 0.4663605390677559 0
1593260911795 0.4731809121614337 0
1593261719314 0.45519707092522793 0
1593262523368 0.48831395865977983 0
1593263322286 0.4748818979301021 0
1593264126401 0.47087597641057327 0
1593264929693 0.46035181045288065 0
1593265734806 0.4419506239631921 0
1593266536136 0.4506242853368875 0
1593267344611 0.4854434613624797 0
1593268146192 0.496354128939677 0
1593268949541 0.42833411681159 0
1593269752690 0.38015577731006267 0
1593270557538 0.3858238231884681 0
1593271358613 0.4411069694341455 0
1593272162143 0.43213996249608566 0
1593272962623 0.4694328079225169 0
1593273769000 0.38944900464079635 0
1593274958621 0.4736606292142875 0
1593276167404 0.46028030569506584 0
1593277370690 0.4933256796411201 0
1593278604958 0.42320874660788044 0
1593279815018 0.43962796841451873 0
1593281037811 0.36717823271696215 0
1593282145319 0.46210691337376736 0
