1593214695843 0.22160496652821962 0
1593215525642 0.24421134349548565 0
1593216352991 0.30118080422753263 0
1593217175301 0.3110300038648413 0
1593218003070 0.23347125759529128 0
1593218842724 0.3705359703138737 0
1593219669873 0.2759132640923533 0
1593220492737 0.38039885779465993 0
1593221320864 0.25584408245667434 0
1593222146051 0.30467992126608706 0
1593222972561 0.31661878398764637 0
1593223802108 0.2840675828867978 0
1593224628834 0.25291501953787987 0
1593225464538 0.30638566153196245 0
1593226289123 0.406823451245742 0
1593227113147 0.303314149627576 0
1593227936951 0.38843061866217193 0
1593228744755 0.33851445949507447 0
1593229548824 0.3595232443334395 0
1593230357753 0.3617508996749608 0
1593231162595 0.30359909172593513 0
1593231971821 0.37596814476964285 0
1593232773653 0.38377887952920486 0
1593233577723 0.3620631002047336 0
1593234380499 0.37972753971295004 0
1593235180874 0.3526101703282009 0
1593235979404 0.41485300782613654 0
1593236781846 0.38170550108565604 0
1593237590072 0.39720370612031985 0
1593238397664 0.3941992266999993 0
1593239199288 0.43583076102985246 0
1593240002906 0.4412905383638066 0
1593240807357 0.4157285287494977 0
1593241607914 0.4291573438445402 0
1593242414914 0.4257477445133344 0
1593243221687 0.43043268682689895 0
1593244021337 0.413688489217549 0
1593244826359 0.4567382901533035 0
1593245633126 0.45950194210859885 0
1593246437042 0.438665649937491 0
1593247236601 0.4563995893978106 0
1593248042175 0.45145534085054767 0
1593248841980 0.4359187868305792 0
1593249641298 0.488727094805367 0
1593250441816 0.4808799964021096 0
1593251245152 0.47419411299231884 0
1593252044569 0.4772604387529337 0
1593252852044 0.4823489049526703 0
1593253654938 0.4869726211864953 0
1593254459640 0.48708324292178656 0
1593255262551 0.48872273691820817 0
1593256070668 0.4903640783340351 0
1593256875371 0.4909585435562727 0
1593257686651 0.4846201599121177 0
1593258489896 0.487804096016314 0
1593259294970 0.48049922299314435 0
1593260105487 0.48070619907228856 0
1593260911793 0.485987801204864 0
1593261719312 0.4683962003586837 0
1593262523366 0.5042594239260448 0
1593263322283 0.4899892505858177 0
1593264126399 0.4851874129092646 0
1593264929691 0.47622269767678005 0
1593265734803 0.4567887899891089 0
1593266536134 0.46643174921563035 0
1593267344609 0.5000121302990668 0
1593268146190 0.5127223141831481 0
1593268949539 0.43967146767448356 0
1593269752687 0.3900262599801881 0
1593270557536 0.39624166916832204 0
1593271358610 0.453482069012623 0
1593272162140 0.44414343706395826 0
1593272962621 0.4849751541764065 0
1593273768998 0.40190588351672546 0
1593274958619 0.4882677660643593 0
1593276167402 0.4745427698515942 0
1593277370687 0.5074883484293871 0
1593278604956 0.4371656320259237 0
1593279815014 0.4513727477803529 0
1593281037798 0.3778219209956737 0
1593282145316 0.47726153481608247 0
