1593214695860 0.5059920198997722 0
1593215525660 0.5110959796384851 0
1593216353003 0.5802920905650938 0
1593217175328 0.5889046991841846 0
1593218003096 0.5513308811050309 0
1593218842743 0.6353216358531527 0
1593219669885 0.5773553910949724 0
1593220492750 0.6357580960728936 0
1593221320880 0.5650808599211307 0
1593222146064 0.5944679173277635 0
1593222972572 0.5890694488939903 0
1593223802137 0.578445463849473 0
1593224628867 0.5340656016922858 0
1593225464553 0.6026744366220795 0
1593226289137 0.6283748231219629 0
1593227113170 0.576035807159253 0
1593227936960 0.6382506403893929 0
1593228744773 0.6258857272133204 0
1593229548833 0.6276868636455136 0
1593230357767 0.6135615866649142 0
1593231162609 0.5887664950648379 0
1593231971833 0.6183271686490488 0
1593232773669 0.6324935341835739 0
1593233577738 0.6257187084359925 0
1593234380514 0.6281142758297764 0
1593235180909 0.6324699912023954 0
1593235979419 0.6516022346200984 0
1593236781860 0.637546043638429 0
1593237590081 0.6391038409220829 0
1593238397681 0.6419935845847246 0
1593239199301 0.6462367582251825 0
1593240002919 0.6471683220380189 0
1593240807372 0.6415371441860551 0
1593241607929 0.6461208995795651 0
1593242414930 0.6468437535425599 0
1593243221712 0.6543374589021159 0
1593244021349 0.6432172191978693 0
1593244826377 0.6544370124840978 0
1593245633148 0.6628885955399894 0
1593246437065 0.6514975371972161 0
1593247236616 0.6575397032177019 0
1593248042189 0.6548241518905241 0
1593248841996 0.6452715463071134 0
1593249641315 0.6709828943339257 0
1593250441827 0.662121684369782 0
1593251245169 0.6603228893012145 0
1593252044578 0.6631976072429966 0
1593252852072 0.6680164474263524 0
1593253654946 0.6701230631180085 0
1593254459652 0.6680830153648545 0
1593255262568 0.6673277861624143 0
1593256070677 0.6697315863730037 0
1593256875394 0.6734104149479154 0
1593257686665 0.6643239266401356 0
1593258489915 0.6696669470263349 0
1593259294985 0.6675488983963229 0
1593260105502 0.6622508421068249 0
1593260911807 0.6671689323016153 0
1593261719322 0.6613944842553677 0
1593262523382 0.6692814124984756 0
1593263322296 0.6620424820638735 0
1593264126412 0.659451884383538 0
1593264929705 0.6657111180042672 0
1593265734817 0.6496515815167858 0
1593266536149 0.6634592851581287 0
1593267344621 0.663477720399204 0
1593268146205 0.6697367856759351 0
1593268949551 0.6520444806363574 0
1593269752702 0.6478458494582247 0
1593270557549 0.6336131259956906 0
1593271358623 0.6661370811462549 0
1593272162154 0.6652788936433941 0
1593272962629 0.662233776709556 0
1593273769009 0.6426639339777057 0
1593274958634 0.6580666584494249 0
1593276167429 0.6637116169431119 0
1593277370717 0.6576706460534973 0
1593278605013 0.6652216344266938 0
1593279815095 0.6450653013237374 0
1593281037900 0.6310517236872523 0
1593282145341 0.6644333492594772 0
