1593214695852 0.6229180404082669 0
1593215525651 0.6271633314868232 0
1593216352999 0.6952802533438512 0
1593217175315 0.7007074916377793 0
1593218003084 0.6613103910159495 0
1593218842734 0.7385529035068972 0
1593219669881 0.6962783469130644 0
1593220492745 0.7437269926560726 0
1593221320872 0.659990095260747 0
1593222146059 0.7109785357361122 0
1593222972568 0.6978957145941928 0
1593223802124 0.6725137825504894 0
1593224628862 0.6378453816498585 0
1593225464546 0.7104235675571797 0
1593226289131 0.747221728954551 0
1593227113160 0.6855223623287733 0
1593227936958 0.7426598340521483 0
1593228744769 0.7312913073205355 0
1593229548830 0.7278615637146121 0
1593230357761 0.7248459928981767 0
1593231162604 0.706471459182248 0
1593231971829 0.7231015006422373 0
1593232773661 0.7418089943107579 0
1593233577731 0.7296444658981673 0
1593234380509 0.7335677353460802 0
1593235180896 0.726105861513817 0
1593235979412 0.7648501056865747 0
1593236781854 0.7443413758847878 0
1593237590078 0.7486675636617867 0
1593238397672 0.7567249670710204 0
1593239199296 0.75033391604149 0
1593240002914 0.7541857873940868 0
1593240807365 0.7442631521065554 0
1593241607924 0.7558257067161231 0
1593242414922 0.744692073863639 0
1593243221704 0.7580944325833789 0
1593244021344 0.7493164828334766 0
1593244826369 0.7659965226661455 0
1593245633134 0.7646728697183778 0
1593246437051 0.7579649814002485 0
1593247236609 0.7634975626601872 0
1593248042183 0.7568509093246137 0
1593248841990 0.7550961403910662 0
1593249641310 0.7810552439409465 0
1593250441823 0.7666347373398658 0
1593251245159 0.7647652542134901 0
1593252044575 0.7686403540890413 0
1593252852062 0.7696135446471506 0
1593253654943 0.771609445427756 0
1593254459648 0.7724605618388175 0
1593255262559 0.7720869772812914 0
1593256070674 0.7734904623375921 0
1593256875382 0.7755218645070359 0
1593257686658 0.7722941903030507 0
1593258489905 0.7713403894008715 0
1593259294977 0.768707083890856 0
1593260105495 0.7719463216456824 0
1593260911801 0.7733313750247768 0
1593261719319 0.7694921533864428 0
1593262523374 0.7742424068702345 0
1593263322291 0.7707424905394723 0
1593264126407 0.7669398732979916 0
1593264929699 0.7736787417188304 0
1593265734811 0.7629807057384919 0
1593266536142 0.7691022537255734 0
1593267344616 0.76729278808493 0
1593268146198 0.7784439574086923 0
1593268949547 0.7582621617176464 0
1593269752695 0.7490594476385488 0
1593270557544 0.729843546892566 0
1593271358618 0.7666591796896615 0
1593272162148 0.7670679945739917 0
1593272962626 0.7648244873191338 0
1593273769005 0.7495403465101081 0
1593274958626 0.7636820617542481 0
1593276167413 0.770823789661701 0
1593277370704 0.7734329452356362 0
1593278604982 0.7671730130902629 0
1593279815073 0.754200919015475 0
1593281037863 0.7350035937165836 0
1593282145330 0.7706542042812324 0
