1593214695842 0.22255851481142147 0
1593215525640 0.24584548952142457 0
1593216352990 0.3033822327166184 0
1593217175300 0.31274867080550783 0
1593218003068 0.23468571530498814 0
1593218842723 0.37219986065025296 0
1593219669871 0.27740473863619586 0
1593220492735 0.3833732327196671 0
1593221320863 0.2567145408409437 0
1593222146050 0.3066819154812335 0
1593222972560 0.3184240565209577 0
1593223802103 0.2852680813216235 0
1593224628833 0.2545943021577544 0
1593225464536 0.3076145813859826 0
1593226289122 0.41121905391186264 0
1593227113146 0.3051903394118176 0
1593227936950 0.3907462711607721 0
1593228744754 0.3403803810828067 0
1593229548817 0.3615399376471295 0
1593230357752 0.3640987046644392 0
1593231162594 0.3055379429368113 0
1593231971820 0.3782482653489084 0
1593232773652 0.38651534397634196 0
1593233577722 0.3645838122824909 0
1593234380498 0.3821416969204405 0
1593235180871 0.35441875716857757 0
1593235979403 0.4175905738196933 0
1593236781845 0.38482043928397136 0
1593237590071 0.398884055646833 0
1593238397663 0.39620395292152805 0
1593239199287 0.4392280724237127 0
1593240002905 0.444752997215801 0
1593240807356 0.41862234273070403 0
1593241607913 0.43219328619562913 0
1593242414913 0.42874508099720365 0
1593243221684 0.4340644020509252 0
1593244021336 0.41774877303618896 0
1593244826357 0.46120665597294364 0
1593245633125 0.4634819065711625 0
1593246437041 0.44168240212064347 0
1593247236600 0.4604378359627049 0
1593248042174 0.4555662800086175 0
1593248841978 0.4399006791305984 0
1593249641296 0.49406509769631574 0
1593250441815 0.48505958762680945 0
1593251245151 0.4784615095170197 0
1593252044568 0.4818911563157582 0
1593252852042 0.48674743035884616 0
1593253654937 0.4916646594455109 0
1593254459639 0.4914690470042004 0
1593255262550 0.4928268857979798 0
1593256070667 0.49524511060011 0
1593256875370 0.49556464824425356 0
1593257686649 0.4888769189411282 0
1593258489895 0.49189696668440647 0
1593259294969 0.48445158926112475 0
1593260105486 0.48534717151932416 0
1593260911792 0.49093541232045823 0
1593261719311 0.47247772101338387 0
1593262523365 0.5094291583533925 0
1593263322282 0.49345350760301304 0
1593264126398 0.49027504450846804 0
1593264929690 0.48031995586586756 0
1593265734802 0.4610121676255487 0
1593266536133 0.47016870202818234 0
1593267344608 0.5048623835451802 0
1593268146189 0.5171287599042106 0
1593268949538 0.4432240335762105 0
1593269752687 0.3925699468391868 0
1593270557535 0.39935958072988303 0
1593271358609 0.45788421995251327 0
1593272162139 0.44724057399355827 0
1593272962621 0.48978601822323425 0
1593273768997 0.404670009878929 0
1593274958617 0.49343790862255715 0
1593276167400 0.48040745175678023 0
1593277370686 0.5140718623670205 0
1593278604955 0.44217482350897513 0
1593279815008 0.4557033147918547 0
1593281037793 0.38027999191905765 0
1593282145315 0.4814357210592685 0
