1593214695847 0.210526196282008 0
1593215525645 0.23121961987224512 0
1593216352995 0.28416242050624724 0
1593217175305 0.2934908802356718 0
1593218003073 0.22254933691708362 0
1593218842728 0.349803662651979 0
1593219669876 0.26070954815787617 0
1593220492741 0.3603346914735663 0
1593221320867 0.2443038697299973 0
1593222146055 0.2869846830898699 0
1593222972563 0.2977559347517544 0
1593223802111 0.2705921990164523 0
1593224628837 0.23894463944808045 0
1593225464541 0.2914960048411565 0
1593226289126 0.37943767043426113 0
1593227113150 0.2851569611461862 0
1593227936954 0.3677942353220977 0
1593228744764 0.3211275399008587 0
1593229548827 0.3399174411957834 0
1593230357757 0.34014813019519474 0
1593231162598 0.2852942126983103 0
1593231971825 0.35704185595027993 0
1593232773657 0.3629886895205847 0
1593233577726 0.3413879302108463 0
1593234380503 0.3586445442351833 0
1593235180883 0.33322286536820034 0
1593235979408 0.3904971684034779 0
1593236781850 0.3593912834264746 0
1593237590074 0.37380259663363985 0
1593238397668 0.3714988114923366 0
1593239199292 0.40870657226794654 0
1593240002909 0.4132883990557926 0
1593240807360 0.39297394696695476 0
1593241607919 0.4035004247269947 0
1593242414918 0.4033028308441903 0
1593243221695 0.40517257860430905 0
1593244021340 0.38846213306082944 0
1593244826362 0.4284655160116874 0
1593245633130 0.4337104948098111 0
1593246437045 0.41241400671927164 0
1593247236605 0.42978378974279285 0
1593248042179 0.42449808949327955 0
1593248841985 0.41064345072274006 0
1593249641301 0.4589183547667217 0
1593250441819 0.4515777602103692 0
1593251245155 0.4461012520167392 0
1593252044572 0.448191764791159 0
1593252852047 0.45465110070679715 0
1593253654940 0.4583699214901133 0
1593254459644 0.4586193959861271 0
1593255262555 0.46060025445301817 0
1593256070671 0.46172274529248786 0
1593256875375 0.462021395287707 0
1593257686654 0.45615583769372675 0
1593258489900 0.4575187657618486 0
1593259294973 0.4515858982690777 0
1593260105491 0.4509095820613318 0
1593260911797 0.4575066263692307 0
1593261719315 0.44010539194679293 0
1593262523369 0.4731163425353467 0
1593263322287 0.4592409997240104 0
1593264126403 0.457585346258689 0
1593264929694 0.44565227317466055 0
1593265734807 0.427275455122667 0
1593266536138 0.43605984109186186 0
1593267344612 0.4699904612346346 0
1593268146193 0.48110627487304186 0
1593268949542 0.41536154041237267 0
1593269752691 0.368963432559021 0
1593270557539 0.3754535100036971 0
1593271358614 0.4266750802282421 0
1593272162144 0.4187511623145443 0
1593272962623 0.4523574942908273 0
1593273769001 0.3774227494113609 0
1593274958622 0.4601501807955015 0
1593276167405 0.44690542336492994 0
1593277370691 0.4744973651801264 0
1593278604959 0.4100167904605796 0
1593279815020 0.423438665748194 0
1593281037817 0.3558702069752306 0
1593282145320 0.4487730764242709 0
