1593214639852 0.15659026574399887 0
1593215474409 0.1462220229547132 0
1593216302370 0.14224859664329526 0
1593217124403 0.14033101167473377 0
1593217949818 0.13960415205325594 0
1593218793760 0.13802329604655053 0
1593219618991 0.13718433318321 0
1593220444943 0.13732338362288746 0
1593221271136 0.13704497333277355 0
1593222095221 0.13593108377729854 0
1593222921321 0.13618193885706592 0
1593223752990 0.1340001434454638 0
1593224577300 0.13361136561654735 0
1593225415714 0.1334861607685911 0
1593226240968 0.1322533463156133 0
1593227063862 0.13179304751313545 0
1593227888834 0.13106702671696743 0
1593228697679 0.12986137365188563 0
1593229503058 0.12935051537880843 0
1593230311154 0.13014889083746256 0
1593231115667 0.12902819365262985 0
1593231924858 0.12792083677468877 0
1593232726615 0.12695246665371637 0
1593233530676 0.12660907221619377 0
1593234333901 0.12603562694946022 0
1593235133826 0.12543863464485516 0
1593235933143 0.12418337878912236 0
1593236734997 0.12395762340306785 0
1593237542765 0.12299529621095369 0
1593238350372 0.1223851911102732 0
1593239152447 0.12259171445938674 0
1593239956072 0.12117813679982316 0
1593240760242 0.12116396985948086 0
1593241561717 0.12057687820528042 0
1593242368482 0.11996989652062907 0
1593243174660 0.11995728951737736 0
1593243975303 0.11862509010472533 0
1593244779658 0.11865606046084201 0
1593245585756 0.1180717243079209 0
1593246391211 0.11843396134843881 0
1593247191514 0.11750199209729378 0
1593247995069 0.11685219198239571 0
1593248795992 0.11674398123145555 0
1593249595675 0.11645063245669007 0
1593250395678 0.11620254089322055 0
1593251200507 0.11655300775204193 0
1593251999278 0.11616937141639716 0
1593252805286 0.11602946576859915 0
1593253608678 0.11581069157656396 0
1593254412683 0.11612154750830748 0
1593255215539 0.11569517706944184 0
1593256023930 0.1153666999642596 0
1593256828753 0.11612204305658286 0
1593257640309 0.11570632329323527 0
1593258444671 0.11582719026641412 0
1593259248451 0.11593724760424459 0
1593260058349 0.11622827021743763 0
1593260864996 0.11618768404040372 0
1593261672403 0.11629683003676208 0
1593262476614 0.11580740854454537 0
1593263277544 0.11657842791949709 0
1593264081060 0.1168335173279047 0
1593264883536 0.11646209770079816 0
1593265689330 0.11697753414398793 0
1593266490725 0.11673226659045075 0
1593267298610 0.11735180224235536 0
1593268099785 0.11727623776956038 0
1593268904536 0.11776276435138601 0
1593269706378 0.11772848643136746 0
1593270510448 0.11816580431310064 0
1593271312137 0.11815893233781963 0
1593272115026 0.11862978950199304 0
1593272916703 0.11962088444411303 0
1593273721661 0.11968022885478356 0
1593274885477 0.1197151139547879 0
1593276082875 0.12015416401184419 0
1593277287209 0.12019420621182883 0
1593278520238 0.1201163173766073 0
1593279730726 0.11961636738851666 0
1593280950878 0.12122713675666036 0
1593282088342 0.12087964294760516 0
