1593214639851 0.2651037884819688 0
1593215474406 0.23310519258181253 0
1593216302368 0.22628453737971457 0
1593217124401 0.22208094275133175 0
1593217949816 0.21903181454223214 0
1593218793758 0.21547843896868554 0
1593219618988 0.21431810403186263 0
1593220444941 0.21369034246626226 0
1593221271134 0.2123600242828781 0
1593222095219 0.21051183122802863 0
1593222921318 0.21065663695899825 0
1593223752988 0.20658693451321486 0
1593224577298 0.205409992345129 0
1593225415712 0.20423508604819124 0
1593226240966 0.2030362312992414 0
1593227063860 0.20126582196716106 0
1593227888832 0.2008476352996447 0
1593228697677 0.1994320535467881 0
1593229503056 0.19780287617873965 0
1593230311152 0.1991113213201364 0
1593231115665 0.19785776773862768 0
1593231924856 0.19549836710829174 0
1593232726613 0.19394966982530826 0
1593233530674 0.19307711680955958 0
1593234333899 0.19141651241278107 0
1593235133824 0.19075924615291032 0
1593235933141 0.1893554524885434 0
1593236734995 0.18798471501830852 0
1593237542763 0.18797387250445105 0
1593238350370 0.18662766485729002 0
1593239152445 0.185178044421429 0
1593239956070 0.18510437024418602 0
1593240760239 0.18410984016108242 0
1593241561715 0.18270869812730586 0
1593242368480 0.1817992084913633 0
1593243174657 0.1819666043827028 0
1593243975301 0.18018831043137293 0
1593244779656 0.17928307479473227 0
1593245585753 0.17819575292312287 0
1593246391209 0.17800983754127767 0
1593247191512 0.17679268962731867 0
1593247995067 0.17651185017982216 0
1593248795990 0.17558252656211457 0
1593249595673 0.1762440489379294 0
1593250395676 0.1756973898348709 0
1593251200505 0.1747053788523331 0
1593251999276 0.17483404813560122 0
1593252805284 0.17421088936371784 0
1593253608676 0.17455603892096516 0
1593254412681 0.17369779327771429 0
1593255215537 0.17461833841816493 0
1593256023928 0.1741342303117342 0
1593256828751 0.17486387141274684 0
1593257640307 0.17419463579514713 0
1593258444668 0.1744636304563645 0
1593259248450 0.17489239557956657 0
1593260058347 0.17471063153987582 0
1593260864994 0.17498834555347761 0
1593261672401 0.1750648066006375 0
1593262476611 0.17517001674312985 0
1593263277542 0.17519686437409485 0
1593264081058 0.17541438264941628 0
1593264883535 0.17599920856512405 0
1593265689328 0.17576570389792323 0
1593266490723 0.17573391085942136 0
1593267298608 0.17607871639175396 0
1593268099784 0.17630908118956018 0
1593268904534 0.17762371398169885 0
1593269706376 0.17710486309828632 0
1593270510446 0.17761939802122387 0
1593271312135 0.1777552591044117 0
1593272115024 0.17832244979217649 0
1593272916701 0.17945648498381628 0
1593273721659 0.17985358048286854 0
1593274885475 0.17983428168703208 0
1593276082872 0.1800242392628482 0
1593277287207 0.18056091357191856 0
1593278520236 0.18007606687024236 0
1593279730724 0.1794528761511725 0
1593280950876 0.18283041663975877 0
1593282088340 0.18121651989040952 0
