1593214639851 0.132625749454636 0
1593215474408 0.08963123791512441 0
1593216302369 0.08245215360357454 0
1593217124402 0.07818916110166658 0
1593217949817 0.07574947449294003 0
1593218793759 0.07337052326748204 0
1593219618989 0.07099978326622283 0
1593220444942 0.07112722913381841 0
1593221271135 0.06914483426336313 0
1593222095220 0.0688699898345283 0
1593222921319 0.06818621888911973 0
1593223752989 0.06342238026219561 0
1593224577299 0.06368339868883292 0
1593225415713 0.063508965491289 0
1593226240967 0.061492460878622354 0
1593227063861 0.060536504606716335 0
1593227888833 0.05953438660115794 0
1593228697678 0.05710957097383498 0
1593229503057 0.05665458372977534 0
1593230311153 0.05732721223665232 0
1593231115666 0.05581721688169196 0
1593231924857 0.05366859815055222 0
1593232726614 0.05077423629612013 0
1593233530675 0.05097090735833979 0
1593234333900 0.0501144194523945 0
1593235133825 0.050082760970602096 0
1593235933142 0.04769895188016535 0
1593236734996 0.04707485436334868 0
1593237542764 0.04577793173357901 0
1593238350371 0.04503280419157818 0
1593239152446 0.044863048279446295 0
1593239956071 0.0422811534001746 0
1593240760240 0.04217852747321806 0
1593241561716 0.04037694918753749 0
1593242368481 0.040651631926073496 0
1593243174659 0.04052336995885002 0
1593243975302 0.037723666709621975 0
1593244779657 0.038034135775612384 0
1593245585754 0.03753193860845358 0
1593246391210 0.038061895121989604 0
1593247191513 0.03654239810368216 0
1593247995068 0.03583247531081945 0
1593248795991 0.036107305638407444 0
1593249595674 0.036017547185165866 0
1593250395677 0.03528067513164415 0
1593251200506 0.03470479532596514 0
1593251999277 0.034919976875905624 0
1593252805285 0.0345405376336368 0
1593253608677 0.03430665600127682 0
1593254412682 0.03444768622813916 0
1593255215538 0.03419859461648615 0
1593256023929 0.03411850804343086 0
1593256828752 0.033860388947439125 0
1593257640308 0.034300563260771785 0
1593258444670 0.03414208082319943 0
1593259248450 0.0341727638521909 0
1593260058348 0.0346603844470034 0
1593260864995 0.03449304039928724 0
1593261672402 0.03510375393230016 0
1593262476613 0.03491442193361846 0
1593263277543 0.03484227382542678 0
1593264081059 0.03534393717894669 0
1593264883536 0.03453990318424379 0
1593265689329 0.0351967130272621 0
1593266490724 0.035000566673592075 0
1593267298609 0.03556098334604141 0
1593268099785 0.03617083612885891 0
1593268904535 0.0365363797843174 0
1593269706377 0.03628406664674086 0
1593270510447 0.036436565190370224 0
1593271312136 0.037340582475404845 0
1593272115025 0.03791900976141209 0
1593272916702 0.038439223313506576 0
1593273721660 0.03864029881184582 0
1593274885476 0.03928051656817622 0
1593276082873 0.04073659648631953 0
1593277287208 0.0398575565389668 0
1593278520237 0.039188762091340104 0
1593279730725 0.037825062475872764 0
1593280950877 0.041446051473912754 0
1593282088341 0.04018550705531555 0
