1590170914851 0.069362809935608 0
1590171533309 0.08929552595489956 0
1590172153600 0.11886149185908856 0
1590172781456 0.14198122382722553 0
1590173409702 0.10890556439017733 0
1590174038180 0.16949320612385604 0
1590174667386 0.14016239829705684 0
1590175296116 0.18385214876058933 0
1590175925411 0.17975071785328173 0
1590176555786 0.1839459899406056 0
1590177184831 0.17266474849573016 0
1590177811005 0.1988654749934238 0
1590178438153 0.1659378418109973 0
1590179071721 0.18451752486607237 0
1590179699144 0.1940927077939824 0
1590180328630 0.20927398050805637 0
1590180956318 0.19450235862987397 0
1590181584289 0.1781957529226335 0
1590182212066 0.15531822521027353 0
1590182842599 0.1262275757164017 0
1590183473458 0.16322801854444288 0
1590184102084 0.16870916766789137 0
1590184728665 0.17110770231926592 0
1590185357944 0.17946264166194453 0
1590185985398 0.19575015562001094 0
1590186614248 0.17634425890841784 0
1590187243356 0.17553339026318981 0
1590187868198 0.1795019360164871 0
1590188495217 0.18476519131154093 0
1590189122423 0.18650069401873953 0
1590189752057 0.18299448686094189 0
1590190381776 0.18327292976078002 0
1590190997895 0.1814781555758705 0
1590191593684 0.18267690269290698 0
1590192186564 0.18151799317177916 0
1590192778683 0.17888246818322137 0
1590193370966 0.17796660366285882 0
1590193968622 0.18561039975231075 0
1590194561048 0.18133128674320614 0
1590195150765 0.1830707823438022 0
1590195742831 0.17423021559930854 0
1590196332976 0.18202220798420327 0
1590196923416 0.1861153376594738 0
1590197516183 0.18779170344392965 0
1590198106955 0.19289909117549345 0
1590198700154 0.1942135940364418 0
1590199293791 0.1983295648809112 0
1590199884361 0.19808908105494866 0
1590200477232 0.19917288595546936 0
1590201066530 0.2005979081416524 0
1590201656485 0.19775553458118922 0
1590202248555 0.19598173527492826 0
