1590170914850 0.09559443885136049 0
1590171533308 0.1200639831013566 0
1590172153599 0.15392234602160337 0
1590172781456 0.18298942864250153 0
1590173409700 0.1448487392006968 0
1590174038179 0.21557727132482993 0
1590174667385 0.1843499720924994 0
1590175296115 0.23298710955378932 0
1590175925408 0.23181472730082595 0
1590176555785 0.23414884437517228 0
1590177184826 0.22408558069647366 0
1590177811004 0.2522489715238687 0
1590178438152 0.21670039350297396 0
1590179071720 0.23543467640268012 0
1590179699142 0.2448565862758747 0
1590180328629 0.25971688999183234 0
1590180956317 0.2433206081745655 0
1590181584288 0.22423396494851688 0
1590182212065 0.19947467188792192 0
1590182842598 0.1667864173511694 0
1590183473457 0.2151745963751968 0
1590184102082 0.21927529102958002 0
1590184728664 0.22072809850939762 0
1590185357942 0.23225765589091196 0
1590185985395 0.24626706852286773 0
1590186614248 0.22999717601024489 0
1590187243355 0.2267965312599628 0
1590187868197 0.23031081876158738 0
1590188495215 0.235298463710968 0
1590189122422 0.23776103512435026 0
1590189752055 0.23199130263196238 0
1590190381775 0.23166416586118843 0
1590190997895 0.23031737738837632 0
1590191593682 0.23170189276650846 0
1590192186563 0.230645452491 0
1590192778683 0.22782320804918876 0
1590193370965 0.2272649734387089 0
1590193968621 0.23582758979910387 0
1590194561047 0.2307831916382528 0
1590195150762 0.23292083475003092 0
1590195742830 0.22426969175994108 0
1590196332975 0.2328211163026343 0
1590196923415 0.2383910788517457 0
1590197516183 0.24028081947224686 0
1590198106955 0.24553673611406351 0
1590198700153 0.2464118165378911 0
1590199293790 0.2508765400652733 0
1590199884360 0.2507532388164717 0
1590200477231 0.2515768817172121 0
1590201066529 0.2533691097755969 0
1590201656485 0.2512337481021757 0
1590202248553 0.24914186046221412 0
