1590170914852 0.04471686574185897 0
1590171533310 0.06289499141157695 0
1590172153601 0.08669904622707202 0
1590172781457 0.10371458496990006 0
1590173409703 0.07798732889339148 0
1590174038181 0.12473287010919934 0
1590174667387 0.09958981661979069 0
1590175296117 0.13520630643379816 0
1590175925412 0.12621899668549716 0
1590176555787 0.1329832290400283 0
1590177184834 0.12067204258915347 0
1590177811006 0.1421012694204353 0
1590178438154 0.11701492422925577 0
1590179071722 0.12939820165787222 0
1590179699147 0.14221004758298522 0
1590180328631 0.15523063541821766 0
1590180956319 0.14381915778970047 0
1590181584289 0.1328217179649182 0
1590182212067 0.11449751173732958 0
1590182842600 0.0897277261144139 0
1590183473459 0.11371628389805355 0
1590184102085 0.1185293301031646 0
1590184728666 0.12046002731137544 0
1590185357946 0.12750561016679363 0
1590185985400 0.13996110336520196 0
1590186614249 0.1223231475507694 0
1590187243357 0.12439402144478069 0
1590187868199 0.12780705576743362 0
1590188495220 0.1319502368509147 0
1590189122424 0.13410329382191113 0
1590189752059 0.13438611250358007 0
1590190381777 0.13431737783743436 0
1590190997896 0.13333519160349666 0
1590191593686 0.13505030871834703 0
1590192186564 0.1344491904550766 0
1590192778684 0.13255413073909794 0
1590193370967 0.1311629976731548 0
1590193968622 0.1364045658291068 0
1590194561048 0.13294380971759232 0
1590195150767 0.13441385916105358 0
1590195742831 0.12763008816592752 0
1590196332977 0.1334250879029089 0
1590196923416 0.13634529723411407 0
1590197516184 0.13821243665108207 0
1590198106956 0.14204189334993236 0
1590198700156 0.14339736604077655 0
1590199293792 0.14746826369286967 0
1590199884361 0.1459102739196077 0
1590200477233 0.1470884626543564 0
1590201066531 0.14829567382483963 0
1590201656486 0.14560943545747396 0
1590202248557 0.1439741643299811 0
1590202841803 0.1425989075822862 0
