1590170914856 0.11164337644722874 0
1590171533324 0.1420009295322782 0
1590172153606 0.17898464814298798 0
1590172781461 0.20024033494757165 0
1590173409708 0.1697060156221384 0
1590174038188 0.2327872375496552 0
1590174667391 0.19786382724564264 0
1590175296122 0.23852646312138762 0
1590175925425 0.2443465750100737 0
1590176555791 0.24288307536032863 0
1590177184852 0.2346928137972309 0
1590177811012 0.26169890299765247 0
1590178438160 0.22615799042926846 0
1590179071725 0.24323806338153553 0
1590179699163 0.2521141308032373 0
1590180328636 0.2683761182923254 0
1590180956322 0.252335648537497 0
1590181584293 0.2311956751357753 0
1590182212071 0.2037149332963036 0
1590182842604 0.17413648883184862 0
1590183473463 0.2176095613276333 0
1590184102098 0.22198500548422762 0
1590184728669 0.22434413608269294 0
1590185357955 0.23520640684879063 0
1590185985413 0.24979655091852832 0
1590186614253 0.2324630546492705 0
1590187243362 0.22905059162337418 0
1590187868205 0.2331835435599108 0
1590188495225 0.23896267614142294 0
1590189122428 0.24013006968788214 0
1590189752068 0.2340704381517917 0
1590190381781 0.23383804392122384 0
1590190997899 0.2320347043902835 0
1590191593696 0.23355584473351718 0
1590192186568 0.23275292410977874 0
1590192778687 0.22933023836483163 0
1590193370970 0.22860217824881823 0
1590193968626 0.2375539736043754 0
1590194561052 0.23276133128888543 0
1590195150776 0.2345923891768937 0
1590195742835 0.2261278897606514 0
1590196332980 0.23462850123995693 0
1590196923420 0.2406044278800021 0
1590197516187 0.24224463866418533 0
1590198106959 0.24759565698028163 0
1590198700162 0.24837799683644238 0
1590199293798 0.25281442655555325 0
1590199884364 0.25300843976959925 0
1590200477238 0.2538405448017591 0
1590201066537 0.25545461302656153 0
1590201656491 0.25365053034359836 0
1590202248568 0.2517207428044409 0
