1590170914849 0.1469401514172883 0
1590171533298 0.1877212073794683 0
1590172153597 0.22522957871095522 0
1590172781454 0.2612708471122202 0
1590173409698 0.2188324911353845 0
1590174038178 0.2948029111778408 0
1590174667383 0.26713821726896503 0
1590175296113 0.3127499589340812 0
1590175925406 0.31544221098258246 0
1590176555783 0.3178527357770047 0
1590177184821 0.3128047417272496 0
1590177811002 0.3343818417832751 0
1590178438149 0.3065713950122105 0
1590179071719 0.3185345410613676 0
1590179699136 0.32657781663810703 0
1590180328627 0.3344654200647933 0
1590180956315 0.3239090737387898 0
1590181584286 0.30629176531074304 0
1590182212064 0.28295206917381 0
1590182842596 0.2561905585057395 0
1590183473456 0.30685613188301286 0
1590184102077 0.30928061575144883 0
1590184728662 0.30861584179256657 0
1590185357938 0.32034694469747244 0
1590185985390 0.3300690514650682 0
1590186614246 0.32036853502116114 0
1590187243353 0.3142952946015968 0
1590187868195 0.3179230874333587 0
1590188495211 0.32047676833089406 0
1590189122419 0.3235808438299696 0
1590189752050 0.31829668812010614 0
1590190381773 0.3194512954431345 0
1590190997893 0.31822873702827814 0
1590191593678 0.3199976076402637 0
1590192186561 0.31966385751494014 0
1590192778681 0.31725408466028465 0
1590193370964 0.3172524830639307 0
1590193968619 0.325027618461659 0
1590194561044 0.3213701129086213 0
1590195150757 0.32306472934501135 0
1590195742828 0.3172710474272944 0
1590196332974 0.3244765772073887 0
1590196923414 0.32934112593358006 0
1590197516181 0.33006393167109865 0
1590198106953 0.3341327387611597 0
1590198700150 0.33550740912954596 0
1590199293788 0.33850303015890176 0
1590199884359 0.3390408221428948 0
1590200477229 0.3394995170465117 0
1590201066527 0.340709194255877 0
1590201656483 0.3399490887557728 0
1590202248547 0.3385534551438872 0
