1590170914853 0.02474312702407071 0
1590171533311 0.03993323473778469 0
1590172153602 0.05891293519827085 0
1590172781458 0.06803462621720074 0
1590173409704 0.05135021441057063 0
1590174038183 0.08064832657342315 0
1590174667388 0.06482870841714271 0
1590175296118 0.0893322013126115 0
1590175925413 0.07684149270932467 0
1590176555788 0.08509315953693662 0
1590177184837 0.07516877593072774 0
1590177811007 0.08710171381808132 0
1590178438155 0.07377022012476699 0
1590179071723 0.07773938941993369 0
1590179699150 0.09156802650647339 0
1590180328632 0.09951214348404479 0
1590180956319 0.09274930058950018 0
1590181584290 0.08871154671360922 0
1590182212068 0.07683112140435347 0
1590182842601 0.059335499621996655 0
1590183473460 0.07070434215331856 0
1590184102088 0.07501558214225593 0
1590184728666 0.07664445727893689 0
1590185357948 0.07921730972465474 0
1590185985403 0.08671765826355654 0
1590186614250 0.07534207401294556 0
1590187243358 0.0777265054997161 0
1590187868200 0.08126367908230048 0
1590188495221 0.08270022624688185 0
1590189122425 0.08491678687375125 0
1590189752061 0.08887310867131504 0
1590190381778 0.08830916361271672 0
1590190997897 0.08743506266932274 0
1590191593688 0.08895309463523769 0
1590192186565 0.08843560313632255 0
1590192778685 0.08784051199486868 0
1590193370967 0.08666774850766765 0
1590193968623 0.08856942771318464 0
1590194561049 0.08671323230180737 0
1590195150769 0.08736067002551552 0
1590195742832 0.08358980214249262 0
1590196332977 0.08726895546377142 0
1590196923417 0.08929198519174171 0
1590197516185 0.09041542031261311 0
1590198106957 0.09203837766661503 0
1590198700157 0.09384780921617417 0
1590199293793 0.09626323636819459 0
1590199884362 0.09505694638118092 0
1590200477234 0.0969965600462824 0
1590201066532 0.09684272016470441 0
1590201656487 0.09383728875553594 0
1590202248559 0.09289676310377422 0
1590202841804 0.09227963610708595 0
