1590170752009 0.18485920208867287 0
1590171370967 0.14965603014011336 0
1590171991708 0.13828649137666638 0
1590172616447 0.13243839706533894 0
1590173245913 0.12756536716552822 0
1590173875004 0.12358445268888815 0
1590174504294 0.12131076228443885 0
1590175131254 0.11784369159938847 0
1590175761167 0.11509244999444834 0
1590176390864 0.1118523399391081 0
1590177020359 0.1047007744883093 0
1590177647832 0.0996460083580852 0
1590178274953 0.09617367493601497 0
1590178906261 0.09326335676742493 0
1590179536434 0.08994252248045288 0
1590180162400 0.08699721197449035 0
1590180792592 0.08473787427021354 0
1590181421073 0.08221995351830018 0
1590182050129 0.07969965408358978 0
1590182678093 0.07764043409607892 0
1590183308712 0.0745507981810197 0
1590183936898 0.06909069571801817 0
1590184565036 0.06563071083241061 0
1590185193779 0.06297281049555986 0
1590185822679 0.061109516411679964 0
1590186449515 0.059467467470306914 0
1590187078953 0.05860196357344183 0
1590187705823 0.05811948428106425 0
1590188330843 0.057885641044048225 0
1590188959419 0.057008189170436284 0
1590189587959 0.056665015734538 0
1590190219974 0.05327346289366581 0
1590190844073 0.050837992596461254 0
1590191441049 0.049028807513852656 0
1590192033310 0.04759383103613065 0
1590192626476 0.046281031921433124 0
1590193219251 0.045364148399097914 0
1590193816773 0.04431155805418371 0
1590194409979 0.04346944109297051 0
1590195000954 0.04278702270664299 0
1590195590669 0.044524000423690396 0
1590196182532 0.043463965935529446 0
1590196773338 0.042585258551111824 0
1590197364642 0.04179821633627632 0
1590197954573 0.04108633072470415 0
1590198546106 0.04060824227849998 0
1590199142616 0.039918380285877166 0
1590199734316 0.03940539357498143 0
1590200325339 0.03888440409110987 0
1590200914670 0.03829919946674221 0
1590201505734 0.04089451758099981 0
1590202097590 0.04078959677283461 0
1590202689868 0.04039553642661253 0
