1590170752008 0.31429337003914465 0
1590171370965 0.2350816082342828 0
1590171991691 0.2166810263591403 0
1590172616442 0.20689433116575018 0
1590173245909 0.19797491211844578 0
1590173875002 0.19049399494154057 0
1590174504292 0.18321557401251715 0
1590175131252 0.1751275673411568 0
1590175761164 0.16779835337730495 0
1590176390862 0.1606476545964856 0
1590177020357 0.14543225975397744 0
1590177647829 0.13332675242074538 0
1590178274950 0.12531001790629925 0
1590178906258 0.11830777432223484 0
1590179536429 0.110751777462637 0
1590180162398 0.10367167977682931 0
1590180792589 0.09882188997313332 0
1590181421070 0.09231898296588019 0
1590182050127 0.08638488428503371 0
1590182678091 0.08028753125487982 0
1590183308710 0.07494983145002433 0
1590183936896 0.06507202324606114 0
1590184565031 0.0587193720006302 0
1590185193777 0.053768007242475734 0
1590185822677 0.05036459671157482 0
1590186449513 0.04759164502486247 0
1590187078951 0.04544341309354049 0
1590187705821 0.044914073219783725 0
1590188330839 0.044217934962422725 0
1590188959417 0.042581226312667614 0
1590189587958 0.042695690189102964 0
1590190219972 0.037478121804492094 0
1590190844071 0.03421249793514804 0
1590191441047 0.032151028686824956 0
1590192033308 0.03010211384730832 0
1590192626474 0.028530928178869357 0
1590193219249 0.027392927633070597 0
1590193816769 0.02628139592555476 0
1590194409978 0.02517826358275033 0
1590195000953 0.024315937373677956 0
1590195590664 0.0262678543754917 0
1590196182530 0.025162990693403376 0
1590196773337 0.02441386194408231 0
1590197364641 0.023419040435749175 0
1590197954571 0.022888644366352198 0
1590198546104 0.02226671531905666 0
1590199142615 0.021766652612482784 0
1590199734314 0.02104757565865445 0
1590200325338 0.020579112061156802 0
1590200914668 0.02004868225331027 0
1590201505732 0.02273474448187586 0
1590202097588 0.022734613638638188 0
1590202689861 0.022449050955656392 0
