1590170752010 1.031537325634145 0
1590171370968 0.7189631168442363 0
1590171991711 0.6417785035294605 0
1590172616448 0.6048972237952271 0
1590173245915 0.575515418956572 0
1590173875005 0.5541231759553866 0
1590174504295 0.5327346537608034 0
1590175131255 0.5098124814298647 0
1590175761168 0.488527077932748 0
1590176390865 0.46766157538769615 0
1590177020360 0.42570959369982636 0
1590177647833 0.3945708443393251 0
1590178274954 0.3708204067689867 0
1590178906262 0.35294211555859345 0
1590179536435 0.33331152627203636 0
1590180162402 0.3126206018676426 0
1590180792593 0.2996669548177536 0
1590181421074 0.28579113675276285 0
1590182050131 0.2704411645524935 0
1590182678095 0.2552683527917652 0
1590183308713 0.24035771599057257 0
1590183936899 0.21444997176332117 0
1590184565039 0.19808803645581846 0
1590185193781 0.18544775581428916 0
1590185822680 0.17644255861239158 0
1590186449515 0.16696160775649604 0
1590187078954 0.16306580161986378 0
1590187705824 0.16180247348107657 0
1590188330846 0.16002796068317363 0
1590188959420 0.15501451489152707 0
1590189587960 0.1552412022586896 0
1590190219976 0.14053376229092507 0
1590190844075 0.1311150233820896 0
1590191441050 0.12494007225426336 0
1590192033311 0.11938273884213915 0
1590192626477 0.11475819266143943 0
1590193219252 0.11084599105470556 0
1590193816774 0.1075486924825459 0
1590194409980 0.10462811230209255 0
1590195000955 0.10232393186255508 0
1590195590672 0.1079222913710009 0
1590196182533 0.10408670232669044 0
1590196773339 0.10077671061320373 0
1590197364643 0.09794598159059048 0
1590197954574 0.09608123826250692 0
1590198546107 0.09398352887673138 0
1590199142617 0.09196408921154975 0
1590199734316 0.09003261201308006 0
1590200325340 0.08881204752969266 0
1590200914671 0.08646632937877705 0
1590201505735 0.09552552655261576 0
1590202097591 0.09500172327561783 0
1590202689872 0.09311044701327288 0
