1590756256227 0.7410459835374235 0
1590756659636 0.8611990638775548 0
1590757062446 0.8080905347348568 0
1590757466948 0.8215246057859728 0
1590757869825 0.8488174005099516 0
1590758273781 0.846967588580109 0
1590758676461 0.846859504315218 0
1590759079790 0.8356126630484446 0
1590759482577 0.8211538804217363 0
1590759885609 0.8563086382698568 0
1590760288896 0.8533679860261265 0
1590760693095 0.8398815938085479 0
1590761096516 0.8514631801910925 0
1590761500017 0.8618102942680119 0
1590761903503 0.8429144394274382 0
1590762307200 0.8651302107230402 0
1590762710373 0.8610233308830569 0
1590763114131 0.8662040047989988 0
1590763517554 0.8713660937608705 0
1590763921673 0.8666905136325266 0
1590764325398 0.8695466901294293 0
1590764729849 0.871243734097536 0
1590765133589 0.8654840215297664 0
1590765538007 0.8688344802806699 0
1590765942184 0.8631435416231357 0
1590766346433 0.8703629860947377 0
1590766750249 0.8736364393845858 0
1590767154122 0.8660364502278354 0
1590767557758 0.8701777440188353 0
1590767961612 0.8715174580692852 0
1590768364979 0.868821965737037 0
1590768768826 0.8751052411778095 0
1590769172113 0.8749722878837397 0
1590769576112 0.874336570455708 0
1590769979677 0.874314211439171 0
1590770384758 0.8752448699099266 0
1590770790690 0.8750086211020581 0
1590771195382 0.8748913168520568 0
1590771600529 0.8746505473036512 0
1590772006116 0.8749583502901584 0
1590772410376 0.8753388316468013 0
1590772815050 0.8753311227517809 0
1590773219226 0.8750924366726248 0
1590773623793 0.8752647871529866 0
1590774028160 0.8752556767265811 0
1590774432795 0.875040662339445 0
1590774837003 0.8750265137909181 0
1590775241712 0.8748594469727199 0
1590775646189 0.8751967158921526 0
1590776050782 0.8750210804648102 0
1590776455176 0.8752346294104202 0
