1590756256211 0.5641447988034741 0
1590756659614 0.7158078510985435 0
1590757062431 0.6564043906335689 0
1590757466927 0.6384661944870448 0
1590757869811 0.6967857303018147 0
1590758273764 0.6910606883105258 0
1590758676448 0.6954269950635628 0
1590759079776 0.6691537545341645 0
1590759482559 0.567100251729764 0
1590759885584 0.733463749413142 0
1590760288881 0.736203481051315 0
1590760693074 0.7022538343488326 0
1590761096502 0.7059856999436773 0
1590761499995 0.733268176052999 0
1590761903489 0.6996745039894372 0
1590762307186 0.7501789392439043 0
1590762710356 0.7592551216548427 0
1590763114118 0.7566541555305558 0
1590763517539 0.7662404251263192 0
1590763921658 0.7671466663455729 0
1590764325384 0.7467858041542254 0
1590764729833 0.7582080727680158 0
1590765133573 0.7543765731875675 0
1590765537993 0.7662190643068647 0
1590765942170 0.7535746460979762 0
1590766346419 0.7689297514833093 0
1590766750235 0.7732653514250015 0
1590767154108 0.761828674966282 0
1590767557743 0.7685237279372412 0
1590767961598 0.7685657867878313 0
1590768364964 0.7660254189370511 0
1590768768812 0.7763293264209044 0
1590769172099 0.7777661901065123 0
1590769576098 0.7776225008838185 0
1590769979663 0.7757782940695641 0
1590770384745 0.7779934278785088 0
1590770790675 0.7778086150311657 0
1590771195367 0.7776863267495826 0
1590771600516 0.7778908193758947 0
1590772006098 0.7776740370052658 0
1590772410362 0.7781626538938456 0
1590772815036 0.7782889865138461 0
1590773219213 0.7780473690612111 0
1590773623779 0.7781926704795363 0
1590774028146 0.7784127448875167 0
1590774432774 0.778392727731093 0
1590774836984 0.7784372666579423 0
1590775241699 0.7780028534008258 0
1590775646176 0.7788355977811547 0
1590776050767 0.7784850836310293 0
1590776455164 0.7786250770289772 0
