1590756256238 0.6808161627141696 0
1590756659646 0.7961896303782062 0
1590757062457 0.7497653315004584 0
1590757466958 0.7576109077583075 0
1590757869834 0.7853317896488542 0
1590758273791 0.7803152820828856 0
1590758676471 0.786071965183992 0
1590759079801 0.7722618700094858 0
1590759482587 0.7564810851265671 0
1590759885629 0.7904186270395147 0
1590760288905 0.7895395826394712 0
1590760693106 0.776454052455932 0
1590761096525 0.7913901839670898 0
1590761500027 0.7984550135717773 0
1590761903513 0.7781465585934728 0
1590762307209 0.7993793110722576 0
1590762710384 0.8015426599635219 0
1590763114141 0.8013793166973179 0
1590763517564 0.8096703822329491 0
1590763921687 0.8033135102325694 0
1590764325408 0.8052949248938984 0
1590764729864 0.8075242637229934 0
1590765133600 0.8034217716362835 0
1590765538017 0.8081436850948384 0
1590765942195 0.8018400891266254 0
1590766346443 0.8102184740013197 0
1590766750259 0.813733241914083 0
1590767154131 0.803752915339228 0
1590767557771 0.8086196710666624 0
1590767961621 0.8099729773055374 0
1590768364990 0.8078333166409828 0
1590768768836 0.8139390988006006 0
1590769172122 0.8136224337379732 0
1590769576122 0.8132819868804394 0
1590769979688 0.8123958399454269 0
1590770384769 0.8136984598128751 0
1590770790707 0.8137066617068243 0
1590771195405 0.8137864606273388 0
1590771600538 0.8135301438192867 0
1590772006127 0.8139060961846977 0
1590772410386 0.8145185799369743 0
1590772815061 0.8145376294829921 0
1590773219235 0.8140538737265681 0
1590773623803 0.8141689169484108 0
1590774028169 0.8144416812982022 0
1590774432807 0.8141430300637731 0
1590774837015 0.8140731557596126 0
1590775241727 0.8138040669990579 0
1590775646204 0.8145015499997191 0
1590776050793 0.8141833506513443 0
1590776455186 0.8141869743577065 0
