1590756256232 0.727413390745773 0
1590756659640 0.8473049023069622 0
1590757062450 0.7965400418727601 0
1590757466952 0.8054088872721503 0
1590757869829 0.8352314001142447 0
1590758273786 0.833038307096761 0
1590758676465 0.8339885392053084 0
1590759079796 0.8227962328309567 0
1590759482581 0.8069480086306873 0
1590759885616 0.8433348431728521 0
1590760288899 0.8409911467447283 0
1590760693100 0.8269331297892158 0
1590761096519 0.8389776891139322 0
1590761500021 0.8494629866236187 0
1590761903507 0.829717515664147 0
1590762307203 0.8529633257277646 0
1590762710377 0.8491135335599604 0
1590763114135 0.8525516728039497 0
1590763517558 0.8589773327103261 0
1590763921679 0.8539557721884901 0
1590764325402 0.8566699872467615 0
1590764729854 0.8590193297465701 0
1590765133593 0.852590479712546 0
1590765538011 0.8560594675463548 0
1590765942188 0.8510071172395167 0
1590766346437 0.8587945276509249 0
1590766750253 0.8620096703831193 0
1590767154126 0.8548480890433079 0
1590767557764 0.8589433781122509 0
1590767961616 0.8596059940571662 0
1590768364983 0.8569591031435899 0
1590768768830 0.8631801449680481 0
1590769172117 0.8632955243137336 0
1590769576116 0.8629742919321186 0
1590769979682 0.862514834702753 0
1590770384763 0.8634038820145481 0
1590770790694 0.8632424320534895 0
1590771195394 0.8631263118148866 0
1590771600532 0.8629292917044739 0
1590772006120 0.86310297003055 0
1590772410380 0.8635554507432072 0
1590772815054 0.8636193539630476 0
1590773219230 0.8632851947646081 0
1590773623797 0.8633892424951732 0
1590774028164 0.8634248619946017 0
1590774432800 0.8631542987607076 0
1590774837009 0.8631411308021035 0
1590775241718 0.8630296128306626 0
1590775646193 0.8633165160215024 0
1590776050786 0.8631412151237711 0
1590776455180 0.8633479328429786 0
