1590756172467 1.7190490994359968 0
1590756580368 1.4956079951581165 0
1590756983005 1.4587780661638496 0
1590757386858 1.420750412979775 0
1590757790642 1.3983269355772339 0
1590758193989 1.3873506306323427 0
1590758597103 1.3715930959463296 0
1590759000254 1.3624551341202131 0
1590759402867 1.3510999080212511 0
1590759806191 1.3456665640200913 0
1590760209363 1.2773722214899825 0
1590760613499 1.268662927925763 0
1590761016900 1.2667638155571102 0
1590761420693 1.2594356832904576 0
1590761823675 1.2517564301351471 0
1590762227620 1.222855206556927 0
1590762630882 1.2141710578866258 0
1590763034470 1.2172622739849888 0
1590763438100 1.2023378749978701 0
1590763842120 1.1875310809456208 0
1590764245736 1.1826828507453027 0
1590764650243 1.1773977535694131 0
1590765054057 1.1757192243077963 0
1590765458113 1.1731899550250737 0
1590765862551 1.1695897095015593 0
1590766266835 1.1655035401534664 0
1590766670556 1.1612466131254324 0
1590767074643 1.1607458997110025 0
1590767478318 1.1554912218559512 0
1590767882184 1.156604443853115 0
1590768285508 1.1592526703786392 0
1590768689416 1.1557437451886972 0
1590769092672 1.157495016436032 0
1590769496555 1.1561537199824519 0
1590769900071 1.1563906810527458 0
1590770304922 1.1531257068672212 0
1590770710388 1.1565509922471802 0
1590771115817 1.1559378482214004 0
1590771520377 1.1524800656049254 0
1590771926575 1.1531139668462986 0
1590772330800 1.1519894270204316 0
1590772735573 1.15494714376445 0
1590773139773 1.1502466377466036 0
1590773544444 1.1525899702297335 0
1590773948705 1.1544962888638648 0
1590774353390 1.15605150453592 0
1590774757504 1.149231331472522 0
1590775162174 1.1565177044528123 0
1590775566584 1.152090765012307 0
1590775971294 1.1509919625227532 0
1590776375498 1.1536750076448865 0
