1590756172455 0.29102290465810593 0
1590756580360 0.2623564172425919 0
1590756982997 0.2571556070411699 0
1590757386847 0.253379218853437 0
1590757790635 0.250414341511811 0
1590758193981 0.2488446577325375 0
1590758597093 0.24591636494595623 0
1590759000243 0.24522712165434685 0
1590759402857 0.24402677968761624 0
1590759806182 0.24294679788266413 0
1590760209352 0.23394287739103362 0
1590760613492 0.23299951445774214 0
1590761016887 0.23234347205542955 0
1590761420682 0.23144948235630283 0
1590761823666 0.23035272259331313 0
1590762227611 0.22822814399497748 0
1590762630870 0.225715495822345 0
1590763034455 0.22551184354801856 0
1590763438089 0.22352178959098792 0
1590763842109 0.22117180077458273 0
1590764245726 0.22013950171555288 0
1590764650233 0.21942079613900042 0
1590765054049 0.21944509182103286 0
1590765458101 0.21891007651767788 0
1590765862538 0.21862771873467068 0
1590766266824 0.21861801128944702 0
1590766670543 0.21830250415399935 0
1590767074632 0.2180662213786114 0
1590767478309 0.21677387175122662 0
1590767882175 0.21709069543512616 0
1590768285499 0.2168574547450218 0
1590768689404 0.21620875522053454 0
1590769092663 0.21676164944849072 0
1590769496546 0.21633366931824993 0
1590769900061 0.2173471076954046 0
1590770304909 0.2171064759852618 0
1590770710377 0.21655937464984917 0
1590771115805 0.21713622981274622 0
1590771520368 0.21683467377925061 0
1590771926565 0.2166058778233782 0
1590772330790 0.21660403285682553 0
1590772735560 0.21659708574149736 0
1590773139764 0.21606043505774447 0
1590773544432 0.2158384423195963 0
1590773948693 0.21657501156689854 0
1590774353379 0.21636714310159344 0
1590774757491 0.2154938997425271 0
1590775162166 0.21697246389099833 0
1590775566574 0.21625880500268654 0
1590775971285 0.21608711752665818 0
1590776375484 0.21668864592645296 0
