1590756172458 0.10818126692971182 0
1590756580364 0.07164563077705852 0
1590756982999 0.06511895044998833 0
1590757386851 0.06174334797721643 0
1590757790637 0.058642569328685834 0
1590758193984 0.057258928326900896 0
1590758597095 0.05588234578033347 0
1590759000247 0.054184131897412814 0
1590759402860 0.054480911127826166 0
1590759806185 0.054293494820374356 0
1590760209356 0.047864258553854816 0
1590760613495 0.04580233829129025 0
1590761016891 0.043796927354039526 0
1590761420686 0.044289965965074195 0
1590761823670 0.043965397556946124 0
1590762227614 0.039424051855795485 0
1590762630874 0.038637264196336625 0
1590763034460 0.03893637027282863 0
1590763438092 0.037814398513853376 0
1590763842113 0.037324361585786 0
1590764245730 0.03655602088605864 0
1590764650237 0.036282836217102564 0
1590765054052 0.03499415992709571 0
1590765458105 0.03414398519123888 0
1590765862543 0.035019249379767116 0
1590766266828 0.03403709570673355 0
1590766670548 0.033145414640542846 0
1590767074636 0.033093222833001576 0
1590767478312 0.03346095236635508 0
1590767882177 0.03275583271411132 0
1590768285503 0.0338483206960841 0
1590768689409 0.032755080023615143 0
1590769092666 0.03260199608523729 0
1590769496549 0.033070965697603115 0
1590769900063 0.03240573663297578 0
1590770304913 0.03209879769827928 0
1590770710381 0.033329185754193004 0
1590771115809 0.03279538760953665 0
1590771520371 0.032431889304714884 0
1590771926569 0.03224075798595533 0
1590772330792 0.03239644559364788 0
1590772735565 0.03314499997329959 0
1590773139767 0.03191942319318035 0
1590773544436 0.03246868940169466 0
1590773948697 0.03226925653113416 0
1590774353383 0.033087776453074445 0
1590774757496 0.03206407647723189 0
1590775162168 0.03306391294053673 0
1590775566577 0.0332256682553279 0
1590775971288 0.03227722354663106 0
1590776375488 0.03230551003406827 0
