1590756172452 0.29790836277269045 0
1590756580354 0.2635595100606687 0
1590756982994 0.2591253754919803 0
1590757386843 0.2497425577520619 0
1590757790632 0.245767542684572 0
1590758193974 0.2444073889382492 0
1590758597090 0.2416154247592892 0
1590759000237 0.23979546980568645 0
1590759402854 0.2360631472612979 0
1590759806178 0.23436320727393473 0
1590760209345 0.22084445016976645 0
1590760613490 0.22025125478146343 0
1590761016884 0.2217366208250706 0
1590761420677 0.218967161190933 0
1590761823663 0.21721724522184338 0
1590762227609 0.21099055783283074 0
1590762630866 0.21146739199316714 0
1590763034452 0.2129980137891318 0
1590763438087 0.20904083638148901 0
1590763842103 0.20505111580769692 0
1590764245722 0.20523843036953515 0
1590764650227 0.20409054974832477 0
1590765054047 0.20510757110527986 0
1590765458097 0.2049243248690515 0
1590765862536 0.20314797684109423 0
1590766266819 0.201887265420877 0
1590766670539 0.2016862925340438 0
1590767074628 0.2013554407735548 0
1590767478305 0.20009948626248794 0
1590767882172 0.20102918209761558 0
1590768285494 0.20152761452120438 0
1590768689401 0.20158424567894118 0
1590769092660 0.20216634353766075 0
1590769496541 0.20131760712206012 0
1590769900058 0.20151643287500687 0
1590770304905 0.20067363523343612 0
1590770710373 0.2009906226096774 0
1590771115801 0.20097442548832245 0
1590771520365 0.20010145224586745 0
1590771926559 0.20070558817252604 0
1590772330787 0.1998891703475862 0
1590772735558 0.2006134464455074 0
1590773139760 0.20071802896684443 0
1590773544429 0.20058043054222355 0
1590773948689 0.20106283606156794 0
1590774353376 0.2013546831949928 0
1590774757486 0.2002754356910491 0
1590775162163 0.20097347362154333 0
1590775566570 0.19948305339502864 0
1590775971278 0.20013091867492044 0
1590776375481 0.20103958249092102 0
