1590225272668 0.0 0
1590225297816 0.0 0
1590225322878 0.0 0
1590225348033 0.0 0
1590225373511 0.0 0
1590225398789 0.0 0
1590225424103 0.0001968503937007874 0
1590225452653 0.0001968503937007874 0
1590225477918 0.00035435239907843333 0
1590225503288 0.00035435239907843333 0
1590225528869 0.00035435239907843333 0
1590225554069 0.00035435239907843333 0
1590225579513 0.00035435239907843333 0
1590225604957 0.00035435239907843333 0
1590225630141 0.00035435239907843333 0
1590225655631 0.00035435239907843333 0
1590225681180 0.00035435239907843333 0
1590225706513 0.00035435239907843333 0
1590225732080 0.00035435239907843333 0
1590225757508 0.00035435239907843333 0
1590225782845 0.00035435239907843333 0
1590225808264 0.00035435239907843333 0
1590225833842 0.00035435239907843333 0
1590225859251 0.00035435239907843333 0
1590225884685 0.00035435239907843333 0
1590225910257 0.00035435239907843333 0
1590225935546 0.00035435239907843333 0
1590225961040 0.00035435239907843333 0
1590225986617 0.00035435239907843333 0
1590226011893 0.00035435239907843333 0
1590226037377 0.00035435239907843333 0
1590226062765 0.00035435239907843333 0
1590226087982 0.00035435239907843333 0
1590226113450 0.00035435239907843333 0
1590226138837 0.00035435239907843333 0
1590226164228 0.00035435239907843333 0
1590226192549 0.00035435239907843333 0
1590226218522 0.00035435239907843333 0
1590226246041 0.00035435239907843333 0
1590226272490 0.00035435239907843333 0
1590226298113 0.00035435239907843333 0
1590226323588 0.00035435239907843333 0
1590226348999 0.00035435239907843333 0
1590226374550 0.00035435239907843333 0
1590226399985 0.00035435239907843333 0
1590226425414 0.00035435239907843333 0
1590226451178 0.00035435239907843333 0
1590226476580 0.00035435239907843333 0
1590226502020 0.00035435239907843333 0
1590226527505 0.00035435239907843333 0
