1590225272672 0.00016778523489932885 0
1590225297820 0.0003463566634707574 0
1590225322883 0.0007282363276498619 0
1590225348037 0.00016778523489932885 0
1590225373515 0.00016778523489932885 0
1590225398793 0.0003646356286001163 0
1590225424107 0.0003646356286001163 0
1590225452657 0.0005801528699794266 0
1590225477922 0.0005698696404577437 0
1590225503293 0.00035435239907843333 0
1590225528874 0.0005698696404577437 0
1590225554073 0.0005698696404577437 0
1590225579518 0.0005698696404577437 0
1590225604962 0.0005698696404577437 0
1590225630145 0.0005698696404577437 0
1590225655635 0.0005698696404577437 0
1590225681184 0.0005698696404577437 0
1590225706519 0.0005698696404577437 0
1590225732085 0.0005698696404577437 0
1590225757513 0.00035435239907843333 0
1590225782850 0.0005698696404577437 0
1590225808268 0.0005698696404577437 0
1590225833846 0.0005698696404577437 0
1590225859255 0.0005698696404577437 0
1590225884689 0.0005698696404577437 0
1590225910261 0.0005698696404577437 0
1590225935551 0.0005698696404577437 0
1590225961044 0.0005698696404577437 0
1590225986621 0.0005698696404577437 0
1590226011897 0.0005698696404577437 0
1590226037381 0.0005698696404577437 0
1590226062769 0.0005698696404577437 0
1590226087988 0.0005698696404577437 0
1590226113454 0.0005698696404577437 0
1590226138842 0.0005698696404577437 0
1590226164234 0.0005698696404577437 0
1590226192557 0.00035435239907843333 0
1590226218526 0.0005698696404577437 0
1590226246045 0.00035435239907843333 0
1590226272496 0.0005698696404577437 0
1590226298118 0.0005698696404577437 0
1590226323593 0.0005698696404577437 0
1590226349003 0.0005698696404577437 0
1590226374555 0.00035435239907843333 0
1590226399989 0.0005698696404577437 0
1590226425419 0.0005698696404577437 0
1590226451182 0.0005698696404577437 0
1590226476584 0.0005698696404577437 0
1590226502024 0.0005698696404577437 0
1590226527509 0.0005698696404577437 0
