1590225272670 0.0007612868263926661 0
1590225297818 0.0013488459686393083 0
1590225322881 0.0011351707549640947 0
1590225348035 0.000956599326392666 0
1590225373513 0.0005512027927792207 0
1590225398791 0.0007465152927792208 0
1590225424105 0.0007667200341585311 0
1590225452655 0.0007667200341585311 0
1590225477920 0.0007667200341585311 0
1590225503291 0.00035435239907843333 0
1590225528871 0.0005698696404577437 0
1590225554071 0.0005698696404577437 0
1590225579515 0.0005698696404577437 0
1590225604960 0.0005698696404577437 0
1590225630143 0.000975266174071189 0
1590225655633 0.0007651821404577437 0
1590225681182 0.0007799536740711891 0
1590225706516 0.0007651821404577437 0
1590225732083 0.0009752661740711889 0
1590225757511 0.0007597489326918787 0
1590225782847 0.0007799536740711891 0
1590225808266 0.000975266174071189 0
1590225833844 0.000975266174071189 0
1590225859253 0.000975266174071189 0
1590225884687 0.000975266174071189 0
1590225910259 0.0009752661740711889 0
1590225935549 0.0007799536740711891 0
1590225961042 0.0007799536740711891 0
1590225986619 0.000975266174071189 0
1590226011895 0.000975266174071189 0
1590226037379 0.000975266174071189 0
1590226062767 0.000975266174071189 0
1590226087985 0.000975266174071189 0
1590226113452 0.000975266174071189 0
1590226138840 0.000975266174071189 0
1590226164231 0.000975266174071189 0
1590226192552 0.0007597489326918787 0
1590226218524 0.000975266174071189 0
1590226246043 0.0007597489326918787 0
1590226272493 0.000975266174071189 0
1590226298115 0.000975266174071189 0
1590226323590 0.0007651821404577437 0
1590226349001 0.000975266174071189 0
1590226374553 0.0005496648990784334 0
1590226399987 0.0007651821404577437 0
1590226425417 0.000975266174071189 0
1590226451180 0.000975266174071189 0
1590226476582 0.000975266174071189 0
1590226502022 0.0009752661740711892 0
1590226527507 0.000975266174071189 0
