1590225272664 0.00035435239907843333 0
1590225297810 0.0005329238276498619 0
1590225322872 0.0007282363276498619 0
1590225348030 0.00035435239907843333 0
1590225373506 0.00016778523489932885 0
1590225398785 0.0003646356286001163 0
1590225424099 0.0005801528699794266 0
1590225452649 0.0005801528699794266 0
1590225477915 0.0007667200341585311 0
1590225503284 0.00035435239907843333 0
1590225528865 0.0005698696404577437 0
1590225554065 0.0005698696404577437 0
1590225579507 0.0005698696404577437 0
1590225604954 0.0005698696404577437 0
1590225630137 0.0005698696404577437 0
1590225655624 0.0005698696404577437 0
1590225681175 0.0005698696404577437 0
1590225706508 0.0005698696404577437 0
1590225732076 0.0005698696404577437 0
1590225757503 0.00035435239907843333 0
1590225782840 0.0005698696404577437 0
1590225808260 0.0005698696404577437 0
1590225833837 0.0005698696404577437 0
1590225859247 0.0005698696404577437 0
1590225884678 0.0005698696404577437 0
1590225910252 0.0005698696404577437 0
1590225935543 0.0005698696404577437 0
1590225961036 0.0005698696404577437 0
1590225986613 0.0005698696404577437 0
1590226011889 0.0005698696404577437 0
1590226037373 0.0005698696404577437 0
1590226062761 0.0005698696404577437 0
1590226087978 0.0005698696404577437 0
1590226113446 0.0005698696404577437 0
1590226138833 0.0005698696404577437 0
1590226164222 0.0005698696404577437 0
1590226192543 0.00035435239907843333 0
1590226218517 0.0005698696404577437 0
1590226246036 0.00035435239907843333 0
1590226272485 0.0005698696404577437 0
1590226298108 0.0005698696404577437 0
1590226323584 0.0005698696404577437 0
1590226348994 0.0005698696404577437 0
1590226374545 0.00035435239907843333 0
1590226399981 0.0005698696404577437 0
1590226425410 0.0005698696404577437 0
1590226451173 0.0005698696404577437 0
1590226476576 0.0005698696404577437 0
1590226502016 0.0005698696404577437 0
1590226527501 0.0005698696404577437 0
