1590225272673 0.0 0
1590225297821 0.0003463566634707574 0
1590225322885 0.0003463566634707574 0
1590225348038 0.00016778523489932885 0
1590225373516 0.00016778523489932885 0
1590225398794 0.0003646356286001163 0
1590225424108 0.0003646356286001163 0
1590225452658 0.0003646356286001163 0
1590225477923 0.0005698696404577437 0
1590225503294 0.00035435239907843333 0
1590225528875 0.0005698696404577437 0
1590225554074 0.0005698696404577437 0
1590225579519 0.0005698696404577437 0
1590225604963 0.0005698696404577437 0
1590225630146 0.0005698696404577437 0
1590225655636 0.0005698696404577437 0
1590225681185 0.0005698696404577437 0
1590225706520 0.0005698696404577437 0
1590225732086 0.0005698696404577437 0
1590225757515 0.00035435239907843333 0
1590225782851 0.0005698696404577437 0
1590225808270 0.0005698696404577437 0
1590225833848 0.0005698696404577437 0
1590225859256 0.0005698696404577437 0
1590225884690 0.0005698696404577437 0
1590225910262 0.0005698696404577437 0
1590225935552 0.0005698696404577437 0
1590225961045 0.0005698696404577437 0
1590225986622 0.0005698696404577437 0
1590226011898 0.0005698696404577437 0
1590226037382 0.0005698696404577437 0
1590226062770 0.0005698696404577437 0
1590226087989 0.0005698696404577437 0
1590226113456 0.0005698696404577437 0
1590226138843 0.0005698696404577437 0
1590226164235 0.0005698696404577437 0
1590226192559 0.00035435239907843333 0
1590226218527 0.0005698696404577437 0
1590226246046 0.00035435239907843333 0
1590226272498 0.0005698696404577437 0
1590226298119 0.0005698696404577437 0
1590226323594 0.0005698696404577437 0
1590226349004 0.0005698696404577437 0
1590226374556 0.00035435239907843333 0
1590226399990 0.0005698696404577437 0
1590226425420 0.0005698696404577437 0
1590226451183 0.0005698696404577437 0
1590226476585 0.0005698696404577437 0
1590226502025 0.0005698696404577437 0
1590226527510 0.0005698696404577437 0
