1590225268307 12.265934190750123 0
1590225296134 9.037322568893433 0
1590225321173 6.2388450717926025 0
1590225346207 4.148453722000122 0
1590225371830 2.829510741233826 0
1590225397119 2.0208685064315794 0
1590225422285 1.5371290516853333 0
1590225450969 1.2103609335422516 0
1590225476234 1.0115074169635774 0
1590225501459 0.8965237045288086 0
1590225527170 0.8399363303184509 0
1590225552400 0.830270584821701 0
1590225577675 0.8222406363487244 0
1590225603275 0.8171708548069 0
1590225628456 0.8152858316898346 0
1590225653781 0.8035562992095947 0
1590225679478 0.795600312948227 0
1590225704841 0.78565549492836 0
1590225730212 0.7763040816783905 0
1590225755840 0.7683719038963318 0
1590225781175 0.7686886024475098 0
1590225806440 0.7711837232112885 0
1590225832108 0.7639653956890107 0
1590225857533 0.7652111041545868 0
1590225882840 0.763560448884964 0
1590225908560 0.7625399899482727 0
1590225933853 0.7637663662433625 0
1590225959203 0.7608038234710693 0
1590225984940 0.7642812108993531 0
1590226010224 0.7573349952697754 0
1590226035547 0.7597648859024048 0
1590226061060 0.7571887290477752 0
1590226086304 0.7585748088359833 0
1590226111595 0.756539865732193 0
1590226137136 0.7587068688869476 0
1590226162546 0.756767544746399 0
1590226190490 0.7565145206451416 0
1590226216812 0.7575577485561371 0
1590226244151 0.7595988225936889 0
1590226270601 0.7577771472930909 0
1590226296386 0.7618095743656158 0
1590226321856 0.7570891749858856 0
1590226347183 0.7559163761138916 0
1590226372852 0.7611618196964264 0
1590226398325 0.7565164315700531 0
1590226423583 0.7610390245914459 0
1590226449506 0.758053011894226 0
1590226474892 0.762953827381134 0
1590226500177 0.7599245023727417 0
1590226525856 0.7590417289733886 0
