1590225268303 26.02918085373938 0
1590225296131 19.22302126467228 0
1590225321168 13.373456728216262 0
1590225346204 9.023143259119243 0
1590225371828 6.32418932851404 0
1590225397116 4.660283109396696 0
1590225422282 3.668784318510443 0
1590225450967 3.0097698911093174 0
1590225476232 2.5933993317559363 0
1590225501457 2.3579052270017566 0
1590225527168 2.2406380824558436 0
1590225552398 2.2184028043039143 0
1590225577671 2.203118667844683 0
1590225603273 2.191031598970294 0
1590225628452 2.1881340223737062 0
1590225653776 2.158803022429347 0
1590225679476 2.14558776602149 0
1590225704839 2.1246280366927386 0
1590225730207 2.103323187753558 0
1590225755838 2.0880867371335627 0
1590225781174 2.0873670981265606 0
1590225806438 2.0920939449965954 0
1590225832106 2.0778845845349134 0
1590225857528 2.0795893332362176 0
1590225882838 2.079688503406942 0
1590225908558 2.0768275504931806 0
1590225933851 2.076600350048393 0
1590225959201 2.07179806958884 0
1590225984936 2.0792074875347315 0
1590226010222 2.063562602419406 0
1590226035544 2.070850437656045 0
1590226061058 2.0623066327534616 0
1590226086302 2.0689267296530307 0
1590226111593 2.0605637789331377 0
1590226137134 2.0655932245217263 0
1590226162541 2.0612339160963895 0
1590226190487 2.0618218955211343 0
1590226216810 2.064602320455015 0
1590226244149 2.0680841506645082 0
1590226270598 2.067285620253533 0
1590226296383 2.072684560697526 0
1590226321854 2.062696666680276 0
1590226347181 2.0607783081382514 0
1590226372847 2.074077770020813 0
1590226398321 2.0627080055139957 0
1590226423579 2.072076024822891 0
1590226449505 2.0640659940801562 0
1590226474890 2.0778223410621286 0
1590226500175 2.068013964779675 0
1590226525853 2.0666260485164822 0
