1590489776942 0.364814647488618 0
1590490655581 0.4422659304422893 0
1590491535946 0.4187713717986199 0
1590492415951 0.4659855738878795 0
1590493295649 0.3912357158883009 0
1590494174887 0.47296688285486477 0
1590495054052 0.44803449275684887 0
1590495934089 0.4627772005586053 0
1590496812816 0.4969798981279263 0
1590497692298 0.47026125306280203 0
1590498570286 0.5332835405339887 0
1590499448521 0.5189751426267932 0
1590500327059 0.5133115113788386 0
1590501205169 0.5390892764497702 0
1590502083627 0.5368861407855585 0
1590503784723 0.5421584732680359 0
1590504637426 0.5542591970687638 0
1590505489856 0.5580292052370363 0
1590506342086 0.5467388593680661 0
1590507194473 0.5435304849321773 0
1590508047274 0.5336580150030628 0
1590508900470 0.5348380954884263 0
1590509752469 0.5348270689094913 0
1590510604815 0.5282690223460527 0
1590511456935 0.5412372181859259 0
1590512309431 0.5334472047726234 0
1590513161455 0.5351860278415791 0
1590514013947 0.5483735728970597 0
1590514866120 0.5386578214604045 0
1590515718764 0.5423266577557094 0
1590516571939 0.5445300494665829 0
1590517424899 0.5487916244492533 0
1590518277204 0.548577212534154 0
1590519129557 0.5473596204930232 0
1590519981759 0.547932253748 0
1590520834673 0.5484996145403739 0
1590521686814 0.5476316230834103 0
1590522540067 0.5467151054189071 0
1590523393067 0.546290368793088 0
1590524246566 0.545071541134666 0
1590525098663 0.5450933567038906 0
1590525951660 0.5450383505832038 0
1590526804243 0.54496447546527 0
1590527657927 0.5448269162039907 0
1590528510320 0.5456549985735929 0
