1590489776934 0.36521354358204944 0
1590490655569 0.4424036676633185 0
1590491535934 0.4193782442379015 0
1590492415944 0.46663549302127166 0
1590493295641 0.3917218654998372 0
1590494174874 0.4732377682416111 0
1590495054037 0.4487992812342839 0
1590495934076 0.4632801047877391 0
1590496812804 0.4979247448292207 0
1590497692287 0.47075522153162136 0
1590498570274 0.5340132566046838 0
1590499448514 0.5193507255186428 0
1590500327045 0.51398955151321 0
1590501205162 0.539678222189977 0
1590502083616 0.5376002387218843 0
1590503784709 0.5428084082742919 0
1590504637414 0.5548182456586158 0
1590505489840 0.558756590959543 0
1590506342074 0.54738188313359 0
1590507194460 0.5441618461805942 0
1590508047260 0.5343574342030543 0
1590508900459 0.5357276653279367 0
1590509752461 0.535630835871169 0
1590510604807 0.5291623418156969 0
1590511456927 0.542032343856985 0
1590512309418 0.5342458539650355 0
1590513161445 0.535973644265866 0
1590514013939 0.5489453747913411 0
1590514866113 0.5395738686936495 0
1590515718751 0.5430227431387377 0
1590516571926 0.545237625655916 0
1590517424892 0.5495782799567712 0
1590518277196 0.5493149944086767 0
1590519129541 0.5480190657907901 0
1590519981747 0.5485003731325511 0
1590520834665 0.5492630098419709 0
1590521686801 0.5483405612813649 0
1590522540060 0.5474334211336038 0
1590523393054 0.5468826311971636 0
1590524246559 0.5456327131699149 0
1590525098652 0.5456098736660047 0
1590525951646 0.5455311407139917 0
1590526804228 0.5454881584538345 0
1590527657918 0.545414200990807 0
1590528510309 0.5462445950966719 0
