1590489776937 0.3596427541255766 0
1590490655573 0.43689135587269357 0
1590491535938 0.41361683452423975 0
1590492415946 0.4609646277873544 0
1590493295643 0.3870324985469686 0
1590494174878 0.4671856568853954 0
1590495054042 0.4432243696539663 0
1590495934081 0.45780121919923705 0
1590496812808 0.49088664558336975 0
1590497692291 0.46438438182248737 0
1590498570278 0.5264350039090113 0
1590499448516 0.5127003632194623 0
1590500327050 0.5074564626075717 0
1590501205164 0.5325997390992795 0
1590502083620 0.5301590577865565 0
1590503784714 0.5356473919715516 0
1590504637418 0.5461653823033684 0
1590505489845 0.5510899354861949 0
1590506342078 0.5400856058737915 0
1590507194465 0.5364095286236432 0
1590508047265 0.5268113647763577 0
1590508900462 0.5278989678607864 0
1590509752464 0.5280119015682014 0
1590510604810 0.521570690454269 0
1590511456930 0.5340177295457446 0
1590512309422 0.5265837505984824 0
1590513161449 0.5283855857108013 0
1590514013942 0.5412476320323045 0
1590514866115 0.5319180234548779 0
1590515718755 0.5352317565016264 0
1590516571930 0.5373429789926923 0
1590517424894 0.5415901902882848 0
1590518277199 0.541373585738827 0
1590519129547 0.5400351536349625 0
1590519981751 0.540795501009849 0
1590520834668 0.5412562219910281 0
1590521686806 0.5403735097977954 0
1590522540062 0.5394009420044735 0
1590523393059 0.5391144768229755 0
1590524246561 0.5378364549749334 0
1590525098656 0.5379149149622001 0
1590525951651 0.5378352716377608 0
1590526804233 0.5377584982008883 0
1590527657921 0.5376033818885323 0
1590528510313 0.5383784182874584 0
