1590489776929 0.37162896740035195 0
1590490655560 0.4490238256458982 0
1590491535925 0.4253017599798329 0
1590492415938 0.4726562876962627 0
1590493295636 0.39669737879236994 0
1590494174865 0.47970323894966255 0
1590495054027 0.45390148148802284 0
1590495934067 0.46881889451216346 0
1590496812796 0.504310577581824 0
1590497692280 0.4772332020667698 0
1590498570266 0.5414641704113392 0
1590499448509 0.5268446212902406 0
1590500327034 0.5206855140672281 0
1590501205157 0.5475083763450415 0
1590502083608 0.5451909716819134 0
1590503784700 0.5510082631612855 0
1590504637406 0.5636650918860718 0
1590505489828 0.5669178304094776 0
1590506342065 0.5552250495066463 0
1590507194451 0.5527421684823388 0
1590508047251 0.5423007307624466 0
1590508900451 0.5436965149010842 0
1590509752456 0.5434191908657189 0
1590510604802 0.53667567238048 0
1590511456922 0.5500583892009291 0
1590512309409 0.5419730084799838 0
1590513161438 0.5438453632359761 0
1590514013933 0.5574720493685555 0
1590514866107 0.5472238426862336 0
1590515718741 0.5512718999251784 0
1590516571917 0.553423192092404 0
1590517424887 0.5577378249853266 0
1590518277191 0.5575718950089135 0
1590519129529 0.5563933229836732 0
1590519981739 0.5567629021278732 0
1590520834660 0.5574267869500843 0
1590521686793 0.5564894364055217 0
1590522540055 0.5555623824343678 0
1590523393045 0.5551013240473106 0
1590524246554 0.5539379867249017 0
1590525098645 0.5539272792840858 0
1590525951637 0.5538579912186301 0
1590526804218 0.5537992622169422 0
1590527657911 0.553649931239209 0
1590528510301 0.554504737523266 0
