1590489776945 0.3733084938014158 0
1590490655585 0.45102457188211204 0
1590491535950 0.4270430509491389 0
1590492415954 0.47469134653409734 0
1590493295651 0.3977688925935482 0
1590494174891 0.48171087231247856 0
1590495054057 0.45589417376748087 0
1590495934093 0.470561806797625 0
1590496812820 0.5070050726827922 0
1590497692302 0.4793235913901306 0
1590498570290 0.5441872355823686 0
1590499448524 0.529165831166058 0
1590500327064 0.5227691386918545 0
1590501205172 0.5496493878421957 0
1590502083630 0.5477757340341067 0
1590503784727 0.5530128054915152 0
1590504637430 0.5664891612866525 0
1590505489861 0.5695857654755769 0
1590506342091 0.5576936653017625 0
1590507194477 0.5549176188718075 0
1590508047279 0.5445086900896834 0
1590508900473 0.5460786189774461 0
1590509752471 0.5459656769012214 0
1590510604817 0.5391334440149712 0
1590511456937 0.5527988130791552 0
1590512309435 0.5444861404405824 0
1590513161459 0.5463638088258685 0
1590514013950 0.5600850019964311 0
1590514866123 0.5497981646880055 0
1590515718769 0.5538570012121217 0
1590516571943 0.5560566936647459 0
1590517424902 0.5602982367254328 0
1590518277207 0.5600794037406387 0
1590519129563 0.5589542213628695 0
1590519981763 0.5594480205806299 0
1590520834675 0.5602615352180494 0
1590521686818 0.5592121442391952 0
1590522540070 0.5583534601980086 0
1590523393071 0.5577648286712398 0
1590524246569 0.5565429674020208 0
1590525098666 0.5565645357623882 0
1590525951664 0.5565460786809066 0
1590526804247 0.5564885014445151 0
1590527657931 0.5563375750914045 0
1590528510324 0.5571949413803592 0
