1590489776947 0.37162896740035195 0
1590490655589 0.4490238256458982 0
1590491535954 0.425369965242129 0
1590492415957 0.4726562876962627 0
1590493295654 0.39669737879236994 0
1590494174895 0.47970323894966255 0
1590495054062 0.45390148148802284 0
1590495934097 0.46881889451216346 0
1590496812824 0.504310577581824 0
1590497692305 0.4772332020667698 0
1590498570294 0.5414641704113392 0
1590499448526 0.5268446212902406 0
1590500327068 0.5206855140672281 0
1590501205174 0.5475083763450415 0
1590502083634 0.5452222872955801 0
1590503784731 0.5510627306264371 0
1590504637434 0.5637092026622607 0
1590505489866 0.5669178304094776 0
1590506342095 0.5552701511744138 0
1590507194481 0.5527421684823388 0
1590508047283 0.5423007307624466 0
1590508900477 0.5436965149010842 0
1590509752474 0.5434191908657189 0
1590510604820 0.53667567238048 0
1590511456940 0.5500583892009291 0
1590512309440 0.5420038270204177 0
1590513161462 0.5438453632359761 0
1590514013952 0.5575014670662424 0
1590514866125 0.5472532603839205 0
1590515718773 0.5512718999251784 0
1590516571947 0.553423192092404 0
1590517424904 0.5577378249853266 0
1590518277209 0.5575718950089135 0
1590519129568 0.5563933229836732 0
1590519981767 0.5567629021278732 0
1590520834678 0.5574581025637511 0
1590521686822 0.5565207520191885 0
1590522540072 0.5555936980480345 0
1590523393076 0.5551326396609774 0
1590524246571 0.5539693023385683 0
1590525098670 0.5539585948977526 0
1590525951668 0.5538893068322969 0
1590526804252 0.553830577830609 0
1590527657934 0.5536812468528759 0
1590528510328 0.5545360531369327 0
