1590489776958 0.3497689523634479 0
1590490655604 0.42776280932203503 0
1590491535969 0.40426731511532427 0
1590492415967 0.4510481671433683 0
1590493295664 0.3794844644853325 0
1590494174910 0.4587381484574982 0
1590495054080 0.4349813689950087 0
1590495934112 0.44957495954300275 0
1590496812839 0.47975508610572803 0
1590497692319 0.4552955869171207 0
1590498570309 0.5152307685915827 0
1590499448536 0.5018907977581911 0
1590500327086 0.4968363236848825 0
1590501205184 0.5207447032755629 0
1590502083648 0.518951631374051 0
1590503784746 0.5229813718903761 0
1590504637449 0.5337473776934755 0
1590505489886 0.5382441307395925 0
1590506342110 0.5276938781834883 0
1590507194497 0.5235957573233307 0
1590508047301 0.5146373341070405 0
1590508900491 0.5152018505543416 0
1590509752486 0.5155273543215365 0
1590510604830 0.5096372635937891 0
1590511456950 0.5215925130375568 0
1590512309457 0.5145810201708934 0
1590513161474 0.5158881223152132 0
1590514013962 0.5285714567078327 0
1590514866135 0.5193837490633058 0
1590515718789 0.5225338217146278 0
1590516571963 0.52467378880182 0
1590517424914 0.5288752580614238 0
1590518277220 0.5286284046313771 0
1590519129587 0.5274589095035905 0
1590519981782 0.5282822013412941 0
1590520834688 0.5285061651502511 0
1590521686839 0.5279838219552802 0
1590522540082 0.5269963410426167 0
1590523393092 0.5267622005660658 0
1590524246581 0.5255092526257094 0
1590525098683 0.5256065073984906 0
1590525951684 0.52554435122694 0
1590526804269 0.5254471585296393 0
1590527657946 0.5252478058620522 0
1590528510343 0.5260799536956832 0
