1590489776953 0.36521354358204944 0
1590490655597 0.4424036676633185 0
1590491535961 0.41944614140366715 0
1590492415962 0.46663549302127166 0
1590493295659 0.3917218654998372 0
1590494174902 0.4732377682416111 0
1590495054071 0.4487992812342839 0
1590495934104 0.4632801047877391 0
1590496812832 0.4979247448292207 0
1590497692312 0.47075522153162136 0
1590498570301 0.5340132566046838 0
1590499448531 0.5193507255186428 0
1590500327077 0.51398955151321 0
1590501205179 0.539678222189977 0
1590502083641 0.5376315543355511 0
1590503784738 0.5428628757394434 0
1590504637442 0.5548616270575832 0
1590505489876 0.558756590959543 0
1590506342103 0.5474259039243813 0
1590507194489 0.5441618461805942 0
1590508047292 0.5343574342030543 0
1590508900484 0.5357276653279367 0
1590509752480 0.535630835871169 0
1590510604825 0.5291623418156969 0
1590511456945 0.542032343856985 0
1590512309449 0.5342735412099174 0
1590513161468 0.535973644265866 0
1590514013957 0.548974792489028 0
1590514866130 0.5396032863913365 0
1590515718781 0.5430227431387377 0
1590516571955 0.545237625655916 0
1590517424909 0.5495782799567712 0
1590518277215 0.5493149944086767 0
1590519129577 0.5480190657907901 0
1590519981775 0.5485003731325511 0
1590520834683 0.5492943254556376 0
1590521686831 0.5483718768950316 0
1590522540077 0.5474647367472706 0
1590523393084 0.5469139468108303 0
1590524246576 0.5456640287835817 0
1590525098676 0.5456411892796714 0
1590525951676 0.5455624563276584 0
1590526804261 0.5455194740675013 0
1590527657940 0.5454455166044736 0
1590528510335 0.5462759107103385 0
