1590489625116 1.0393244291982269 0
1590490510492 0.8703133635032367 0
1590491389684 0.8292874273525798 0
1590492270748 0.8094430033916993 0
1590493149568 0.79313842446341 0
1590494029902 0.7810034745437037 0
1590494908923 0.7742826979589393 0
1590495789018 0.7660201012334331 0
1590496668488 0.7587769986292536 0
1590497547386 0.7581587549564107 0
1590498426216 0.7196902960740456 0
1590499304404 0.7103767378043088 0
1590500182939 0.706934930780161 0
1590501061385 0.7005725280675841 0
1590501939620 0.7039814625333047 0
1590503644952 0.6981776997659651 0
1590504498072 0.6956518077007802 0
1590505350822 0.6958573945232559 0
1590506202620 0.6939128872861131 0
1590507055590 0.6937996263096621 0
1590507907404 0.6875029370821101 0
1590508761002 0.688203124645987 0
1590509613339 0.6858893780467867 0
1590510465325 0.6872359577571908 0
1590511317726 0.6844412912642259 0
1590512170064 0.6849244609661539 0
1590513022154 0.6854211162914521 0
1590513874894 0.6849788114669463 0
1590514726815 0.68780250503703 0
1590515579710 0.6856686125186343 0
1590516432329 0.6850120305553841 0
1590517285540 0.682210886852679 0
1590518138279 0.6859396148961123 0
1590518990196 0.6853302596192158 0
1590519842142 0.6829078365500473 0
1590520695289 0.6846676849982072 0
1590521547381 0.6863146285872335 0
1590522400556 0.685180911769106 0
1590523253608 0.6827036382211407 0
1590524107140 0.6850514113122916 0
1590524959372 0.6863592083571414 0
1590525812349 0.6822597350969392 0
1590526665073 0.6842659334037687 0
1590527518367 0.6837265824949476 0
1590528371154 0.6815819532204532 0
