1590489625096 0.4265838300103696 0
1590490510471 0.37163074355464765 0
1590491389662 0.3574967882958406 0
1590492270736 0.3508630047094566 0
1590493149556 0.3450140402969208 0
1590494029891 0.3402240898562326 0
1590494908903 0.33872094770287303 0
1590495788998 0.3343843067240238 0
1590496668473 0.33263699186784945 0
1590497547369 0.33352072385614057 0
1590498426197 0.31941291467846544 0
1590499304393 0.3167465870759503 0
1590500182928 0.31448007636241687 0
1590501061369 0.3124167118760018 0
1590501939598 0.3144425019301513 0
1590503644929 0.3120805245193841 0
1590504498060 0.3111081956613055 0
1590505350810 0.3115391364587599 0
1590506202609 0.3120928693250694 0
1590507055577 0.3100733355190287 0
1590507907381 0.3091732190992321 0
1590508760981 0.30844031588579657 0
1590509613327 0.30819043599406026 0
1590510465310 0.3086696784415892 0
1590511317708 0.3076020011400805 0
1590512170050 0.3075990937015054 0
1590513022138 0.30816799321048255 0
1590513874873 0.3081413033971352 0
1590514726796 0.3095174287041971 0
1590515579699 0.30761433117163456 0
1590516432307 0.3082634222129701 0
1590517285520 0.30710233632527606 0
1590518138257 0.3081991718798942 0
1590518990177 0.30729182088282303 0
1590519842113 0.3075493999526976 0
1590520695268 0.3082464445766208 0
1590521547362 0.30957736017484855 0
1590522400544 0.30844556723615696 0
1590523253593 0.3083631250430161 0
1590524107119 0.3074431420201015 0
1590524959361 0.30837434281169085 0
1590525812328 0.306958833440111 0
1590526665054 0.3073444740806711 0
1590527518355 0.30743958585632564 0
1590528371141 0.30664574920998583 0
