1595571780070 0.5510546224686197 0
1595573130979 0.6173939831572051 0
1595574483142 0.5460358258265495 0
1595575828902 0.6096089631322862 0
1595577176156 0.605619711098886 0
1595578526677 0.6581156699675342 0
1595579863303 0.5960050325678405 0
1595581212635 0.6592243907474445 0
1595582552957 0.6592552148860652 0
1595583898616 0.6897452845784452 0
1595585253689 0.6511801805646074 0
1595586596725 0.6456511280777517 0
1595587938197 0.7089396792789101 0
1595589271061 0.7264985987510405 0
1595590605523 0.6935307126325257 0
1595591938425 0.7311460151133542 0
1595593279425 0.7040446141990976 0
1595594621631 0.7315907954415649 0
1595595966015 0.6933579702527243 0
1595597309780 0.6988037629592957 0
1595598642616 0.7286560365846314 0
1595599984133 0.7123027468145117 0
1595601334079 0.7129302755132931 0
1595602677171 0.727280690941244 0
1595604006850 0.7316781196216369 0
1595605346801 0.7206802595562388 0
1595606681782 0.7176287964653132 0
1595608020467 0.7416007542611363 0
1595609348305 0.7333061072488138 0
1595610686271 0.734168218398354 0
1595612030598 0.735822176177262 0
1595613371130 0.7394060536524355 0
1595614719796 0.7422585194757977 0
1595616072107 0.7299028780369818 0
1595617424584 0.7414121378395493 0
1595618773088 0.74340082685331 0
1595620116970 0.7413917470605595 0
1595621471256 0.7430481019665757 0
1595622815644 0.7364882095926357 0
1595624172174 0.7393137378186974 0
1595625522645 0.740211861359288 0
1595626874982 0.7344027782723149 0
1595628225978 0.7341621540585748 0
1595629579458 0.7425543685556041 0
1595630927844 0.7382981665727827 0
1595632270836 0.7381484495235145 0
1595633620599 0.739319790140723 0
1595634962283 0.7380199728765308 0
1595636310574 0.7384664855764251 0
1595637660370 0.7411771736648768 0
1595639013547 0.7359738541363676 0
1595640369823 0.735194653297521 0
1595641708976 0.7358625144595862 0
1595643062533 0.738329232508085 0
1595644410414 0.7381666304318133 0
1595645760318 0.7354952562783587 0
1595647106892 0.7373593482768724 0
1595648460178 0.7362361389826523 0
1595649809691 0.7367246249354142 0
1595651162980 0.7387779096556393 0
1595652511402 0.7387771521410299 0
1595653859584 0.7398218800490597 0
1595655204620 0.7404110980827633 0
1595656549410 0.7412727670838004 0
1595657889783 0.7393681372766686 0
1595659243768 0.738477700328187 0
1595660590730 0.7400210883722954 0
1595661935592 0.7394733755096878 0
1595663287966 0.7396480927016365 0
1595664643297 0.7392982944532004 0
1595665998018 0.7404159391340519 0
1595667351570 0.7415312478417209 0
1595668701584 0.7416179585385041 0
1595670039051 0.7405298904811448 0
1595671382080 0.7410186745906906 0
1595672733588 0.741135857790486 0
1595674088779 0.7406187375568558 0
1595675432114 0.740232597313082 0
1595676783324 0.7408823853398488 0
1595678141017 0.7412965334478789 0
1595679488095 0.7410637816484599 0
1595680836702 0.7411614491701817 0
1595682202701 0.741034813958853 0
1595683548432 0.7410264577805252 0
1595684891541 0.7408360976595503 0
1595686243054 0.7404999603255593 0
1595687582244 0.7406052793122578 0
1595688934510 0.740509589623855 0
1595690269069 0.7401718730061189 0
1595691622693 0.7401305405573941 0
1595692964480 0.740339282463476 0
1595694307746 0.7400853812277411 0
1595695651024 0.7403320272222261 0
1595696997354 0.7399822531063793 0
1595698339952 0.7403535664556365 0
1595699680472 0.7404914872756019 0
1595701022794 0.7403752332895187 0
1595702363600 0.7402188941980027 0
1595703701959 0.7398907878378399 0
1595705048000 0.7402032208836766 0
1595706386943 0.7405632473475041 0
1595707734037 0.7404348408958603 0
1595709073853 0.7400873680108717 0
1595710426470 0.7403333344723689 0
1595711771832 0.7400370961272531 0
1595713111623 0.7402425225338842 0
1595714465288 0.7403595903578167 0
1595715812762 0.7403179019341111 0
1595717153300 0.7403664134748953 0
1595718495901 0.740202192683692 0
1595719832106 0.7402111005627766 0
1595721177367 0.7403735201632277 0
1595722522684 0.7404274380071783 0
1595723874791 0.7401170170589038 0
1595725224213 0.7403490375583743 0
1595726569862 0.7403689435226799 0
1595727914389 0.7404097118674808 0
1595729265779 0.7402476549250218 0
1595730616609 0.7403927475117671 0
1595731961612 0.7405362397379229 0
1595733317503 0.7406226023658016 0
1595734678814 0.7406550411536045 0
1595736020817 0.7406259036064342 0
1595737370370 0.7406506422649186 0
1595738712344 0.7402292374462709 0
1595740063905 0.7406788345919479 0
1595741417235 0.7406290937501737 0
1595742766381 0.7405808692577868 0
1595744108067 0.7405839772166124 0
