1595571780126 0.7436138336155461 0
1595573131009 0.7746359422858984 0
1595574483158 0.7457446132131256 0
1595575829010 0.7630889674040431 0
1595577176192 0.7725137341504437 0
1595578526707 0.7818738075264687 0
1595579863357 0.7806131137585642 0
1595581212667 0.7789785796050062 0
1595582553017 0.775186322334975 0
1595583898639 0.7934904993367318 0
1595585253712 0.7787300334345756 0
1595586596744 0.7804542018468127 0
1595587938209 0.7895411165959733 0
1595589271086 0.7945658045171777 0
1595590605661 0.7954712114119689 0
1595591938453 0.8021791826748139 0
1595593279452 0.7984742564459535 0
1595594621650 0.8046555893155475 0
1595595966027 0.7948872716147329 0
1595597309807 0.7890859901305936 0
1595598642643 0.7954174045228478 0
1595599984147 0.7934616864806111 0
1595601334094 0.7952385904310416 0
1595602677222 0.7971859677249872 0
1595604006864 0.7998983947935586 0
1595605346826 0.7962458818557192 0
1595606681830 0.7948553393769353 0
1595608020495 0.8008671428868056 0
1595609348319 0.8056629722733134 0
1595610686286 0.8034845447430496 0
1595612030628 0.801172754881913 0
1595613371160 0.8029504319822127 0
1595614719818 0.8042455803691034 0
1595616072126 0.8023909604953987 0
1595617424599 0.8021633493282228 0
1595618773102 0.8053211498173488 0
1595620117010 0.8036818288561097 0
1595621471282 0.8037584091100834 0
1595622815661 0.8036120736929836 0
1595624172186 0.8035837757392933 0
1595625522657 0.8053748450432846 0
1595626875004 0.8031266372445169 0
1595628225993 0.8048470948919934 0
1595629579474 0.8048502774433419 0
1595630927858 0.8037219661214371 0
1595632270866 0.8038949025109131 0
1595633620612 0.8041126044950705 0
1595634962298 0.8047622734697304 0
1595636310600 0.8032191203578689 0
1595637660403 0.803816468118163 0
1595639013575 0.8031155295042132 0
1595640369838 0.8045620363806955 0
1595641709010 0.8047807187478301 0
1595643062594 0.8049693585076044 0
1595644410470 0.8042998262175147 0
1595645760349 0.8041310247653811 0
1595647106906 0.8051699204226815 0
1595648460220 0.8050800321966234 0
1595649809703 0.8050442527123011 0
1595651163006 0.8049232708381131 0
1595652511423 0.8054360553289223 0
1595653859616 0.8058617092356581 0
1595655204667 0.8059051213186107 0
1595656549463 0.8061928292959449 0
1595657889797 0.805763458522241 0
1595659243792 0.8060027926673538 0
1595660590744 0.8063402927326285 0
1595661935627 0.8059070131676997 0
1595663287991 0.8056673432701209 0
1595664643329 0.8061909479253543 0
1595665998032 0.8057809333322054 0
1595667351654 0.8055578991555218 0
1595668701671 0.8055244681884173 0
1595670039102 0.8057707348779826 0
1595671382136 0.8054724795343403 0
1595672733600 0.8054193707040068 0
1595674088790 0.805476537677776 0
1595675432188 0.8057269862203863 0
1595676783388 0.8055750803555461 0
1595678141029 0.8057187579094991 0
1595679488135 0.8055779650610507 0
1595680836775 0.8058784367150619 0
1595682202730 0.8058961376927701 0
1595683548445 0.8056078424933968 0
1595684891576 0.8055910604245115 0
1595686243066 0.8056472961564808 0
1595687582286 0.8055551940334037 0
1595688934553 0.8053977910507525 0
1595690269138 0.8055201864941426 0
1595691622714 0.8054601893544563 0
1595692964496 0.8053494128764287 0
1595694307761 0.8053906358197855 0
1595695651038 0.805447135787355 0
1595696997368 0.8053709688574967 0
1595698339989 0.8054813110575053 0
1595699680508 0.8056061058776265 0
1595701022852 0.8055506829731702 0
1595702363628 0.8054860399437713 0
1595703701992 0.8054171020076906 0
1595705048022 0.8054665321012103 0
1595706386991 0.8055951368325364 0
1595707734070 0.8054927770005665 0
1595709073900 0.8055934848306476 0
1595710426490 0.8055024912253496 0
1595711771843 0.8052243792002703 0
1595713111696 0.8055606166364216 0
1595714465317 0.8054509523253528 0
1595715812781 0.8056120028120131 0
1595717153333 0.8055458159432312 0
1595718495923 0.8054706937793369 0
1595719832154 0.8055701929979723 0
1595721177423 0.8056437652860238 0
1595722522708 0.8055715296201389 0
1595723874837 0.805569642009209 0
1595725224253 0.8055556057262047 0
1595726569874 0.805619491156927 0
1595727914416 0.8055974354506446 0
1595729265793 0.8055414318415272 0
1595730616675 0.8056350164883973 0
1595731961659 0.8055586356118628 0
1595733317537 0.8055993165741402 0
1595734678828 0.8055457228617577 0
1595736020845 0.8056259608451687 0
1595737370420 0.8056075700104466 0
1595738712358 0.8053661595798888 0
1595740063941 0.8055162196038991 0
1595741417247 0.8056106048288637 0
1595742766409 0.8056638202395439 0
1595744108131 0.8056399059997257 0
