1595571780129 0.6939896453860781 0
1595573131029 0.7326206332728425 0
1595574483164 0.6987703329072901 0
1595575829074 0.7198491673174362 0
1595577176199 0.7263216862744388 0
1595578526712 0.7366939317216277 0
1595579863368 0.7359232083903475 0
1595581212676 0.732013660995385 0
1595582553031 0.7286233057174499 0
1595583898646 0.7518072957512778 0
1595585253714 0.7348723659142391 0
1595586596751 0.7335504058092428 0
1595587938212 0.7445874961608241 0
1595589271098 0.7512191065055104 0
1595590605688 0.753291996446174 0
1595591938461 0.7563143479180858 0
1595593279460 0.7545207636336573 0
1595594621655 0.762647658761996 0
1595595966030 0.7535174413604175 0
1595597309814 0.7472897008215478 0
1595598642652 0.7526814816877696 0
1595599984152 0.7522498086980973 0
1595601334099 0.7544058260747197 0
1595602677236 0.7551293854313077 0
1595604006866 0.7603245014935239 0
1595605346831 0.7539912081827643 0
1595606681843 0.7540863833319595 0
1595608020507 0.7602617868302255 0
1595609348323 0.7645287217797456 0
1595610686295 0.7628724966443454 0
1595612030637 0.7596659021449488 0
1595613371225 0.7615907920362117 0
1595614719823 0.7617205977363269 0
1595616072133 0.7597428419389388 0
1595617424603 0.7589364728727763 0
1595618773107 0.7632091808620843 0
1595620117017 0.7623061908114577 0
1595621471291 0.762314933550044 0
1595622815675 0.7620511769977497 0
1595624172190 0.7618553942387062 0
1595625522659 0.7637158210439051 0
1595626875017 0.7613924882828224 0
1595628225999 0.7639297899690665 0
1595629579479 0.7635717056159469 0
1595630927863 0.7626400435009095 0
1595632270873 0.7622224341892703 0
1595633620617 0.7628822136874526 0
1595634962303 0.7639219033815122 0
1595636310607 0.7630525783287252 0
1595637660409 0.7629635684898862 0
1595639013586 0.7614652135129452 0
1595640369840 0.7630709901448742 0
1595641709018 0.7641934040145688 0
1595643062602 0.7635269021843285 0
1595644410482 0.7632712263441532 0
1595645760360 0.7629738631674965 0
1595647106920 0.7636617436326926 0
1595648460232 0.7635726916712453 0
1595649809705 0.7649113683108617 0
1595651163011 0.7636441048547263 0
1595652511432 0.7648152551588413 0
1595653859626 0.76525399814654 0
1595655204676 0.7651174863350322 0
1595656549475 0.7653609534407975 0
1595657889800 0.7646159804526329 0
1595659243803 0.7652373390779037 0
1595660590746 0.7655120648368761 0
1595661935646 0.7646351775477667 0
1595663287996 0.7643867702668503 0
1595664643338 0.7644105006622397 0
1595665998037 0.7645548359293909 0
1595667351668 0.764533038666371 0
1595668701673 0.7641345849233341 0
1595670039111 0.7643633544877004 0
1595671382145 0.7641129326637747 0
1595672733602 0.7643076943170524 0
1595674088792 0.7641896646640652 0
1595675432202 0.7642155511301704 0
1595676783397 0.7642128660998988 0
1595678141031 0.7642787568225344 0
1595679488178 0.7640905442125056 0
1595680836787 0.7644321657283948 0
1595682202736 0.764444368250962 0
1595683548447 0.764123837881287 0
1595684891589 0.764171488634316 0
1595686243086 0.7643092201379259 0
1595687582315 0.7641169751695921 0
1595688934568 0.7639723564664896 0
1595690269155 0.763995064832145 0
1595691622732 0.7640156178417409 0
1595692964503 0.7639340419674766 0
1595694307765 0.7639707503433758 0
1595695651043 0.764007861535447 0
1595696997372 0.7639534294845 0
1595698339999 0.7640595969376858 0
1595699680519 0.7641499645724065 0
1595701022864 0.7640750155086872 0
1595702363636 0.7640034987393625 0
1595703702042 0.763801670142056 0
1595705048024 0.7640069497718205 0
1595706387003 0.7641989798382928 0
1595707734080 0.764036738205332 0
1595709073925 0.7639426129333821 0
1595710426496 0.7641078893628342 0
1595711771846 0.763706014838633 0
1595713111703 0.7641742812363802 0
1595714465324 0.763892389844571 0
1595715812786 0.7640211637940013 0
1595717153340 0.7640023896740872 0
1595718495930 0.7639053168808475 0
1595719832168 0.7641094190267833 0
1595721177438 0.764149839538636 0
1595722522712 0.7641175830092937 0
1595723874850 0.764070811002053 0
1595725224264 0.7641960739231882 0
1595726569876 0.7642212845510279 0
1595727914420 0.7642588811949758 0
1595729265797 0.7641116438922807 0
1595730616685 0.7642061689905593 0
1595731961671 0.764105578292816 0
1595733317546 0.7642180401999367 0
1595734678834 0.7641653869389622 0
1595736020860 0.7642436464399008 0
1595737370441 0.764190969727752 0
1595738712433 0.7639781134093301 0
1595740063947 0.7640206921592647 0
1595741417250 0.764219460463464 0
1595742766418 0.7641740170850876 0
1595744108144 0.7642247215095875 0
