1595571780134 0.7454528937586703 0
1595573131053 0.775902339282654 0
1595574483169 0.7475321862339341 0
1595575829075 0.7640097840326033 0
1595577176207 0.7733401599613802 0
1595578526714 0.7831096292937106 0
1595579863377 0.781360224898286 0
1595581212681 0.7796844371150248 0
1595582553037 0.7766224769624351 0
1595583898650 0.7945387040392781 0
1595585253716 0.780356853066389 0
1595586596755 0.7806089379051233 0
1595587938213 0.7902803139024775 0
1595589271101 0.7954929892999787 0
1595590605694 0.7959466628916628 0
1595591938467 0.8019121619500226 0
1595593279464 0.7989402571349626 0
1595594621657 0.8050471004891425 0
1595595966031 0.7959812474347115 0
1595597309817 0.7904347218771072 0
1595598642656 0.7964247083161572 0
1595599984154 0.7946256038556637 0
1595601334101 0.7962288417297961 0
1595602677242 0.7982146069315245 0
1595604006867 0.8004986374745773 0
1595605346834 0.7971682712835406 0
1595606681850 0.7954067667138552 0
1595608020509 0.8016309527138743 0
1595609348326 0.8061738338983245 0
1595610686297 0.8042640498043546 0
1595612030641 0.8016169860134118 0
1595613371239 0.8035266802688997 0
1595614719825 0.8043981013096264 0
1595616072137 0.802185315410703 0
1595617424606 0.8024892317446618 0
1595618773109 0.8056628668982612 0
1595620117019 0.8038012991741184 0
1595621471293 0.8039868398318544 0
1595622815678 0.8039832585606592 0
1595624172191 0.8038124833922717 0
1595625522660 0.805687190537522 0
1595626875024 0.8033606666553669 0
1595628226001 0.8054096759623631 0
1595629579481 0.8053765297647245 0
1595630927865 0.8044648525596615 0
1595632270876 0.8040109373469498 0
1595633620619 0.8044589044550645 0
1595634962305 0.8052504636645929 0
1595636310610 0.8040860789359824 0
1595637660413 0.8045804346468257 0
1595639013590 0.8038234425595796 0
1595640369843 0.8051649414638243 0
1595641709051 0.8056738642453826 0
1595643062607 0.805128304223203 0
1595644410490 0.8048084695498311 0
1595645760366 0.8047347914914269 0
1595647106922 0.8054858362745562 0
1595648460238 0.8052596484912833 0
1595649809706 0.805597508589861 0
1595651163014 0.8052589571747221 0
1595652511439 0.8059934241748142 0
1595653859633 0.8064166963130579 0
1595655204682 0.8065361577250445 0
1595656549482 0.8066631996199325 0
1595657889801 0.8062193623146747 0
1595659243807 0.8064773511946736 0
1595660590747 0.806769473307266 0
1595661935650 0.806236236708847 0
1595663287999 0.8061070249010704 0
1595664643344 0.8064943601403249 0
1595665998039 0.8062021067065855 0
1595667351684 0.8060382169686812 0
1595668701677 0.8058807992227361 0
1595670039118 0.806182232346267 0
1595671382148 0.8059122390353566 0
1595672733604 0.8059953567861272 0
1595674088794 0.8060376296452191 0
1595675432209 0.806077667753644 0
1595676783403 0.8060081797762769 0
1595678141033 0.8060937686093376 0
1595679488180 0.8060193419286282 0
1595680836794 0.8062220615640819 0
1595682202769 0.8062688803588932 0
1595683548448 0.8059822886975198 0
1595684891595 0.8059641434735557 0
1595686243087 0.8060509730283317 0
1595687582316 0.8059511019104258 0
1595688934574 0.805800121935699 0
1595690269164 0.805899730532872 0
1595691622737 0.8058548628126557 0
1595692964507 0.8057466992227836 0
1595694307768 0.8058459158050696 0
1595695651050 0.8058506788964234 0
1595696997374 0.8057112797017942 0
1595698340004 0.8058390961634218 0
1595699680524 0.8059440218513441 0
1595701022874 0.8058770630013381 0
1595702363640 0.8058545415319963 0
1595703702048 0.805746417690948 0
1595705048025 0.8058669778936197 0
1595706387011 0.8060254385686294 0
1595707734084 0.8058869833319658 0
1595709073935 0.8059262088096536 0
1595710426497 0.8059031260583788 0
1595711771847 0.8055974083793188 0
1595713111705 0.8059801517158195 0
1595714465329 0.8058386213975358 0
1595715812789 0.8059757466550838 0
1595717153347 0.8058992226254796 0
1595718495933 0.8058336324322745 0
1595719832174 0.8059536077402955 0
1595721177445 0.8060041124530682 0
1595722522713 0.8059634046086869 0
1595723874854 0.8059423798273202 0
1595725224271 0.8059558411705471 0
1595726569877 0.8059987344041973 0
1595727914422 0.8060078998386845 0
1595729265800 0.8059155706428894 0
1595730616701 0.8060264702112439 0
1595731961676 0.8059656102445998 0
1595733317551 0.8060022809695725 0
1595734678836 0.8059407739328143 0
1595736020862 0.8060340513330247 0
1595737370466 0.806000063926884 0
1595738712442 0.805763161935732 0
1595740063966 0.805890192731426 0
1595741417251 0.8060199773123337 0
1595742766420 0.8060337780496653 0
1595744108150 0.806040767298161 0
