1595571464478 0.14602752733425006 0
1595572831607 0.13517911506402994 0
1595574189747 0.13145034734704197 0
1595575544992 0.12906484105904964 0
1595576898057 0.12823361541205305 0
1595578244677 0.12564777403848412 0
1595579581890 0.12483084614640125 0
1595580928338 0.12338391253855434 0
1595582266194 0.1227487611725102 0
1595583604943 0.12161030969178746 0
1595584958518 0.12082730760470242 0
1595586292396 0.12014571169097496 0
1595587624400 0.11608525127646206 0
1595588951881 0.11429822549199291 0
1595590287161 0.11312430368891735 0
1595591611585 0.11208146138687354 0
1595592947503 0.11066602518848158 0
1595594289996 0.10995079899202143 0
1595595627073 0.10911393512892487 0
1595596968433 0.10870676763312664 0
1595598311312 0.10771688893375861 0
1595599632594 0.10414526957332547 0
1595600985322 0.10374571227650815 0
1595602324859 0.10305228774473502 0
1595603667022 0.10233958963916924 0
1595605014671 0.10100897554920342 0
1595606346046 0.1008524828068266 0
1595607691924 0.09938560012177335 0
1595609032048 0.09764544324200326 0
1595610359529 0.09809080148954022 0
1595611702477 0.09642923821892796 0
1595613048219 0.09674464828087882 0
1595614386087 0.09618782910074605 0
1595615730823 0.09479746913566607 0
1595617088646 0.0945181448403269 0
1595618432167 0.0937072004227723 0
1595619769632 0.09386301152931079 0
1595621119769 0.09289101606448705 0
1595622455723 0.09386270956700002 0
1595623811556 0.09322291949008685 0
1595625154578 0.093052575366247 0
1595626512935 0.09256060830448945 0
1595627855345 0.0921484630825621 0
1595629204194 0.09248503779301852 0
1595630545158 0.09177934125213462 0
1595631889956 0.09183337976333157 0
1595633242120 0.09176178205632209 0
1595634571616 0.09169959765493649 0
1595635916164 0.09142432285243574 0
1595637265625 0.09189973392583042 0
1595638604478 0.0916217212972072 0
1595639958170 0.09120820693111834 0
1595641301608 0.09087533032495458 0
1595642655925 0.0913191919471118 0
1595644003451 0.09085350837420078 0
1595645356996 0.09143531313250618 0
1595646705239 0.09115703991352035 0
1595648054214 0.09044961772342293 0
1595649407858 0.09128548848903396 0
1595650762998 0.09068103076645552 0
1595652110814 0.0912568249380559 0
1595653459589 0.09055379261804897 0
1595654799773 0.0906431392761152 0
1595656152220 0.09080813634559254 0
1595657491716 0.09076259923986568 0
1595658834610 0.09083576943082419 0
1595660189743 0.09060412813916273 0
1595661535781 0.09094178200715539 0
1595662883174 0.09122074249913435 0
1595664235368 0.09083128760897183 0
1595665597505 0.09036047655310786 0
1595666948234 0.09055446920275048 0
1595668297596 0.0910995925256012 0
1595669644389 0.09049059505690532 0
1595670973578 0.09046034484295733 0
1595672330377 0.09105878675081186 0
1595673674057 0.09111779320963545 0
1595675024449 0.09051046323901754 0
1595676371439 0.0907355159010452 0
1595677730721 0.09034409523194827 0
1595679079399 0.09113630468162695 0
1595680423957 0.09117275819914535 0
1595681783682 0.09064059377541038 0
1595683142257 0.09065166505670419 0
1595684492023 0.09030921885268463 0
1595685835734 0.09108527363097245 0
1595687185239 0.09075234836685717 0
1595688531274 0.0908725655673827 0
1595689883129 0.09147988255178013 0
1595691225135 0.09136314903602041 0
1595692573765 0.09109843664123538 0
1595693921553 0.09068979109113715 0
1595695265789 0.09090018894101941 0
1595696605889 0.09100235827439437 0
1595697956611 0.09089001993672549 0
1595699300196 0.09077233117316795 0
1595700638714 0.09072914850012907 0
1595701987144 0.09107565482683068 0
1595703323617 0.09144279199270154 0
1595704676088 0.0909547039763702 0
1595706023191 0.09060869433453367 0
1595707370795 0.09052367271850859 0
1595708704214 0.09030251216810907 0
1595710049801 0.09079727214091234 0
1595711393531 0.09038940525954416 0
1595712736185 0.09072719983645798 0
1595714091091 0.0908330469157679 0
1595715436971 0.09054813435275037 0
1595716774413 0.09057028899715273 0
1595718117204 0.09038574001840281 0
1595719448971 0.09100592721170576 0
1595720783451 0.08982135498247161 0
1595722133558 0.09056503273174474 0
1595723475734 0.09050207361917324 0
1595724821744 0.09033930719261767 0
1595726170884 0.09066788737625991 0
1595727506760 0.09070817889641081 0
1595728848852 0.09049757310549993 0
1595730204844 0.09089526937679256 0
1595731549242 0.09072269456542592 0
1595732901050 0.09053426855309112 0
1595734248438 0.09012783209860177 0
1595735606586 0.09072166865554651 0
1595736951180 0.09079829677108839 0
1595738299898 0.09086425834382299 0
1595739648478 0.09110113494344284 0
1595740999727 0.0909240622747102 0
1595742350269 0.0910500677950022 0
1595743696768 0.09058216287701411 0
