1595411877904 0.7452644626596233 0
1595413412847 0.7721589977734804 0
1595414949014 0.7772237087016974 0
1595416478772 0.7908387170093937 0
1595418003947 0.780466921583252 0
1595419527637 0.7820624143685629 0
1595421050528 0.7875852210290019 0
1595422572503 0.7857991490884172 0
1595424093722 0.7918658468754918 0
1595425606695 0.7805344247766743 0
1595427129447 0.7856600329500509 0
1595428657552 0.7689021471233248 0
1595430180686 0.7983793661444003 0
1595431700633 0.8048248215564088 0
1595433219085 0.7939501443999739 0
1595434738558 0.7885931174331027 0
1595436247944 0.7959230430575635 0
1595437769231 0.8035291088239441 0
1595439294087 0.7990423053788248 0
1595440811511 0.7996738012504927 0
1595442329785 0.7953924959041169 0
1595443843794 0.7954799389214553 0
1595445376373 0.7988319837990535 0
1595446907450 0.7961051646374838 0
1595448449842 0.7988759770082355 0
1595449987321 0.7994205475608251 0
1595451525769 0.7996596439924631 0
1595453057305 0.7995446520855111 0
1595454601009 0.7969997673260346 0
1595456132963 0.7937641080818869 0
1595457672106 0.7948049352637202 0
1595459214600 0.7985593151003034 0
1595460754226 0.7986496534564188 0
1595462296336 0.7957885421513808 0
1595463829025 0.7956453344671629 0
1595465364154 0.7965004533932663 0
1595466918553 0.7936707058342242 0
1595468451199 0.793830723785567 0
1595469993092 0.795461463724734 0
1595471527184 0.7928653308280282 0
1595473065436 0.7912909876946665 0
1595474601352 0.7939326769307877 0
1595476131251 0.7926945213845328 0
1595477666361 0.7919169840739994 0
1595479189534 0.7903823910908852 0
1595480716141 0.7909311425338001 0
1595482238721 0.7913432869924185 0
1595483760686 0.7900968476406938 0
1595485278404 0.7896891203144806 0
1595486805110 0.7886984754858263 0
1595488322238 0.7901220226489347 0
1595489833532 0.7902055346441221 0
1595491337951 0.789738906095633 0
1595492844203 0.7879631906335266 0
1595494358992 0.7903875908270747 0
1595495868385 0.7888298607629392 0
1595497382873 0.7899239141481341 0
1595498893028 0.7872734086055831 0
1595500396193 0.7884958191179061 0
1595501905796 0.7893924132169013 0
1595503410840 0.7885420267455617 0
1595504925520 0.7894663073175978 0
1595506437094 0.7895345244426033 0
1595507938391 0.7897019447939466 0
1595509473296 0.7885147185881424 0
1595510993155 0.7889719711978229 0
1595512506296 0.7885402301290615 0
