1595411877881 0.5414974744930876 0
1595413412840 0.5654874742113578 0
1595414948968 0.5732653103913108 0
1595416478758 0.6006066053173844 0
1595418003902 0.6123855848195163 0
1595419527628 0.6004003795707793 0
1595421050518 0.6264683765658599 0
1595422572470 0.6347719135706722 0
1595424093686 0.6584201240109041 0
1595425606616 0.6701913468866139 0
1595427129426 0.650231526370147 0
1595428657514 0.673818043258277 0
1595430180662 0.7008904288629041 0
1595431700602 0.7091638506613133 0
1595433219044 0.695220466100187 0
1595434738538 0.7089070794026523 0
1595436247905 0.7034332845909339 0
1595437769199 0.7135131629364823 0
1595439294076 0.7146307614359536 0
1595440811462 0.729260268864336 0
1595442329773 0.7141293453612197 0
1595443843775 0.7128198070976253 0
1595445376337 0.71118971024777 0
1595446907410 0.6953061808940569 0
1595448449806 0.7156704001747494 0
1595449987314 0.7006913019474682 0
1595451525740 0.6953944698547999 0
1595453057279 0.7007498896953008 0
1595454600945 0.696423214649191 0
1595456132935 0.703914715963477 0
1595457672066 0.6750794330700034 0
1595459214593 0.6940393701400384 0
1595460754204 0.6906827846935888 0
1595462296313 0.687994277857904 0
1595463828996 0.6894378854564626 0
1595465364145 0.6883597121256048 0
1595466918509 0.6887414842368481 0
1595468451169 0.6885012183645052 0
1595469993022 0.6837623673304493 0
1595471527167 0.6778137637120808 0
1595473065428 0.6806762146845714 0
1595474601341 0.6793414315044273 0
1595476131243 0.680734845919282 0
1595477666352 0.6808317863264333 0
1595479189516 0.6788859973502476 0
1595480716113 0.6777903888500434 0
1595482238714 0.6770557696709901 0
1595483760675 0.679516729383266 0
1595485278378 0.6732230291393904 0
1595486805074 0.6755120203620114 0
1595488322219 0.6750649042052841 0
1595489833519 0.6767338283852705 0
1595491337942 0.6782279193662375 0
1595492844176 0.6757748290340353 0
1595494358984 0.6749779901290811 0
1595495868370 0.6746097413277378 0
1595497382855 0.6750081165840338 0
1595498893020 0.6754046902507124 0
1595500396184 0.6747984468690654 0
1595501905762 0.6735674936188669 0
1595503410826 0.6724308826655252 0
1595504925491 0.6727634941844202 0
1595506437068 0.6743632729710141 0
1595507938315 0.6734079903561971 0
1595509473258 0.6717256634194226 0
1595510993127 0.6731702870386478 0
1595512506267 0.6726548614587958 0
