1595411877906 0.6944317248392803 0
1595413412850 0.7197695606766537 0
1595414949031 0.7258153085612047 0
1595416478778 0.741675048936562 0
1595418003949 0.7293568888175319 0
1595419527646 0.7295441791473833 0
1595421050532 0.7379875238937701 0
1595422572512 0.7353175519967768 0
1595424093737 0.7418010444234289 0
1595425606708 0.7278758826273672 0
1595427129455 0.7373205178158218 0
1595428657568 0.7199092901594089 0
1595430180697 0.7486248094195702 0
1595431700636 0.7563570959042848 0
1595433219125 0.7424642196974538 0
1595434738565 0.7371565321340577 0
1595436247960 0.7451569091804325 0
1595437769247 0.7499658873148881 0
1595439294093 0.7502120906444892 0
1595440811531 0.7504418624973055 0
1595442329793 0.7451422892972202 0
1595443843805 0.7456000642656048 0
1595445376377 0.7472940223110364 0
1595446907458 0.7445924903630925 0
1595448449852 0.7442636215438084 0
1595449987323 0.7475717340641911 0
1595451525777 0.7485325285122908 0
1595453057327 0.7477497022036687 0
1595454601012 0.7436981687286255 0
1595456132970 0.7419186777962364 0
1595457672119 0.7436434285964841 0
1595459214602 0.7483783125091251 0
1595460754235 0.7495766663245412 0
1595462296343 0.7456479591259761 0
1595463829032 0.7454308903670017 0
1595465364159 0.7464579901469993 0
1595466918574 0.7438039371636824 0
1595468451208 0.7440410457513661 0
1595469993103 0.7464601750142713 0
1595471527195 0.7425234862341099 0
1595473065494 0.741250275239389 0
1595474601358 0.743202678177343 0
1595476131253 0.7422226774298598 0
1595477666365 0.7419267645586731 0
1595479189540 0.740276293776447 0
1595480716153 0.7415719758538487 0
1595482238723 0.7399227619546731 0
1595483760689 0.7398435476626047 0
1595485278435 0.7393009930544113 0
1595486805148 0.7383793592993515 0
1595488322246 0.7402123500524198 0
1595489833541 0.7398415333125042 0
1595491337956 0.739871619032916 0
1595492844214 0.7375182252185418 0
1595494358994 0.739895086474435 0
1595495868389 0.7385223082088378 0
1595497382875 0.7395424430407489 0
1595498893032 0.7367974688738823 0
1595500396203 0.7379359567147459 0
1595501905815 0.7390646246462751 0
1595503410843 0.7381410311850941 0
1595504925532 0.7386481196177284 0
1595506437106 0.7387920567691532 0
1595507938422 0.7389403806887221 0
1595509473306 0.7381756648973925 0
1595510993163 0.7382346945604773 0
1595512506305 0.7380227772302211 0
