1595411877898 0.5187941440134296 0
1595413412842 0.542912009770305 0
1595414948971 0.549865211405222 0
1595416478760 0.5792100492478565 0
1595418003907 0.5889548164808031 0
1595419527630 0.5762174706124771 0
1595421050519 0.6034361628908593 0
1595422572475 0.6101033654066436 0
1595424093691 0.633379358415314 0
1595425606622 0.6425742279882625 0
1595427129427 0.625621327502874 0
1595428657516 0.6479923349481762 0
1595430180663 0.6742664042337881 0
1595431700603 0.6840947995864226 0
1595433219045 0.667917604224476 0
1595434738544 0.6808911143161271 0
1595436247908 0.6761601336685172 0
1595437769202 0.6843763808303249 0
1595439294078 0.6874566236251344 0
1595440811466 0.700897807560449 0
1595442329775 0.6862407645441146 0
1595443843778 0.6848443937978409 0
1595445376339 0.6835320737867933 0
1595446907411 0.6686985857216906 0
1595448449812 0.6858302729312376 0
1595449987315 0.673641979092601 0
1595451525744 0.6686587450341432 0
1595453057282 0.6737061095399997 0
1595454600946 0.6689503510739183 0
1595456132938 0.676228232743339 0
1595457672070 0.6495950651644223 0
1595459214594 0.6677549641583306 0
1595460754205 0.6658106751042481 0
1595462296316 0.6632094027113904 0
1595463828999 0.6645758248646075 0
1595465364146 0.66269274019382 0
1595466918513 0.6627509258490986 0
1595468451170 0.6625194242171798 0
1595469993024 0.6589246003286593 0
1595471527168 0.651612557616926 0
1595473065429 0.6548814967033356 0
1595474601343 0.6540631526073118 0
1595476131245 0.6547676812760306 0
1595477666353 0.6551139596984712 0
1595479189518 0.6529852669272062 0
1595480716117 0.6521837790987631 0
1595482238716 0.6505079625062278 0
1595483760676 0.6534486036355044 0
1595485278383 0.6475697157489505 0
1595486805076 0.6499230011540617 0
1595488322223 0.6498734770886911 0
1595489833525 0.6510094857868135 0
1595491337944 0.6527540686886998 0
1595492844178 0.6498647507440355 0
1595494358985 0.6493046199169251 0
1595495868372 0.6488691156352894 0
1595497382861 0.6495166716659144 0
1595498893021 0.649744326217407 0
1595500396185 0.6492894301337959 0
1595501905764 0.648050525642968 0
1595503410827 0.6472047263591363 0
1595504925496 0.6474839334809296 0
1595506437072 0.648899385796218 0
1595507938318 0.6479389456610744 0
1595509473268 0.6465797144925786 0
1595510993130 0.647578780498333 0
1595512506271 0.6472249581466238 0
