1595411877876 0.5892086392505729 0
1595413412835 0.6128192773788592 0
1595414948964 0.6189021490665824 0
1595416478753 0.6466456923789283 0
1595418003898 0.6647341286750378 0
1595419527624 0.6481762157862346 0
1595421050514 0.6761437041827789 0
1595422572461 0.6828866565643618 0
1595424093672 0.710116545933019 0
1595425606611 0.7272749230654536 0
1595427129421 0.6993526389372093 0
1595428657509 0.7297305072736936 0
1595430180657 0.7524349186611737 0
1595431700597 0.7606619923970107 0
1595433219039 0.7497645738696462 0
1595434738533 0.7658390476736374 0
1595436247901 0.7589371638481263 0
1595437769194 0.7693512869624554 0
1595439294072 0.7655964008561439 0
1595440811457 0.7827442326267507 0
1595442329764 0.7653813280339796 0
1595443843771 0.7650829148022888 0
1595445376332 0.7636845348199889 0
1595446907404 0.7463512248493327 0
1595448449800 0.7692590354377937 0
1595449987310 0.751393015817394 0
1595451525726 0.7444179443223992 0
1595453057275 0.7513114706036539 0
1595454600940 0.7462337667083658 0
1595456132931 0.7560233158749685 0
1595457672061 0.7243744520663953 0
1595459214588 0.7434751662549419 0
1595460754199 0.7396203167413243 0
1595462296307 0.738227096874267 0
1595463828989 0.739366929702131 0
1595465364139 0.7372478133020296 0
1595466918504 0.7381236860850101 0
1595468451164 0.7379965566544836 0
1595469993018 0.7316799343875292 0
1595471527162 0.7256507469503503 0
1595473065423 0.7300169353322773 0
1595474601337 0.7288764572733678 0
1595476131222 0.7309686704652306 0
1595477666348 0.7299520520469899 0
1595479189512 0.7284052674209807 0
1595480716080 0.7267307706889256 0
1595482238710 0.7270837091833825 0
1595483760663 0.7298498153884887 0
1595485278373 0.7224549185102047 0
1595486805070 0.725326283364558 0
1595488322215 0.7247050964257516 0
1595489833513 0.7265007789773962 0
1595491337938 0.7277304449593553 0
1595492844171 0.7258474773936658 0
1595494358979 0.7250670571071598 0
1595495868363 0.7250158245383558 0
1595497382850 0.7252374404443026 0
1595498893013 0.72627495473367 0
1595500396179 0.7249224960573453 0
1595501905757 0.7226110480742459 0
1595503410817 0.7220965512075512 0
1595504925479 0.7226587620851923 0
1595506437064 0.7243663688519159 0
1595507938311 0.7233213363868504 0
1595509473254 0.7215687992120108 0
1595510993123 0.7227549915148144 0
1595512506262 0.7225692500967 0
