1595411877900 0.7804954064262501 0
1595413412844 0.8115186691727647 0
1595414948986 0.8112565409660979 0
1595416478764 0.8249926686690701 0
1595418003934 0.8169262256186944 0
1595419527632 0.818904360799647 0
1595421050521 0.822213536339012 0
1595422572487 0.8197720389293192 0
1595424093704 0.8252538037546678 0
1595425606671 0.8169174678699371 0
1595427129434 0.8179174396658202 0
1595428657522 0.8016822150253966 0
1595430180674 0.8315318308327737 0
1595431700606 0.836374386047174 0
1595433219048 0.8298309855240013 0
1595434738546 0.8223570699427134 0
1595436247927 0.8303251987335942 0
1595437769216 0.8376167473566638 0
1595439294080 0.8312962004142153 0
1595440811477 0.8325222719669914 0
1595442329777 0.8268628760110573 0
1595443843784 0.829237953952509 0
1595445376350 0.8320480176705164 0
1595446907438 0.8305549507889742 0
1595448449824 0.8319709093194325 0
1595449987318 0.8322991584797044 0
1595451525753 0.8322468455571213 0
1595453057290 0.8328138665435681 0
1595454600955 0.8296868668172588 0
1595456132950 0.8264431313457397 0
1595457672083 0.8287966589192239 0
1595459214596 0.8305177168418626 0
1595460754211 0.8312806322246689 0
1595462296322 0.8290269927938755 0
1595463829009 0.8268985605468453 0
1595465364149 0.8276390558736738 0
1595466918530 0.8253035174277871 0
1595468451193 0.8250968223477331 0
1595469993026 0.8276064217478164 0
1595471527170 0.8251134359452702 0
1595473065431 0.8231149901786938 0
1595474601345 0.8269228437308572 0
1595476131247 0.8254335728488309 0
1595477666356 0.823882630555669 0
1595479189524 0.8226506984260322 0
1595480716126 0.8227203035226388 0
1595482238718 0.8237098719194478 0
1595483760683 0.8228337364102445 0
1595485278401 0.821615950085178 0
1595486805106 0.8207746847433853 0
1595488322229 0.822273794152273 0
1595489833527 0.8220031525176004 0
1595491337946 0.8213454731456498 0
1595492844187 0.8198416636021695 0
1595494358988 0.8224320044321662 0
1595495868375 0.8209440091589616 0
1595497382864 0.8222637309191182 0
1595498893023 0.8194566107456903 0
1595500396187 0.8208767949506348 0
1595501905773 0.8216959411495903 0
1595503410829 0.8208440233633345 0
1595504925505 0.8217096897130745 0
1595506437081 0.8215230074372837 0
1595507938362 0.8215781033214948 0
1595509473279 0.8203365907806384 0
1595510993140 0.8209145998955949 0
1595512506282 0.8205177291418617 0
