1595411877901 0.7725131930542282 0
1595413412845 0.8018130226471157 0
1595414948989 0.8034050904954622 0
1595416478767 0.8163714610011267 0
1595418003940 0.8083190684643349 0
1595419527633 0.8102516187087883 0
1595421050522 0.8134687211881491 0
1595422572493 0.8121625570922777 0
1595424093711 0.8174354101645197 0
1595425606683 0.8076580462522532 0
1595427129439 0.8100217170470676 0
1595428657536 0.7939405970735058 0
1595430180678 0.8235690816254609 0
1595431700608 0.8280461995027824 0
1595433219081 0.8213901757155045 0
1595434738548 0.813746524031829 0
1595436247934 0.8221823046709194 0
1595437769224 0.8294424837190532 0
1595439294081 0.8232829149159563 0
1595440811482 0.8242539148540214 0
1595442329778 0.8190820266072286 0
1595443843787 0.8214278955037647 0
1595445376358 0.8240107622497088 0
1595446907442 0.8214562051932126 0
1595448449830 0.8230147169251246 0
1595449987319 0.8240519176509733 0
1595451525759 0.8243715923633603 0
1595453057298 0.8248091848873345 0
1595454601006 0.8212625326177978 0
1595456132955 0.8181793755991857 0
1595457672089 0.8199705507380153 0
1595459214597 0.8225738671175583 0
1595460754215 0.8230870313503965 0
1595462296326 0.8208162280513406 0
1595463829013 0.8193125541388926 0
1595465364150 0.8202076348607005 0
1595466918536 0.8176620643413758 0
1595468451195 0.8174848141230299 0
1595469993082 0.8194139419992955 0
1595471527172 0.8170160808509582 0
1595473065432 0.8156729339139649 0
1595474601346 0.8190441240386876 0
1595476131249 0.8177638497836606 0
1595477666357 0.8160729762728451 0
1595479189527 0.8150166165795879 0
1595480716131 0.8151155969721484 0
1595482238719 0.8158176945040932 0
1595483760684 0.8148709660942971 0
1595485278402 0.8138608251398393 0
1595486805108 0.8129058524412449 0
1595488322232 0.8145103024773738 0
1595489833529 0.8146689754322729 0
1595491337947 0.8137689296429532 0
1595492844193 0.8126790331407947 0
1595494358989 0.8148442010011907 0
1595495868376 0.8132653256921093 0
1595497382865 0.8143756332128613 0
1595498893024 0.8119644950269981 0
1595500396188 0.8134245296866665 0
1595501905779 0.8139663987011688 0
1595503410833 0.8134071348434907 0
1595504925511 0.8142683587331621 0
1595506437085 0.8140278055401706 0
1595507938363 0.8141469183605754 0
1595509473288 0.8131454809606604 0
1595510993144 0.8134120041690455 0
1595512506287 0.8130612109600528 0
