1595411877877 0.5814417395125927 0
1595413412836 0.6043665655242886 0
1595414948965 0.610774343890987 0
1595416478754 0.6385802261167859 0
1595418003899 0.6554350894812111 0
1595419527625 0.6397263416957468 0
1595421050515 0.6668765629184568 0
1595422572463 0.6749778150967491 0
1595424093674 0.701145830908203 0
1595425606613 0.7165804463463374 0
1595427129422 0.6906230410923924 0
1595428657510 0.720355021034082 0
1595430180658 0.7436976243627564 0
1595431700599 0.7516794607707241 0
1595433219040 0.7407074484875494 0
1595434738534 0.756189289279013 0
1595436247902 0.7499388641802918 0
1595437769195 0.7604650528488086 0
1595439294073 0.7573044377815806 0
1595440811458 0.7740849360423192 0
1595442329765 0.7572353285757263 0
1595443843772 0.7566347180654769 0
1595445376333 0.7550284968953034 0
1595446907406 0.7373906470892296 0
1595448449801 0.7596954965277272 0
1595449987311 0.7428439689024408 0
1595451525730 0.7365878480465806 0
1595453057276 0.7428834371433239 0
1595454600942 0.7378552466006487 0
1595456132932 0.7472317207276137 0
1595457672062 0.7167572055854695 0
1595459214589 0.7351820529750897 0
1595460754201 0.7312954547961167 0
1595462296309 0.7304094609980228 0
1595463828991 0.7315797027942003 0
1595465364140 0.7291889592297464 0
1595466918506 0.7295361277798484 0
1595468451166 0.729852797771444 0
1595469993019 0.7237122032742181 0
1595471527163 0.7175600218527661 0
1595473065424 0.721761896241528 0
1595474601338 0.7208390859894553 0
1595476131224 0.722916775198082 0
1595477666349 0.7218565294768383 0
1595479189513 0.7201381692426182 0
1595480716081 0.7186570332757694 0
1595482238711 0.7189905090417271 0
1595483760667 0.7213926780852767 0
1595485278374 0.7143344768378109 0
1595486805071 0.7171475138395402 0
1595488322216 0.7165706806936791 0
1595489833514 0.7184453575111591 0
1595491337939 0.7197110984608537 0
1595492844172 0.7178426799486023 0
1595494358980 0.7167554049834497 0
1595495868365 0.7167726751953482 0
1595497382851 0.717138278870088 0
1595498893015 0.7180412209064752 0
1595500396180 0.7169851991694154 0
1595501905759 0.7147128832079163 0
1595503410818 0.7139984381626868 0
1595504925482 0.7145735437395195 0
1595506437065 0.7161316806242822 0
1595507938312 0.715292185673029 0
1595509473255 0.7136208154035507 0
1595510993124 0.7148196040691968 0
1595512506263 0.7145875978633724 0
