1595411595879 0.26315469609175113 0
1595413137813 0.24163873493056176 0
1595414665631 0.23051946301360843 0
1595416190057 0.22261401780817155 0
1595417710684 0.21745833283264118 0
1595419225820 0.2102341432090538 0
1595420748398 0.20435213453876983 0
1595422259014 0.1994131743957148 0
1595423774550 0.194381051639158 0
1595425285024 0.188709521034008 0
1595426788012 0.18385069935431075 0
1595428310712 0.1816156356542392 0
1595429816089 0.1643144070585339 0
1595431329269 0.15404458740198543 0
1595432842168 0.14718427307270068 0
1595434357809 0.14205230982908032 0
1595435866596 0.13635061085716346 0
1595437378697 0.13263756394214024 0
1595438896032 0.12165386286971 0
1595440413142 0.11518671429423041 0
1595441923128 0.11160280166961357 0
1595443429943 0.10856744575042748 0
1595444946610 0.1056961208062045 0
1595446476679 0.10392823075824882 0
1595447996818 0.09847562936535313 0
1595449527151 0.09591574697277695 0
1595451065910 0.09402811966073553 0
1595452595281 0.09119359590113163 0
1595454129882 0.09032248434303813 0
1595455663196 0.08879104481347083 0
1595457186922 0.08598486250720173 0
1595458730233 0.08656935128025729 0
1595460275658 0.08393844435780527 0
1595461814749 0.08349681127136596 0
1595463350511 0.08225897422735598 0
1595464881143 0.08233134954103402 0
1595466428930 0.0812296759603279 0
1595467973042 0.08007657057801792 0
1595469505775 0.08158518597145252 0
1595471051639 0.08020870465920618 0
1595472593063 0.08029673779483279 0
1595474129897 0.0796587190842279 0
1595475665873 0.07900538570982035 0
1595477210953 0.07848088012456057 0
1595478737275 0.07887530097127281 0
1595480267309 0.07829525143378756 0
1595481799745 0.07803770171249214 0
1595483327561 0.07831261304386336 0
1595484844699 0.07900635140519635 0
1595486373415 0.07782570279374854 0
1595487902219 0.07723859498165025 0
1595489413043 0.07812472434774423 0
1595490919419 0.07743701436822199 0
1595492427551 0.0781194817891589 0
1595493940904 0.07634713487125915 0
1595495456674 0.07778248093979206 0
1595496969783 0.07741146529913194 0
1595498491345 0.07685556515519108 0
1595499995150 0.07714705788441968 0
1595501508501 0.07632945032296572 0
1595503014992 0.07818483519210218 0
1595504525873 0.0765247292567466 0
1595506039535 0.07773387754562101 0
1595507550991 0.07693514652922442 0
1595509068067 0.07693669125037829 0
1595510589576 0.07707678309844039 0
1595512105258 0.07723734356173792 0
