1595411595883 2.7298161641123198 0
1595413137818 2.6344719225330038 0
1595414665635 2.5976038095983505 0
1595416190061 2.5773695243774775 0
1595417710688 2.548983400885991 0
1595419225824 2.52627280216378 0
1595420748402 2.5239085385100615 0
1595422259018 2.503230951674141 0
1595423774554 2.4835753362694284 0
1595425285028 2.468590457010845 0
1595426788016 2.4439935692283 0
1595428310716 2.439521851299929 0
1595429816107 2.3976187938209055 0
1595431329273 2.3674942571273756 0
1595432842189 2.3449491161528533 0
1595434357826 2.333999457595867 0
1595435866600 2.3134203061879046 0
1595437378701 2.3122299192344475 0
1595438896036 2.277821372067025 0
1595440413146 2.2613747506540864 0
1595441923132 2.256971178134145 0
1595443429947 2.252573709213386 0
1595444946614 2.2363480454163502 0
1595446476683 2.2367197855129226 0
1595447996823 2.2208738646806085 0
1595449527155 2.210708991277188 0
1595451065914 2.210433677288963 0
1595452595285 2.203993790573229 0
1595454129886 2.2012370136393615 0
1595455663200 2.2017296965333575 0
1595457186926 2.1967310781896723 0
1595458730237 2.197436607506916 0
1595460275662 2.185837321340058 0
1595461814753 2.18253799539054 0
1595463350516 2.1786181871012325 0
1595464881148 2.1802277182941006 0
1595466428935 2.1686333463084866 0
1595467973058 2.167842673663047 0
1595469505779 2.166277454115072 0
1595471051643 2.171334010249728 0
1595472593067 2.165995888823634 0
1595474129902 2.165730835106095 0
1595475665878 2.1605791155750493 0
1595477210959 2.16155657451273 0
1595478737279 2.1615124006528204 0
1595480267313 2.160964032474649 0
1595481799749 2.1587766102896997 0
1595483327568 2.160952702725289 0
1595484844703 2.1557054520195504 0
1595486373419 2.1596397098532973 0
1595487902223 2.1549164649889505 0
1595489413048 2.1560152333405123 0
1595490919424 2.1625549469776084 0
1595492427555 2.1590006523356102 0
1595493940908 2.151617503919178 0
1595495456679 2.1564558405134195 0
1595496969787 2.1530246125436316 0
1595498491349 2.1543847168525634 0
1595499995154 2.1473837744575923 0
1595501508506 2.1502448711937454 0
1595503014997 2.159460641873149 0
1595504525877 2.1486225515731103 0
1595506039540 2.1540087456070887 0
1595507550995 2.1510340618278216 0
1595509068070 2.150660525009568 0
1595510589581 2.1520716367826993 0
1595512105264 2.14808815137995 0
