1595411595880 0.1195456180629235 0
1595413137814 0.08684006771249628 0
1595414665632 0.07726688879833524 0
1595416190058 0.0690651224836904 0
1595417710685 0.06343175829207474 0
1595419225821 0.05703461059760594 0
1595420748399 0.055647779574493156 0
1595422259015 0.05214011240642884 0
1595423774551 0.04748645075731453 0
1595425285025 0.046913029079984576 0
1595426788013 0.04494584105873494 0
1595428310713 0.043750000388909846 0
1595429816090 0.036841236272539164 0
1595431329270 0.0342336502268412 0
1595432842169 0.03383165895923492 0
1595434357810 0.032578948952686766 0
1595435866597 0.03247601991214787 0
1595437378698 0.03308952153117406 0
1595438896033 0.031020757870657893 0
1595440413143 0.02902412248935326 0
1595441923129 0.02773052700629887 0
1595443429944 0.028670921726198444 0
1595444946611 0.028997760329320166 0
1595446476680 0.027856079614848133 0
1595447996819 0.026992801379206306 0
1595449527152 0.02648001076333674 0
1595451065911 0.026174604492246626 0
1595452595282 0.026988268881600927 0
1595454129883 0.026887112447563605 0
1595455663197 0.02641946172728538 0
1595457186923 0.02518127854601238 0
1595458730234 0.025740045911369462 0
1595460275659 0.025116637325864884 0
1595461814750 0.025210258624963247 0
1595463350512 0.024606909656233494 0
1595464881144 0.0253768432381679 0
1595466428932 0.024247134048518634 0
1595467973043 0.023701912618121462 0
1595469505776 0.02519351459576646 0
1595471051640 0.02470079169498678 0
1595472593064 0.02572976839136483 0
1595474129898 0.023952629320905257 0
1595475665874 0.02402625762168041 0
1595477210956 0.023882732448044282 0
1595478737277 0.025164957751303105 0
1595480267310 0.024761619148133775 0
1595481799746 0.024834850031465697 0
1595483327562 0.024008116487976593 0
1595484844700 0.023882641471248706 0
1595486373416 0.0231922013784315 0
1595487902220 0.0244050188251355 0
1595489413044 0.02410950437018957 0
1595490919420 0.02416931849986647 0
1595492427552 0.02386189564008152 0
1595493940905 0.023536353104022616 0
1595495456675 0.022914685023807044 0
1595496969784 0.02466964838873675 0
1595498491346 0.02477297722756121 0
1595499995151 0.022751175199287717 0
1595501508502 0.023588042877076932 0
1595503014993 0.024241855081449964 0
1595504525874 0.02349942704498488 0
1595506039537 0.02371111658207986 0
1595507550992 0.02397064557177892 0
1595509068068 0.023633187037256632 0
1595510589577 0.024302460725052384 0
1595512105260 0.024168448976524065 0
