1595749899166 0.6637874698250587 0
1595752026023 0.6184769987251222 0
1595754147275 0.6767264935398852 0
1595756269703 0.653024087966251 0
1595758383990 0.644521525611957 0
1595760489936 0.6955170488020064 0
1595762595551 0.7174533718747866 0
1595764708572 0.6920205060909498 0
1595766818629 0.7100948825393268 0
1595768931962 0.7511631491199184 0
1595771048617 0.6930789510502374 0
1595773161935 0.7189345414762256 0
1595775297505 0.7351500533657548 0
1595777428735 0.7369601888389224 0
1595779544833 0.736691452848023 0
1595781656714 0.7451671317591014 0
1595783774449 0.7376319777786289 0
1595785656806 0.7345251471380195 0
1595787371107 0.733305004060451 0
1595789091601 0.7483147893973281 0
1595790801279 0.7457232620533701 0
1595792520150 0.7427252559213042 0
1595794236308 0.744765454649572 0
1595795948641 0.7454308101768705 0
1595797663181 0.740583757495331 0
1595799371644 0.7441083360522631 0
1595801073168 0.7299609195726783 0
1595802777749 0.7537753508363763 0
1595804480513 0.7341309421404818 0
1595806179476 0.7441486842598222 0
1595807880191 0.7446107906252818 0
1595809595514 0.7508799911976751 0
1595811300959 0.7321982186981363 0
1595813002935 0.7367153779404634 0
1595814716001 0.7464141239478712 0
1595816429407 0.7457565800550394 0
1595818138919 0.752087197799331 0
1595819855143 0.7432310175062679 0
1595821563547 0.7410336669858553 0
1595823303410 0.7311318192192582 0
1595825258784 0.7418056812922978 0
