1595749899152 0.3572489672248682 0
1595752026005 0.35572649175705756 0
1595754147253 0.360253305057381 0
1595756269661 0.3576155681059904 0
1595758383939 0.3580548709201877 0
1595760489893 0.3606994653690258 0
1595762595504 0.36045954848646666 0
1595764708548 0.3583565655104283 0
1595766818555 0.3591763862407443 0
1595768931936 0.35962853652822324 0
1595771048593 0.34212670493562514 0
1595773161901 0.35630038259234875 0
1595775297484 0.36000450117863425 0
1595777428713 0.3568436439405113 0
1595779544803 0.35935620205778684 0
1595781656690 0.3595786863577855 0
1595783774429 0.3581558186856778 0
1595785656777 0.35641558170030274 0
1595787371077 0.3567465734203749 0
1595789091571 0.3604827990286272 0
1595790801254 0.35903712616262345 0
1595792520122 0.3590693598186299 0
1595794236294 0.3602388458187161 0
1595795948613 0.3580792043808677 0
1595797663151 0.35884332081260634 0
1595799371622 0.3598831693712227 0
1595801073142 0.3574456693980145 0
1595802777719 0.3599345347102606 0
1595804480491 0.3578332916749842 0
1595806179432 0.35834400354134716 0
1595807880178 0.3590388782649542 0
1595809595476 0.3598452555789677 0
1595811300930 0.3578762602418675 0
1595813002905 0.3578794086178853 0
1595814715970 0.3588976781910545 0
1595816429394 0.3580689667554819 0
1595818138902 0.35941981570298226 0
1595819855099 0.358947044741584 0
1595821563532 0.35862783355365124 0
1595823303391 0.3544378887147349 0
1595825258752 0.3581332145843433 0
