1595749899163 0.6984170183644226 0
1595752026017 0.6515423654107936 0
1595754147270 0.7078803738554267 0
1595756269686 0.683450233287459 0
1595758383984 0.6748031570620375 0
1595760489931 0.7318770279892645 0
1595762595536 0.7608912575120319 0
1595764708567 0.7244696319354033 0
1595766818611 0.7465621845392956 0
1595768931952 0.7910728840132004 0
1595771048611 0.728987621879912 0
1595773161922 0.7564124225158027 0
1595775297500 0.7691100019583755 0
1595777428729 0.7730126471180857 0
1595779544822 0.7723106414987964 0
1595781656708 0.7803499962354552 0
1595783774444 0.7724026513320079 0
1595785656800 0.7700202060677146 0
1595787371096 0.7682415875648229 0
1595789091591 0.783102110107738 0
1595790801270 0.7799108631861538 0
1595792520140 0.7761308651431523 0
1595794236305 0.7800440639234969 0
1595795948631 0.7793160389850248 0
1595797663172 0.7727513051675765 0
1595799371638 0.7775151552336576 0
1595801073158 0.7657090528411086 0
1595802777737 0.7906651862307071 0
1595804480508 0.7685189575970421 0
1595806179465 0.7793709302836034 0
1595807880188 0.7782505377973682 0
1595809595504 0.7875103719746083 0
1595811300947 0.7677492247214031 0
1595813002923 0.7712072803780301 0
1595814715990 0.7803702537471401 0
1595816429404 0.7806225292238391 0
1595818138916 0.7850013013105025 0
1595819855127 0.7777959302541944 0
1595821563542 0.7761617872148101 0
1595823303406 0.7652136097197417 0
1595825258773 0.7755082797928807 0
