1595749899159 0.351521990363642 0
1595752026014 0.34960696613885833 0
1595754147264 0.35514625723256676 0
1595756269681 0.35168279994445895 0
1595758383977 0.3525359412934221 0
1595760489915 0.3560712208003784 0
1595762595520 0.3554272263539519 0
1595764708560 0.35362072255238525 0
1595766818594 0.3547771754617221 0
1595768931947 0.355486670711116 0
1595771048605 0.3358998991877751 0
1595773161916 0.350472434325338 0
1595775297494 0.3556082042543103 0
1595777428724 0.35169617747901033 0
1595779544814 0.3543519213807755 0
1595781656702 0.35507300807990516 0
1595783774439 0.3533334277622577 0
1595785656793 0.3506802593529857 0
1595787371088 0.3511871902770877 0
1595789091583 0.3563644499624247 0
1595790801264 0.35458905984448047 0
1595792520133 0.35456416644858774 0
1595794236301 0.35613107783988035 0
1595795948624 0.353577661542279 0
1595797663162 0.35431493043747864 0
1595799371633 0.3556552097361858 0
1595801073152 0.3517189939622736 0
1595802777730 0.35565375894031415 0
1595804480503 0.3526532770224964 0
1595806179443 0.353833316687528 0
1595807880185 0.3546858054919892 0
1595809595498 0.35575916661918483 0
1595811300940 0.35254727643727884 0
1595813002916 0.35297804667486066 0
1595814715981 0.35433234997171753 0
1595816429401 0.353388512373427 0
1595818138912 0.35537337374990036 0
1595819855112 0.35460812138022363 0
1595821563539 0.3538948549348104 0
1595823303403 0.34877887361484333 0
1595825258764 0.3533854551636619 0
