1595749899164 0.6911608609584706 0
1595752026019 0.6439234896519308 0
1595754147271 0.7019879552722248 0
1595756269699 0.6778460188414831 0
1595758383986 0.668147120053805 0
1595760489932 0.7239943536345033 0
1595762595541 0.752203348287176 0
1595764708569 0.717874694211183 0
1595766818617 0.7396401342485877 0
1595768931955 0.7834151830346718 0
1595771048613 0.7210371561543544 0
1595773161926 0.7490083452320779 0
1595775297502 0.7622181833308791 0
1595777428731 0.7653630167085617 0
1595779544826 0.7660492838436012 0
1595781656710 0.7728218069166872 0
1595783774446 0.765318898076797 0
1595785656802 0.7622888387664966 0
1595787371099 0.7609771696157086 0
1595789091595 0.7763739018678276 0
1595790801273 0.7730314817969283 0
1595792520144 0.7696219466696333 0
1595794236306 0.7731246749079447 0
1595795948634 0.7716467302892893 0
1595797663176 0.7655362288245484 0
1595799371640 0.7703121540177534 0
1595801073161 0.758575655089366 0
1595802777741 0.7823412668888704 0
1595804480510 0.7609028375473356 0
1595806179472 0.771166020115112 0
1595807880189 0.7714302765317929 0
1595809595511 0.7794699245945749 0
1595811300951 0.7598732481298118 0
1595813002927 0.7639613348708899 0
1595814715994 0.7737431577435188 0
1595816429405 0.7729535021686397 0
1595818138917 0.7781735511686548 0
1595819855132 0.7714007110280428 0
1595821563543 0.7690988476615314 0
1595823303407 0.7574758302444445 0
1595825258776 0.7688515925047588 0
