1595749899161 0.7024954112010523 0
1595752026016 0.655739746589745 0
1595754147268 0.7107130548642536 0
1595756269684 0.6882489652984055 0
1595758383981 0.6792481031157873 0
1595760489919 0.7358357972332529 0
1595762595530 0.7652322820177525 0
1595764708566 0.7284672174458912 0
1595766818605 0.749786828560361 0
1595768931951 0.7961052918622015 0
1595771048609 0.7339265077779226 0
1595773161920 0.7608017570883727 0
1595775297498 0.7732077880776799 0
1595777428728 0.7773667623827407 0
1595779544819 0.7768488362975193 0
1595781656706 0.7850242514417507 0
1595783774442 0.7771687345093051 0
1595785656796 0.774454282706768 0
1595787371092 0.7726493722471742 0
1595789091587 0.7875938429466455 0
1595790801268 0.7841786619526202 0
1595792520137 0.7807355523657267 0
1595794236303 0.7838668191225687 0
1595795948627 0.7836357313643029 0
1595797663168 0.7771987763623608 0
1595799371636 0.7823143326478557 0
1595801073156 0.7702291166999631 0
1595802777734 0.7955225541896216 0
1595804480506 0.7737220792092717 0
1595806179447 0.7833051204188016 0
1595807880187 0.7826952396547318 0
1595809595502 0.7915090589820174 0
1595811300944 0.7722164072099701 0
1595813002920 0.7754706000244459 0
1595814715986 0.7847401582997097 0
1595816429403 0.785106873348227 0
1595818138915 0.7896888973594478 0
1595819855122 0.7824454954304869 0
1595821563541 0.7805832743129927 0
1595823303405 0.7696947002118903 0
1595825258769 0.7799367211307511 0
