1595749899158 0.34086651945276425 0
1595752026013 0.3388753284093136 0
1595754147262 0.3455407897538137 0
1595756269679 0.341121488802214 0
1595758383970 0.34283708446155803 0
1595760489913 0.34718528022848427 0
1595762595515 0.34613417565226545 0
1595764708557 0.3447170908876725 0
1595766818588 0.34620740966472696 0
1595768931945 0.3467909852993116 0
1595771048603 0.32596468139306406 0
1595773161910 0.34050977712464703 0
1595775297492 0.3478067225898015 0
1595777428722 0.34257129786763263 0
1595779544813 0.34530892202761376 0
1595781656700 0.34664811339433643 0
1595783774437 0.34451747104977926 0
1595785656786 0.34114618380802764 0
1595787371087 0.3416792825334837 0
1595789091581 0.3485107152149935 0
1595790801263 0.3462161595282117 0
1595792520131 0.34599493882218446 0
1595794236299 0.34818500383365547 0
1595795948622 0.3447954818934899 0
1595797663160 0.3460628261368884 0
1595799371631 0.3475855025902465 0
1595801073151 0.3420118116469361 0
1595802777728 0.34714874661253614 0
1595804480501 0.34356966379707204 0
1595806179442 0.3452370125924585 0
1595807880184 0.34650189762409567 0
1595809595497 0.3478626986704656 0
1595811300938 0.3430104076402167 0
1595813002914 0.3440608190332455 0
1595814715979 0.3456584125185246 0
1595816429400 0.34482798642058776 0
1595818138910 0.34750427693839364 0
1595819855109 0.34633125334561143 0
1595821563538 0.3452451194509204 0
1595823303402 0.3392131631907171 0
1595825258762 0.34482227741687455 0
