1595749899160 0.7063628011888143 0
1595752026015 0.6584176609691145 0
1595754147266 0.7132835482282625 0
1595756269683 0.6910977099599414 0
1595758383979 0.681870769102997 0
1595760489917 0.7385116200834212 0
1595762595525 0.7693358300694451 0
1595764708565 0.731595085341768 0
1595766818600 0.7522963932915229 0
1595768931949 0.7994006358806467 0
1595771048607 0.7369151276006713 0
1595773161918 0.7643081769794159 0
1595775297496 0.7761624044194324 0
1595777428726 0.7805181552021304 0
1595779544816 0.7799061597179047 0
1595781656704 0.7877990282905284 0
1595783774441 0.7799446409320143 0
1595785656794 0.7772693072892087 0
1595787371090 0.7758902983899776 0
1595789091585 0.7910835792107008 0
1595790801266 0.7875084868659608 0
1595792520135 0.7839108450759684 0
1595794236302 0.7870983437796748 0
1595795948626 0.7870189501855579 0
1595797663164 0.7802643269164896 0
1595799371635 0.7853095626167212 0
1595801073154 0.7729917640242064 0
1595802777732 0.7983560372638928 0
1595804480504 0.776911901546658 0
1595806179445 0.7867356391086849 0
1595807880186 0.7860921499287068 0
1595809595500 0.7948367816432771 0
1595811300942 0.7756246563030231 0
1595813002918 0.7789207775543312 0
1595814715983 0.7880720069289655 0
1595816429402 0.78867133532346 0
1595818138913 0.7927498759978947 0
1595819855117 0.7851369624548574 0
1595821563540 0.7832889496796214 0
1595823303404 0.772752356622583 0
1595825258766 0.783026892379193 0
