1590630697448 0.5669470127612362 0
1590631586884 0.6087378561273437 0
1590632475420 0.6154122514694776 0
1590633364594 0.6198454045220944 0
1590634263354 0.6912083723255571 0
1590635153414 0.5888269742830264 0
1590636049433 0.6168090458708443 0
1590636941094 0.611440321054793 0
1590637829535 0.6243438540210448 0
1590638718781 0.712581395077761 0
1590639615476 0.6809197514382856 0
1590640497590 0.7110587717042162 0
1590641383229 0.7374406581642233 0
1590642279592 0.7311223663680942 0
1590643151985 0.7154823735903185 0
1590644050222 0.7300343703335769 0
1590644946591 0.7177840369214737 0
1590645835864 0.6931538536700662 0
1590646738899 0.6889151333214043 0
1590647640076 0.6878579318418109 0
1590648521417 0.7395919659695854 0
1590649420053 0.7365947864363583 0
1590650319216 0.7135165227059085 0
1590651205840 0.7514963945697541 0
1590652094730 0.7518232062097141 0
1590652997778 0.7360436644828092 0
1590653882433 0.7373275132868709 0
1590654771710 0.7700349416977227 0
1590655667835 0.7599730394813554 0
1590656559258 0.7223981081208398 0
1590657436512 0.7769264755792107 0
1590658335333 0.7668837415309592 0
1590659218493 0.7561411751767819 0
1590660099558 0.7625122614947317 0
1590660997191 0.7635009399421196 0
1590661883579 0.7673497514712694 0
1590662770910 0.7622916204281919 0
1590663543671 0.7700897074410958 0
1590664312572 0.7705491758164014 0
1590665069824 0.7825040558350852 0
1590665838076 0.7739348265996329 0
1590666606202 0.7695429997862262 0
1590667338722 0.768748930837062 0
1590667987223 0.7827271822000554 0
1590668634248 0.7761047606612738 0
1590669284304 0.7810445761781356 0
1590669927948 0.7758007179201906 0
1590670580743 0.7801138739672385 0
1590671227647 0.7761542115314691 0
1590671877584 0.7874669454583922 0
1590672464689 0.7796689981601234 0
