1590630697458 0.7190657408587128 0
1590631586898 0.727660106070459 0
1590632475429 0.7238061617123718 0
1590633364611 0.757286793852079 0
1590634263370 0.7892721692442176 0
1590635153428 0.7339539155772216 0
1590636049453 0.7578045425602263 0
1590636941150 0.7112104338426843 0
1590637829551 0.7296205738162224 0
1590638718787 0.8029633908389816 0
1590639615498 0.7743847093255388 0
1590640497607 0.812491416605894 0
1590641383257 0.8165695559371108 0
1590642279614 0.8208346545164193 0
1590643152023 0.8155908565406534 0
1590644050268 0.812009495328697 0
1590644946603 0.8105957028837362 0
1590645835889 0.7839053482244459 0
1590646738935 0.785124458435956 0
1590647640098 0.7953304372136394 0
1590648521440 0.8158033668280856 0
1590649420074 0.8119998552404807 0
1590650319229 0.801752121566747 0
1590651205860 0.8184289534530352 0
1590652094739 0.8211845672966257 0
1590652997791 0.8079448043803005 0
1590653882449 0.81275745696069 0
1590654771720 0.8278303996955856 0
1590655667844 0.8242848262234049 0
1590656559274 0.7958485690526725 0
1590657436534 0.8296866391754235 0
1590658335349 0.8229854776243991 0
1590659218524 0.8170551698127846 0
1590660099567 0.8207675235177082 0
1590660997221 0.8225167645773565 0
1590661883609 0.8214053650266836 0
1590662770926 0.8216371063751132 0
1590663543676 0.8249986936719335 0
