1590630697452 0.7306780937407586 0
1590631586888 0.7402636931645953 0
1590632475424 0.7359606819251222 0
1590633364600 0.770208929443336 0
1590634263359 0.8022118191193588 0
1590635153418 0.7456376820473303 0
1590636049441 0.7684871308464616 0
1590636941127 0.7207350260540548 0
1590637829540 0.7383158422995376 0
1590638718783 0.8153908134240828 0
1590639615488 0.7858674729926793 0
1590640497597 0.8264676600509181 0
1590641383237 0.829287502526245 0
1590642279600 0.8341574384987018 0
1590643152000 0.8281595829511419 0
1590644050229 0.8277249366275805 0
1590644946597 0.8239928346665812 0
1590645835869 0.7938896785344267 0
1590646738915 0.7963670567008864 0
1590647640086 0.8077727259744846 0
1590648521425 0.8274879347233334 0
1590649420062 0.8239489223652062 0
1590650319222 0.8128829798221645 0
1590651205849 0.8314093914793692 0
1590652094733 0.8335830685083117 0
1590652997784 0.820778810734195 0
1590653882443 0.8253898084966877 0
1590654771714 0.8407174037400708 0
1590655667839 0.8360998766381108 0
1590656559262 0.8074354260711056 0
1590657436521 0.8426645312902561 0
1590658335338 0.8364952159968705 0
1590659218507 0.8298042298946318 0
1590660099562 0.8332634881766965 0
1590660997204 0.8356617140533457 0
1590661883590 0.8345744127349306 0
1590662770917 0.8346573896745649 0
1590663543673 0.8368562050838351 0
