1590630697440 0.5738269032664703 0
1590631586879 0.616915005379104 0
1590632475415 0.6241162086670731 0
1590633364588 0.6276096250817741 0
1590634263349 0.7010580968961249 0
1590635153409 0.5963587761172371 0
1590636049428 0.6234408515503166 0
1590636941089 0.618088806624819 0
1590637829525 0.6304703940214108 0
1590638718777 0.7217724610060287 0
1590639615469 0.6893474017087216 0
1590640497580 0.7210480637850607 0
1590641383220 0.746848610374133 0
1590642279584 0.7415785591690877 0
1590643151980 0.7247082814275811 0
1590644050217 0.7415887656731579 0
1590644946586 0.7273642989928413 0
1590645835860 0.7013150722280977 0
1590646738870 0.6976657511786758 0
1590647640071 0.6971051063535428 0
1590648521411 0.7489488201578092 0
1590649420039 0.7457863979193958 0
1590650319211 0.7221023469407939 0
1590651205830 0.7617737446349292 0
1590652094725 0.7617389179801081 0
1590652997772 0.7473242325428915 0
1590653882414 0.7471534761219292 0
1590654771705 0.7811984643754705 0
1590655667830 0.7703034466345315 0
1590656559252 0.731914813731151 0
1590657436504 0.7884416268068184 0
1590658335328 0.7784175994170413 0
1590659218486 0.7669988360597156 0
1590660099553 0.7735337460840175 0
1590660997186 0.7746725420231081 0
1590661883573 0.7790930970620061 0
1590662770905 0.773832947538139 0
1590663543667 0.7807260168227401 0
