1590630697453 0.7190986917495219 0
1590631586890 0.7279194279852256 0
1590632475425 0.724654189760721 0
1590633364603 0.7576483064670398 0
1590634263361 0.7889360323541538 0
1590635153421 0.7333794530910476 0
1590636049444 0.7576507097749341 0
1590636941133 0.712085836380065 0
1590637829542 0.7299855935271723 0
1590638718784 0.8030020728009093 0
1590639615490 0.7756051842046422 0
1590640497599 0.8134784312493076 0
1590641383240 0.816855534250583 0
1590642279602 0.8217441979751084 0
1590643152003 0.8157863109791245 0
1590644050234 0.8134738805396763 0
1590644946598 0.8116715554117735 0
1590645835871 0.7835771995057951 0
1590646738918 0.7864415386950538 0
1590647640088 0.7967421164019153 0
1590648521430 0.8173782728704788 0
1590649420064 0.8130526215611634 0
1590650319224 0.8021451149233433 0
1590651205851 0.8192026858556067 0
1590652094735 0.8222622274554363 0
1590652997786 0.8088393893971741 0
1590653882445 0.8126725184584626 0
1590654771717 0.8281750139672547 0
1590655667840 0.8248719968023566 0
1590656559265 0.7960258652544627 0
1590657436525 0.8289608848959761 0
1590658335341 0.8232931773255937 0
1590659218513 0.8178857484386491 0
1590660099563 0.8207105570661243 0
1590660997206 0.8231883100576644 0
1590661883595 0.8216548120117066 0
1590662770923 0.8217408136820039 0
1590663543674 0.8248231899140177 0
