1590630479786 0.09083058493832748 0
1590631380600 0.0654721512272954 0
1590632278204 0.06031943904856841 0
1590633168191 0.05675099527670278 0
1590634053780 0.054351237995756994 0
1590634955261 0.051657642362018426 0
1590635853413 0.05166714916212691 0
1590636736495 0.050158100786308446 0
1590637632905 0.048464975936545265 0
1590638523532 0.049143710728320814 0
1590639408669 0.04272914099196593 0
1590640302508 0.04251798139678108 0
1590641189739 0.04124792824395829 0
1590642074867 0.040854148728152115 0
1590642957707 0.03999453248663081 0
1590643851612 0.03894936843050851 0
1590644740394 0.03746360551979807 0
1590645633922 0.0382570764174064 0
1590646540122 0.03817303341295984 0
1590647433377 0.03690664592095547 0
1590648318816 0.03414522758581572 0
1590649218303 0.03229023338812921 0
1590650116714 0.032582138433224626 0
1590651001059 0.031592053487483 0
1590651897769 0.031238436587154864 0
1590652793089 0.02997602263879445 0
1590653679323 0.030392914596531127 0
1590654576255 0.03100886952649388 0
1590655467659 0.029196929463909733 0
1590656357553 0.029012170237385563 0
1590657248697 0.028192223434646925 0
1590658138713 0.027023715637624263 0
1590659021628 0.02741582973032362 0
1590659911148 0.026813301359199817 0
1590660800393 0.026207630317658187 0
1590661688491 0.026735952202644613 0
1590662584312 0.02645199224456317 0
1590663388920 0.026646369617018436 0
