1590630479783 0.2860576782955064 0
1590631380597 0.2620850158731143 0
1590632278201 0.25338135798772177 0
1590633168188 0.24758125967449612 0
1590634053777 0.24306761619117526 0
1590634955259 0.240962343580193 0
1590635853410 0.235788207716412 0
1590636736492 0.23367723653713862 0
1590637632902 0.2359758621123102 0
1590638523529 0.23703792154788972 0
1590639408667 0.22313116904762056 0
1590640302505 0.22107055809762743 0
1590641189736 0.21982029802269407 0
1590642074865 0.21849096447229385 0
1590642957704 0.2191093569331699 0
1590643851601 0.2184285068180826 0
1590644740389 0.21519534577926 0
1590645633919 0.2188551345633136 0
1590646540119 0.2171295592851109 0
1590647433374 0.21518492572837405 0
1590648318813 0.21077192154195573 0
1590649218301 0.2054753492275874 0
1590650116711 0.20749846090873084 0
1590651001054 0.20795284979873233 0
1590651897764 0.20537920779652066 0
1590652793086 0.20556986129946178 0
1590653679320 0.20421026074224047 0
1590654576251 0.20642995274729198 0
1590655467656 0.20559662448035346 0
1590656357550 0.2065829133325153 0
1590657248694 0.2034023322330581 0
1590658138711 0.20200011511643728 0
1590659021625 0.2025588478644689 0
1590659911145 0.20295599109596676 0
1590660800391 0.20174306710561116 0
1590661688488 0.20274929298294916 0
1590662584309 0.19974051399363413 0
1590663388917 0.19973408228821224 0
1590664153366 0.197884367969301 0
1590664912147 0.19692254493633907 0
1590665685166 0.1961097983850373 0
1590666448252 0.195601393547323 0
1590667212758 0.195315610104137 0
1590667860663 0.19638473174638219 0
1590668508826 0.1941622069478035 0
1590669158336 0.1932210346725252 0
1590669802431 0.19560601671536765 0
1590670454925 0.19425943887896008 0
1590671101082 0.19495257205433317 0
1590671751918 0.1933270532389482 0
1590672357098 0.193008812699053 0
