1592775172887 0.7787771099371594 0
1592775805753 0.7995307264757681 0
1592776437179 0.7708827614414768 0
1592777069628 0.8160224965344846 0
1592777701096 0.8196333201563373 0
1592778334774 0.7941562064497452 0
1592778965694 0.8113685412966919 0
1592779597110 0.83768995783019 0
1592780228556 0.7878055569577698 0
1592780862424 0.8119979132168849 0
1592781493401 0.8400836400598953 0
1592782123960 0.8383080066541506 0
1592782756655 0.8376477936703305 0
1592783386171 0.8118625566903246 0
1592784016903 0.8095545862049123 0
1592784646969 0.8171833799498643 0
1592785278334 0.8333669943626183 0
1592785911448 0.8422970266193858 0
1592786540328 0.8393194250905824 0
1592787172168 0.821215510838773 0
1592787804451 0.8364397859357229 0
1592788435359 0.8409279426066643 0
1592789065138 0.8286320327759196 0
1592789697072 0.8363118154622348 0
1592790328724 0.8444902963257125 0
1592790962686 0.8250952445760567 0
1592791593276 0.8275885356274564 0
1592792226706 0.840663569647634 0
1592792857863 0.8396267939923151 0
1592793488898 0.8395183339425953 0
1592794119470 0.8466483193214315 0
1592794749849 0.8438410820639946 0
1592795380899 0.8299614219299182 0
1592796012049 0.8467112560769118 0
1592796644798 0.8392419058475934 0
1592797278139 0.8411112100846048 0
1592797908351 0.8465361097255242 0
1592798540147 0.8360063174843049 0
1592799170784 0.8340223669481582 0
1592799803085 0.842766907053291 0
1592800434886 0.8448095041250352 0
1592801065322 0.8436175775903861 0
1592801695710 0.8392527697153039 0
1592802327392 0.8404030893195229 0
1592802957901 0.8418210164394785 0
1592803591444 0.8464886616374887 0
1592804221409 0.8403733541152724 0
1592804853563 0.8414700943841029 0
1592805484718 0.8436111920961987 0
1592806116529 0.8443473948135083 0
1592806748173 0.8395639467576441 0
