1592775172883 0.5863729439220668 0
1592775805750 0.6181859188651768 0
1592776437176 0.6035771794707946 0
1592777069624 0.6445544856486932 0
1592777701092 0.6710697752871568 0
1592778334769 0.6184861237788574 0
1592778965689 0.6796028233424471 0
1592779597106 0.6893695240172744 0
1592780228552 0.6239185258542957 0
1592780862421 0.6688512346395012 0
1592781493398 0.7252406760007827 0
1592782123957 0.721204348530985 0
1592782756650 0.7240387502511072 0
1592783386168 0.6860166466773289 0
1592784016900 0.6870568874076131 0
1592784646965 0.6980626653631817 0
1592785278330 0.7146958083748723 0
1592785911444 0.7204436531314061 0
1592786540324 0.7194735657908752 0
1592787172163 0.7106538959894271 0
1592787804448 0.7273611726213508 0
1592788435352 0.7395514521362485 0
1592789065134 0.7230219175004342 0
1592789697068 0.7343296408051745 0
1592790328720 0.737421044441245 0
1592790962683 0.7223900893387473 0
1592791593272 0.7254370078440444 0
1592792226703 0.7301669225292142 0
1592792857860 0.7324887079143706 0
1592793488895 0.7305300003370705 0
1592794119466 0.7489023919022736 0
1592794749846 0.7443790427865213 0
1592795380895 0.7296946497184947 0
1592796012045 0.7488474663508203 0
1592796644794 0.7399067629574099 0
1592797278134 0.7264539248072791 0
1592797908347 0.7467151355914003 0
1592798540143 0.7347361763630015 0
1592799170781 0.7376182309747858 0
1592799803081 0.7407707539365149 0
1592800434882 0.7495668188283502 0
1592801065317 0.7460586375933614 0
1592801695707 0.7429590130512156 0
1592802327389 0.7501041995587621 0
1592802957898 0.7443685903019184 0
1592803591441 0.7516914964308498 0
1592804221404 0.7430465101323496 0
1592804853559 0.7439672237203937 0
1592805484714 0.7448282038471252 0
1592806116525 0.7488948335750898 0
1592806748167 0.7475394571497552 0
