1592775062432 0.2707423773076799 0
1592775697695 0.24143438673681683 0
1592776329075 0.23268906152910657 0
1592776961670 0.22780784385071862 0
1592777593156 0.22178371840053135 0
1592778226626 0.21975272085931566 0
1592778857703 0.21556884153021708 0
1592779489634 0.2135337778594759 0
1592780120591 0.2091939104596774 0
1592780754261 0.20596748504373763 0
1592781385690 0.19873043636480967 0
1592782016695 0.19462477640973197 0
1592782649114 0.1939493648542298 0
1592783278586 0.19148677511347664 0
1592783909274 0.19025128020180596 0
1592784539747 0.18890790263811746 0
1592785170650 0.18597939087284937 0
1592785803855 0.18546163549025854 0
1592786432877 0.18261798058946926 0
1592787064355 0.18230034227172534 0
1592787696949 0.17475977919167943 0
1592788328153 0.17234736672706075 0
1592788957821 0.17224555451009008 0
1592789589626 0.1712446831001176 0
1592790221204 0.16867387130856515 0
1592790855105 0.16858431748218006 0
1592791485770 0.16664811791645157 0
1592792119341 0.16555727009971938 0
1592792750203 0.16370291589034927 0
1592793381525 0.16408439950810538 0
1592794011707 0.16005296662449836 0
1592794642434 0.15919720653030608 0
1592795273704 0.15782955656449 0
1592795904563 0.1572484724720319 0
1592796537343 0.15755002612868946 0
1592797170639 0.15735224465529124 0
1592797800792 0.1556101989414957 0
1592798432641 0.1548835509022077 0
1592799063412 0.15537997000747256 0
1592799695591 0.1539089767800437 0
1592800327534 0.15191066541605525 0
1592800958009 0.15211404467622439 0
1592801588421 0.15168185184399288 0
1592802220113 0.15138617152969042 0
1592802850569 0.15085177582171228 0
1592803484078 0.15012608503301939 0
1592804114091 0.14959982691539658 0
1592804746253 0.1493937195671929 0
1592805377452 0.1488182733952999 0
1592806009069 0.14821030732658175 0
1592806640792 0.1489330963955985 0
