1592775062434 0.8489088962475458 0
1592775697697 0.7414688561111689 0
1592776329077 0.7065154345830281 0
1592776961672 0.6864132090285421 0
1592777593159 0.669459530769123 0
1592778226628 0.6585612110421062 0
1592778857706 0.6407767483674818 0
1592779489636 0.6360836131581001 0
1592780120593 0.6225723015268644 0
1592780754263 0.6130037989136246 0
1592781385694 0.587497834029297 0
1592782016698 0.5739517733330528 0
1592782649116 0.5707127179060545 0
1592783278588 0.5643672893154952 0
1592783909276 0.559264960359368 0
1592784539749 0.5555516594689753 0
1592785170652 0.5467938354776966 0
1592785803857 0.5438421833556559 0
1592786432879 0.5398794211819768 0
1592787064357 0.5348038444150653 0
1592787696952 0.5136756946353449 0
1592788328156 0.5101122314400143 0
1592788957823 0.5090727464813325 0
1592789589630 0.5058482196885679 0
1592790221207 0.499778464121951 0
1592790855108 0.49976570703296197 0
1592791485774 0.49409569123552904 0
1592792119345 0.49268982708868053 0
1592792750208 0.48586706792521805 0
1592793381527 0.4883808999839756 0
1592794011710 0.47466860831611685 0
1592794642436 0.47354659853089187 0
1592795273709 0.469143684744421 0
1592795904565 0.4683060242566797 0
1592796537346 0.46865422875723906 0
1592797170642 0.46654979046848083 0
1592797800794 0.4613314661383629 0
1592798432645 0.46168081326410176 0
1592799063417 0.4643468590370483 0
1592799695593 0.46044831448131135 0
1592800327536 0.4543051160975463 0
1592800958014 0.4536669238222142 0
1592801588424 0.4527394086422606 0
1592802220117 0.4513374144025147 0
1592802850571 0.44998866609608135 0
1592803484080 0.44868413836384813 0
1592804114094 0.4469289508855177 0
1592804746256 0.446593246491005 0
1592805377454 0.44476802185591724 0
1592806009072 0.4444197811683019 0
1592806640794 0.4458721320600145 0
