1590287577240 0.0018759742074744043 0
1590288267860 0.019875242042036837 0
1590288964820 0.030986143118216042 0
1590289665727 0.03869178824368531 0
1590290359533 0.04171061266721577 0
1590291073296 0.04327596331905622 0
1590291779498 0.043216810790219023 0
1590292504865 0.04100185783414901 0
1590293249927 0.044093113833525564 0
1590293948802 0.035178318387075885 0
1590294629389 0.05015577276541717 0
1590295309703 0.04968692753550459 0
1590295993761 0.048246384076516 0
1590296696627 0.04672965563966892 0
