1590287577239 0.003517777063094486 0
1590288267859 0.03318241165300902 0
1590288964819 0.04939440246036422 0
1590289665726 0.0585824205256754 0
1590290359531 0.0633323409449299 0
1590291073295 0.06513027227799845 0
1590291779497 0.06661403646932093 0
1590292504864 0.06370107054637107 0
1590293249925 0.06750733438889968 0
1590293948800 0.057216826830312345 0
1590294629388 0.07593497462816923 0
1590295309701 0.0750841423138175 0
1590295993760 0.07363336258023293 0
1590296696626 0.07181656613891517 0
