1590287577252 0.0011285210920845296 0
1590288267867 0.03547022699554615 0
1590288964828 0.054061048300936325 0
1590289665735 0.06517824345216068 0
1590290359543 0.06604618152335104 0
1590291073304 0.0727281658351345 0
1590291779505 0.06953691429231237 0
1590292504873 0.07195008631596274 0
1590293249942 0.07815108153432763 0
1590293948812 0.06030924906472475 0
1590294629398 0.08984156731853289 0
1590295309710 0.08875822152158769 0
1590295993768 0.08705718849872122 0
1590296696634 0.08502135285308089 0
