1590287577235 0.012483013722056796 0
1590288267855 0.07078856891775359 0
1590288964815 0.09566327264150562 0
1590289665722 0.10450305934912427 0
1590290359526 0.11202122268587635 0
1590291073292 0.11524629311395557 0
1590291779494 0.12108268614534089 0
1590292504861 0.11788780708612429 0
1590293249919 0.12211489520266036 0
1590293948797 0.11703432978141318 0
1590294629385 0.1306952954135801 0
1590295309698 0.13056583015186424 0
1590295993757 0.12977831992618538 0
1590296696623 0.12830703429558538 0
