1590287577242 0.00812214122447604 0
1590288267861 0.05191048206053248 0
1590288964821 0.07229159828488517 0
1590289665728 0.0807972529427617 0
1590290359534 0.08688886355951432 0
1590291073298 0.08947592322969561 0
1590291779499 0.0929184213872868 0
1590292504866 0.09020149750147038 0
1590293249929 0.09388414285296141 0
1590293948803 0.08657520531742358 0
1590294629390 0.10218765855510827 0
1590295309704 0.10172179960604859 0
1590295993762 0.10056287926036046 0
1590296696628 0.09911963107312409 0
