1590287577245 0.008983568192423637 0
1590288267863 0.12015273317302647 0
1590288964823 0.1693269564811963 0
1590289665730 0.1806217476110512 0
1590290359538 0.18364405194774697 0
1590291073300 0.19900504430584653 0
1590291779501 0.20015053772737063 0
1590292504868 0.21073891965003683 0
1590293249933 0.22283350944823274 0
1590293948805 0.20422340489571544 0
1590294629392 0.24430801648722678 0
1590295309706 0.24467921402558457 0
1590295993764 0.24586593862555103 0
1590296696630 0.24447628994103393 0
