1590287577236 0.008993662067777219 0
1590288267857 0.06032369240847583 0
1590288964817 0.08382738084158302 0
1590289665723 0.09216564748856229 0
1590290359527 0.09929782169905468 0
1590291073293 0.10273997709599449 0
1590291779495 0.10709130881745949 0
1590292504862 0.10434344648772524 0
1590293249921 0.10822758259391158 0
1590293948798 0.10110649472563707 0
1590294629386 0.11727440889298237 0
1590295309699 0.11714907225232464 0
1590295993758 0.11557815208313842 0
1590296696624 0.11415902466213275 0
