1590598561015 0.6317159358908694 0
1590599994139 0.7575319012965137 0
1590601436713 0.7149550313187677 0
1590602707795 0.7778438402306457 0
1590604036317 0.7738347547310637 0
1590605364882 0.768599981606072 0
1590606694154 0.6906764770849282 0
1590608018149 0.7278413369525003 0
1590609345188 0.7852514594196592 0
1590610682605 0.7584754332730652 0
1590612005455 0.7765908322471552 0
1590613333020 0.7738334027127549 0
1590614660723 0.7777367464243325 0
1590615984618 0.7851230057399463 0
1590617306287 0.7798945718374153 0
1590618636049 0.779871365872701 0
1590619950638 0.8114341744437485 0
1590621267214 0.7942913879269807 0
1590622576305 0.8187995394089485 0
1590623906103 0.8087726589682086 0
1590625154050 0.8179186526781362 0
1590626074681 0.8222560863948224 0
1590626996946 0.8173000554317116 0
1590627915019 0.8021762964752138 0
1590628833083 0.8118244621822256 0
1590629988825 0.8310123206249949 0
1590631291884 0.8118094993928676 0
1590632598865 0.810156365422941 0
1590633919064 0.8244757077162356 0
1590635236353 0.8198899489376673 0
1590636560391 0.8285920127652439 0
1590637874183 0.8255321115540998 0
1590639185399 0.8277575252904973 0
1590640489012 0.8298165081272475 0
1590641795078 0.8306429165354411 0
1590643103596 0.8106832536154708 0
1590644417004 0.8308649477191744 0
1590645735157 0.8277866528985225 0
1590647050881 0.834404134149561 0
1590648372812 0.8206609070377068 0
1590649678958 0.8222252807799258 0
1590651004240 0.8295161655415723 0
1590652300915 0.8276895999797075 0
1590653636210 0.8300192107055507 0
1590654932788 0.8328361483329995 0
1590656262216 0.8266586948757214 0
1590657560906 0.827453069850833 0
1590658895794 0.8254000600998848 0
1590660184984 0.8269803390580454 0
1590661507966 0.8262190540228112 0
1590662810390 0.8323457261851396 0
