1590598560982 0.3828352167345331 0
1590599994088 0.560777307134849 0
1590601436692 0.508133223277254 0
1590602707753 0.6169933117844496 0
1590604036289 0.6040733973259456 0
1590605364833 0.5824756730500703 0
1590606694138 0.5121765300977231 0
1590608018080 0.5521635089239388 0
1590609345167 0.6308652662536296 0
1590610682573 0.5859718111539792 0
1590612005425 0.617705705449657 0
1590613333004 0.6220484710624762 0
1590614660678 0.6329215561579657 0
1590615984603 0.6464031530945216 0
1590617306277 0.6269907709930921 0
1590618636023 0.6453036426987854 0
1590619950616 0.6742219864119531 0
1590621267199 0.6512461508181755 0
1590622576277 0.6821526740851735 0
1590623906075 0.6746274463153326 0
1590625154023 0.6958808758884473 0
1590626074673 0.7049217311120666 0
1590626996938 0.7076461134309721 0
1590627915013 0.6747500679874071 0
1590628833076 0.6954918137908429 0
1590629988796 0.697968699315067 0
1590631291853 0.6859984464971641 0
1590632598846 0.692808689795086 0
1590633919039 0.7003287808516845 0
1590635236283 0.7068631369337495 0
1590636560353 0.7204070924771453 0
1590637874159 0.7094457611950159 0
1590639185381 0.7246875924310593 0
1590640488995 0.7288641900707832 0
1590641795062 0.7276195229614083 0
1590643103578 0.7040572207860428 0
1590644416990 0.7276752557763417 0
1590645735141 0.7252000869355691 0
1590647050841 0.7341530027274547 0
1590648372795 0.7146566409041427 0
1590649678921 0.7204454214409516 0
1590651004197 0.7278683964819127 0
1590652300876 0.7336036160760708 0
1590653636200 0.730147636812758 0
1590654932743 0.7378126152588813 0
1590656262206 0.7311917668615636 0
1590657560843 0.7305130905746898 0
1590658895755 0.7279223961091693 0
1590660184963 0.7285395246356956 0
1590661507894 0.7321491170736644 0
1590662810370 0.740430844716161 0
