1590598560968 0.41773508161010314 0
1590599994081 0.6009527559312962 0
1590601436686 0.5565928546895182 0
1590602707707 0.6817830272073184 0
1590604036275 0.6480568013183456 0
1590605364826 0.6209951706117576 0
1590606694132 0.5476243444754697 0
1590608018063 0.60407632377415 0
1590609345161 0.6826262929325105 0
1590610682555 0.6234759443177785 0
1590612005417 0.6647459935751283 0
1590613332998 0.6742612813815589 0
1590614660672 0.6766118305723595 0
1590615984596 0.6960727547385571 0
1590617306270 0.6733739624069784 0
1590618636016 0.6919340385287639 0
1590619950609 0.7236411435609093 0
1590621267192 0.6983695737613147 0
1590622576271 0.7391996197504517 0
1590623906068 0.7321086206967434 0
1590625154012 0.7452656956734107 0
1590626074669 0.7582112262320352 0
1590626996933 0.7603232915662045 0
1590627915010 0.725095641061636 0
1590628833072 0.7456562282046597 0
1590629988790 0.7530691001285047 0
1590631291845 0.7441986763774665 0
1590632598824 0.7469379244930251 0
1590633919033 0.7574762941652499 0
1590635236277 0.764441312121792 0
1590636560304 0.7779318131781676 0
1590637874143 0.7678106308231702 0
1590639185375 0.7893012229498084 0
1590640488989 0.7916931958154048 0
1590641795056 0.7846296819790156 0
1590643103572 0.7596225476898278 0
1590644416981 0.7891484840588824 0
1590645735135 0.7853726319588883 0
1590647050826 0.7950184539974737 0
1590648372789 0.7768161050842793 0
1590649678912 0.7796825729088253 0
1590651004191 0.7890190274029829 0
1590652300869 0.7942559390043992 0
1590653636193 0.7905485963586094 0
1590654932723 0.7998973968004833 0
1590656262200 0.792990535325682 0
1590657560835 0.7955920833080024 0
1590658895747 0.7867939603796263 0
1590660184956 0.791973077353898 0
1590661507888 0.7976509366952258 0
1590662810363 0.8079125773421615 0
