1590598560991 0.6631450264106229 0
1590599994091 0.7814053036787512 0
1590601436697 0.7459545641562493 0
1590602707769 0.8086070033845348 0
1590604036293 0.7983744982274031 0
1590605364851 0.7917779626164546 0
1590606694141 0.7143241314703555 0
1590608018082 0.7605856306035128 0
1590609345169 0.8123043260619138 0
1590610682576 0.7815918838612397 0
1590612005432 0.8029912708890283 0
1590613333006 0.8015827953299886 0
1590614660681 0.8039499782630598 0
1590615984606 0.8113107664349224 0
1590617306279 0.805681812579536 0
1590618636028 0.804578430756278 0
1590619950618 0.836906090543073 0
1590621267201 0.8201723050883273 0
1590622576280 0.8476774905836221 0
1590623906080 0.8373338782629324 0
1590625154026 0.8422209406102209 0
1590626074675 0.8472959585676918 0
1590626996941 0.8433564344576973 0
1590627915015 0.8274388136917413 0
1590628833078 0.8352735519258815 0
