1590598561008 0.6109653346461488 0
1590599994096 0.7434732112505963 0
1590601436707 0.6946614042425497 0
1590602707788 0.7586943550910237 0
1590604036303 0.7584381341100995 0
1590605364869 0.7538824243162956 0
1590606694149 0.6759911146659588 0
1590608018116 0.7071685395909711 0
1590609345183 0.7692832434707056 0
1590610682593 0.7444281096367512 0
1590612005448 0.759873423356935 0
1590613333015 0.757302256458843 0
1590614660717 0.7602796675661209 0
1590615984613 0.7688149454771867 0
1590617306284 0.7622420731083291 0
1590618636042 0.7655345079084632 0
1590619950632 0.7953013574379484 0
1590621267209 0.7776150707107929 0
1590622576300 0.8003487041576695 0
1590623906094 0.7901107841823167 0
1590625154037 0.8021219916103197 0
1590626074679 0.8071090240629384 0
1590626996945 0.801263952881635 0
1590627915018 0.7865333677999475 0
1590628833081 0.7963255495336504 0
1590629988818 0.8146613052214995 0
1590631291876 0.7938712973011708 0
1590632598862 0.7933553643235464 0
1590633919056 0.8086226056550848 0
1590635236342 0.8031409434890917 0
1590636560389 0.8128270716401171 0
1590637874176 0.8088653108386229 0
1590639185394 0.8101527787167255 0
1590640489007 0.8133757151031679 0
1590641795073 0.8158878069275056 0
1590643103591 0.79671076700249 0
1590644417001 0.8141147077647465 0
1590645735152 0.8113401361159234 0
1590647050870 0.8186481010544294 0
1590648372807 0.8041444757097017 0
1590649678949 0.8077991918653202 0
1590651004228 0.8137445852562395 0
1590652300907 0.8126397506411134 0
1590653636208 0.8135378440029365 0
1590654932785 0.8181451646341528 0
1590656262214 0.811486406187941 0
1590657560877 0.8101771929784207 0
1590658895787 0.8100731263892436 0
1590660184979 0.8110178335859455 0
1590661507951 0.8090405923100695 0
1590662810385 0.8159082811810124 0
