1590598560979 0.3960949548947892 0
1590599994087 0.5750999965343133 0
1590601436691 0.5259440684649662 0
1590602707749 0.6392616157204567 0
1590604036286 0.6202904015178681 0
1590605364831 0.5972318329560401 0
1590606694137 0.5261877449019515 0
1590608018069 0.5715929780936615 0
1590609345166 0.6508803617951062 0
1590610682561 0.6003962492769023 0
1590612005422 0.6360102447100842 0
1590613333003 0.6432697098041908 0
1590614660677 0.6496223903721258 0
1590615984602 0.6655705054544371 0
1590617306275 0.6440676743634905 0
1590618636022 0.664239162750076 0
1590619950615 0.6935286912888002 0
1590621267198 0.668256252963357 0
1590622576276 0.7037059532591484 0
1590623906073 0.6973180396306117 0
1590625154017 0.7144685906818679 0
1590626074672 0.7267249159045158 0
1590626996937 0.7269742366541267 0
1590627915013 0.694913734240123 0
1590628833075 0.7154572777117956 0
1590629988795 0.719287629045486 0
1590631291850 0.7076065673912709 0
1590632598839 0.7135465845718179 0
1590633919038 0.7217621436136815 0
1590635236282 0.7288587414024775 0
1590636560309 0.7436943094247781 0
1590637874158 0.7331128217658524 0
1590639185380 0.7487722165217932 0
1590640488994 0.7527737023715696 0
1590641795061 0.7501398970224046 0
1590643103577 0.7263454406663147 0
1590644416988 0.7515984814464062 0
1590645735140 0.7487072490946706 0
1590647050830 0.7568778568875679 0
1590648372794 0.740203705014838 0
1590649678918 0.7449907461065008 0
1590651004196 0.7524866810881811 0
1590652300875 0.7578147830046181 0
1590653636198 0.7532142806052153 0
1590654932738 0.7627035072682401 0
1590656262205 0.756293744551474 0
1590657560841 0.755040421968762 0
1590658895752 0.7505191399197165 0
1590660184962 0.7540412709946819 0
1590661507893 0.7581210446666732 0
1590662810368 0.7661739534254336 0
