1590598259410 0.0785856362642117 0
1590599751342 0.03525993796141391 0
1590601177769 0.03149356849020757 0
1590602460939 0.028239937611524876 0
1590603770971 0.02668272063230683 0
1590605113439 0.025952037273346273 0
1590606426740 0.024490405722390765 0
1590607769720 0.02389010103879216 0
1590609087845 0.024800958826425475 0
1590610428397 0.022576225262716566 0
1590611746268 0.01995376528436118 0
1590613087790 0.01912604592960767 0
1590614407111 0.0188155719949819 0
1590615743352 0.017895365253878238 0
1590617053466 0.018030568057936295 0
1590618387777 0.01802460184928169 0
1590619703491 0.01697446215910139 0
1590621021555 0.016841103740936916 0
1590622336315 0.016789731863129116 0
1590623649020 0.016172593249827196 0
1590624960331 0.014895036492938227 0
1590625920478 0.014521212014145293 0
1590626842269 0.013847104025685113 0
1590627759111 0.013895422820774377 0
1590628678720 0.013420478624591689 0
1590629742678 0.013384279388583747 0
1590631035152 0.01363195776150633 0
1590632353985 0.01338020248784393 0
1590633664658 0.012672177009292953 0
1590634987866 0.012326477209494513 0
1590636306616 0.012498589519611018 0
1590637631052 0.01194086228130562 0
1590638938920 0.011460375095697932 0
1590640253541 0.011143963453287413 0
1590641551081 0.011437195427889667 0
1590642860890 0.010802783447399676 0
1590644172271 0.011223552689080356 0
1590645487679 0.010821043194473863 0
1590646805713 0.010252046034055159 0
1590648121735 0.010673084024066049 0
1590649436852 0.010320471645845652 0
1590650750599 0.009951549681533353 0
1590652061470 0.009782584153313456 0
1590653375597 0.009684608736842818 0
1590654696066 0.010037478211597234 0
1590656000164 0.009656619713746987 0
1590657320528 0.00972875630096645 0
1590658632550 0.009727612510629341 0
1590659951625 0.009953269978348401 0
1590661244870 0.009209491910256903 0
1590662578550 0.009274026432072967 0
