1590598259407 0.40371346609560627 0
1590599751339 0.35955121607317403 0
1590601177766 0.34176411845889065 0
1590602460936 0.3327981501464229 0
1590603770968 0.3268005098454417 0
1590605113437 0.32301064332142154 0
1590606426737 0.3225957590111809 0
1590607769718 0.3181088869663589 0
1590609087842 0.3162193889415556 0
1590610428393 0.31626760897214895 0
1590611746265 0.30874508408328355 0
1590613087786 0.3094040010044361 0
1590614407108 0.3067046257662411 0
1590615743349 0.3035858386120945 0
1590617053463 0.30662055747698114 0
1590618387774 0.3043424335782664 0
1590619703488 0.3032441690972861 0
1590621021553 0.3065202579542917 0
1590622336312 0.3027806907472476 0
1590623649017 0.3028449544074184 0
1590624960328 0.2982183932606338 0
1590625920476 0.2972289692801047 0
1590626842266 0.2953752754152572 0
1590627759109 0.2946082446323756 0
1590628678717 0.29502771916302867 0
1590629742675 0.2947576282652243 0
1590631035149 0.2927927902290077 0
1590632353980 0.2909734737241242 0
1590633664655 0.29057317742424776 0
1590634987863 0.29080457881015703 0
1590636306613 0.28898774002926536 0
1590637631049 0.28730454596879307 0
1590638938917 0.28608895199244955 0
1590640253538 0.28546573561350447 0
1590641551078 0.2858759497904707 0
1590642860885 0.28454950515365846 0
1590644172268 0.28532682355904776 0
1590645487676 0.28261966964131907 0
1590646805710 0.2812175415042067 0
1590648121732 0.28294504380849134 0
1590649436844 0.27852093985095744 0
1590650750596 0.2779133461534513 0
1590652061467 0.2776108076195305 0
1590653375594 0.2770724073991323 0
1590654696063 0.2769610720146047 0
1590656000160 0.2773034968327115 0
1590657320526 0.275958780149582 0
1590658632548 0.2763799312541757 0
1590659951622 0.2760053404487443 0
1590661244867 0.2750112089757194 0
1590662578547 0.27506401531779384 0
