1590598259412 0.921648010062682 0
1590599751348 0.7646151360571716 0
1590601177771 0.7282300363529509 0
1590602460942 0.7073491737300018 0
1590603770973 0.6940651880005917 0
1590605113442 0.6856737618574154 0
1590606426743 0.6793430372138886 0
1590607769723 0.6713868591905446 0
1590609087847 0.6689972351343157 0
1590610428399 0.662784688465202 0
1590611746270 0.6427975332321636 0
1590613087792 0.6398885233821023 0
1590614407113 0.6348373008498596 0
1590615743356 0.6296393154015101 0
1590617053468 0.6314138098303339 0
1590618387780 0.6272232667352708 0
1590619703493 0.6228549042062271 0
1590621021557 0.6254855710416979 0
1590622336317 0.6202578193076514 0
1590623649022 0.6195634136715917 0
1590624960333 0.6069686308323566 0
1590625920480 0.6036020525424963 0
1590626842271 0.5984282747303896 0
1590627759114 0.5979045223308522 0
1590628678723 0.5967526486651503 0
1590629742680 0.5964437810004951 0
1590631035155 0.5932313164807766 0
1590632353987 0.5898538708049177 0
1590633664660 0.5870879644424172 0
1590634987868 0.5865689070234901 0
1590636306619 0.5814564978520086 0
1590637631054 0.5781007227373518 0
1590638938922 0.5756352510869112 0
1590640253545 0.5732636909384426 0
1590641551084 0.5733632107630311 0
1590642860892 0.569969453616769 0
1590644172273 0.5709956980553006 0
1590645487681 0.5678586922569298 0
1590646805715 0.5647875783733703 0
1590648121739 0.566879190674174 0
1590649436855 0.5588941036848815 0
1590650750601 0.5574396915489462 0
1590652061472 0.5568788226264344 0
1590653375599 0.5547907785832239 0
1590654696070 0.5561516441778078 0
1590656000166 0.5549471735951437 0
1590657320531 0.5525413145609858 0
1590658632552 0.5534567264319067 0
1590659951627 0.5530287212543187 0
1590661244872 0.5498433625956098 0
1590662578552 0.5497324056011332 0
