1590598259411 0.10669821349377871 0
1590599751347 0.08974401513356205 0
1590601177770 0.0866337289068547 0
1590602460941 0.08472249696888665 0
1590603770972 0.08297318930815688 0
1590605113441 0.08231292028750553 0
1590606426741 0.08170579187157774 0
1590607769722 0.08048520545945334 0
1590609087846 0.08092817923591215 0
1590610428398 0.07951399725444168 0
1590611746269 0.07724976446272445 0
1590613087791 0.07666693585272395 0
1590614407112 0.07617627871357419 0
1590615743354 0.07625944271622939 0
1590617053467 0.07603221152079953 0
1590618387778 0.07549071084677599 0
1590619703492 0.07518852876983942 0
1590621021556 0.07502282939760153 0
1590622336316 0.0748559961080264 0
1590623649021 0.07476478377999178 0
1590624960332 0.07340658228952103 0
1590625920479 0.07322410952190753 0
1590626842270 0.07243207683186119 0
1590627759113 0.07266135281676757 0
1590628678722 0.07257098436087724 0
1590629742679 0.07270030979912112 0
1590631035153 0.07225268024652975 0
1590632353986 0.07203814136575469 0
1590633664659 0.07183240901118212 0
1590634987867 0.07179769868855458 0
1590636306617 0.07124635238984697 0
1590637631053 0.07075518979625382 0
1590638938921 0.07084519897564814 0
1590640253542 0.07026052447256831 0
1590641551082 0.07032425933654901 0
1590642860891 0.07061006355577813 0
1590644172272 0.07003666621924905 0
1590645487680 0.07044370225896497 0
1590646805714 0.06992333778180182 0
1590648121736 0.07010315987367799 0
1590649436853 0.07014019526624078 0
1590650750600 0.06940958235278902 0
1590652061471 0.06957842781535696 0
1590653375598 0.06918843452500427 0
1590654696067 0.06938111009193602 0
1590656000165 0.06903732251676228 0
1590657320530 0.06910490182527321 0
1590658632551 0.0690353367200813 0
1590659951626 0.06928848776292522 0
1590661244871 0.06911357009943556 0
1590662578551 0.0685651690144785 0
