1590598259409 0.3326506942090854 0
1590599751341 0.28005996688902157 0
1590601177767 0.268338620496998 0
1590602460938 0.2615885890031674 0
1590603770970 0.25760876821468637 0
1590605113438 0.254398160975142 0
1590606426739 0.25055108060873904 0
1590607769719 0.24890266572594025 0
1590609087844 0.24704870813042257 0
1590610428395 0.24442685697589475 0
1590611746267 0.23684891940179448 0
1590613087788 0.2346915405953346 0
1590614407110 0.23314082437506245 0
1590615743351 0.231898668819308 0
1590617053464 0.23073047277461695 0
1590618387776 0.22936552046094671 0
1590619703490 0.2274477441800003 0
1590621021554 0.2271013799488677 0
1590622336314 0.22583140058924836 0
1590623649019 0.22578108223435436 0
1590624960330 0.22044861878926353 0
1590625920478 0.21862776172633874 0
1590626842268 0.21677381845758614 0
1590627759110 0.21673950206093473 0
1590628678719 0.21573346651665276 0
1590629742676 0.215601563547566 0
