1590229804831 0.0008872626880425957 0
1590229822563 0.0007903811402549947 0
1590229840364 0.0007035082139408216 0
1590229858444 0.00016404199475065617 0
1590229876363 0.00016328487785180698 0
1590229893876 0.0005805888863490792 0
1590229911687 0.0008895231547784492 0
1590229929450 0.0007709026007856205 0
1590229947366 0.0008007591013974965 0
1590229965137 0.0005120147210103614 0
1590229982850 6.510416666666667e-05 0
1590230000493 0.0 0
1590230018421 0.0 0
1590230036367 0.0 0
1590230054167 0.0 0
1590230071896 0.0 0
1590230089492 0.0 0
