1590229804819 0.000956599326392666 0
1590229822551 0.0007597489326918787 0
1590229840352 0.0009565993263926662 0
1590229858431 0.0001968503937007874 0
1590229876347 0.0001968503937007874 0
1590229893860 0.0007297742213506493 0
1590229911675 0.0009398582549640947 0
1590229929436 0.0009063723216019531 0
1590229947355 0.0007778135481933537 0
1590229965126 0.0003891580860084797 0
1590229982837 0.0 0
1590230000482 0.0 0
1590230018410 0.0 0
1590230036354 0.0 0
1590230054153 0.0 0
1590230071882 0.0 0
1590230089479 0.0 0
