1590229804824 0.0011489070187003583 0
1590229822557 0.0017340154223169021 0
1590229840357 0.001335474182879463 0
1590229858438 0.0001968503937007874 0
1590229876353 0.0003891580860084797 0
1590229893868 0.0009398582549640947 0
1590229911681 0.0017337953975017743 0
1590229929443 0.0017001999462357641 0
1590229947360 0.001542576014025706 0
1590229965131 0.0009555078534281338 0
1590229982843 0.0001953125 0
1590230000487 0.0 0
1590230018415 0.0 0
1590230036360 0.0 0
1590230054159 0.0 0
1590230071888 0.0 0
1590230089485 0.0 0
