1590229804826 0.000956599326392666 0
1590229822559 0.0007597489326918787 0
1590229840359 0.0009565993263926662 0
1590229858440 0.0001968503937007874 0
1590229876358 0.0001968503937007874 0
1590229893871 0.0007297742213506493 0
1590229911683 0.0009398582549640947 0
1590229929445 0.0009063723216019531 0
1590229947362 0.0007778135481933537 0
1590229965133 0.0003891580860084797 0
1590229982845 0.0 0
1590230000489 0.0 0
1590230018417 0.0 0
1590230036362 0.0 0
1590230054162 0.0 0
1590230071891 0.0 0
1590230089487 0.0 0
