1590229804820 0.0007597489326918787 0
1590229822553 0.0005644364326918787 0
1590229840353 0.0005935015914933372 0
1590229858432 0.0001968503937007874 0
1590229876349 0.0001968503937007874 0
1590229893862 0.0007297742213506493 0
1590229911676 0.0007430078612633074 0
1590229929438 0.0007385870867026242 0
1590229947356 0.0005677295145799083 0
1590229965127 0.0003891580860084797 0
1590229982838 0.0 0
1590230000483 0.0 0
1590230018411 0.0 0
1590230036356 0.0 0
1590230054154 0.0 0
1590230071883 0.0 0
1590230089481 0.0 0
