1590229801109 24.3274434601143 0
1590229821013 16.803611569851636 0
1590229838916 12.297047164142132 0
1590229856720 8.926944795921445 0
1590229874913 6.534384598238393 0
1590229892417 4.879931308133528 0
1590229910090 3.738497382150963 0
1590229927921 2.9487087532319127 0
1590229945855 2.4040311954915525 0
1590229963536 2.0095009462768214 0
1590229981421 1.803256235490553 0
1590229999096 1.7413640580000356 0
1590230016849 1.694168299920857 0
1590230034887 1.652055898536928 0
1590230052766 1.6125287017179653 0
1590230070316 1.576616380494088 0
1590230088084 1.5416596230864525 0
