1592775172881 0.6076780854092374 0
1592775805748 0.6417531656891358 0
1592776437173 0.6246570202278816 0
1592777069622 0.6659481041731599 0
1592777701090 0.6931995713699276 0
1592778334765 0.6382428394719203 0
1592778965686 0.7021243021743562 0
1592779597103 0.7119954199188012 0
1592780228550 0.6428614369555472 0
1592780862418 0.6911413902007469 0
1592781493396 0.7486787901503924 0
1592782123955 0.745659389747931 0
1592782756648 0.7462387317475999 0
1592783386166 0.7082949409337735 0
1592784016898 0.7081612343919719 0
1592784646963 0.7188581113853217 0
1592785278328 0.7375278970504816 0
1592785911441 0.7433474526163415 0
1592786540322 0.7421901216099765 0
1592787172160 0.7325599826582239 0
1592787804446 0.7496526890451736 0
1592788435349 0.7638196874412874 0
1592789065131 0.745763374880772 0
1592789697066 0.7570377439311852 0
1592790328719 0.760858010992545 0
1592790962681 0.7445472190640936 0
1592791593270 0.7489578581639321 0
1592792226698 0.7539028073439151 0
1592792857858 0.7565556813196317 0
1592793488893 0.7535808757711763 0
1592794119464 0.774505064984489 0
1592794749844 0.7703939232134676 0
1592795380893 0.7532450114325874 0
1592796012043 0.7743703755673995 0
1592796644791 0.7650637258306159 0
1592797278132 0.7513038077535156 0
1592797908345 0.7730192624902739 0
1592798540141 0.7604433266473672 0
1592799170778 0.7621777683890021 0
1592799803079 0.764614945442189 0
1592800434880 0.7748378603207835 0
1592801065315 0.7711638541295344 0
1592801695704 0.7672421204181689 0
1592802327387 0.7748456751198698 0
1592802957896 0.7691667233401408 0
1592803591439 0.7764439457509054 0
1592804221401 0.768181388489036 0
1592804853557 0.7696208962820759 0
1592805484712 0.7704387650078505 0
1592806116522 0.7741974711066879 0
1592806748163 0.7718526977491219 0
