1592775172885 0.7954009890496214 0
1592775805752 0.8135852250072451 0
1592776437178 0.784445750676751 0
1592777069626 0.8296276543078187 0
1592777701094 0.8342399222996709 0
1592778334772 0.8088872416213052 0
1592778965692 0.8245940536829576 0
1592779597108 0.8515119631392648 0
1592780228555 0.8010586615154489 0
1592780862423 0.8254144015192764 0
1592781493400 0.8510352994549741 0
1592782123959 0.8494088266148336 0
1592782756653 0.8498697851911106 0
1592783386170 0.8238684078043782 0
1592784016902 0.8211632966710297 0
1592784646967 0.8285704004132698 0
1592785278333 0.8463911381208141 0
1592785911446 0.8556847226958653 0
1592786540327 0.8517928955397004 0
1592787172166 0.8352436381037254 0
1592787804450 0.8492180056335559 0
1592788435356 0.8535893346367924 0
1592789065136 0.8415898651969254 0
1592789697070 0.8489706860143624 0
1592790328722 0.8574181888364536 0
1592790962685 0.8375448021971016 0
1592791593274 0.8407574535557644 0
1592792226705 0.8538270308949787 0
1592792857862 0.8520693628406574 0
1592793488897 0.8514479158167894 0
1592794119468 0.8600472755553136 0
1592794749848 0.8575198745417633 0
1592795380898 0.8441282325542546 0
1592796012047 0.8605066912006595 0
1592796644797 0.8537703573404496 0
1592797278137 0.8546393668529155 0
1592797908350 0.8610205831879405 0
1592798540146 0.8494163123407481 0
1592799170783 0.8472728363730848 0
1592799803084 0.8561544789100598 0
1592800434884 0.8585813733240687 0
1592801065320 0.8571896572900907 0
1592801695709 0.8527324034106444 0
1592802327391 0.8546798241416248 0
1592802957900 0.8544580008770536 0
1592803591443 0.8608320734846886 0
1592804221407 0.8542296579744265 0
1592804853561 0.8561344455793782 0
1592805484716 0.8576015557934369 0
1592806116527 0.8578678349652704 0
1592806748171 0.8541775049768461 0
