1592775172884 0.5703806470906871 0
1592775805750 0.6015592126898056 0
1592776437176 0.5885368858998195 0
1592777069625 0.6274704680539889 0
1592777701093 0.6545319269428344 0
1592778334770 0.6036134370001772 0
1592778965690 0.6619687309654646 0
1592779597106 0.6726714646848816 0
1592780228553 0.6096829536033891 0
1592780862422 0.6532497391739868 0
1592781493398 0.7059270328929362 0
1592782123957 0.7037039341433003 0
1592782756651 0.7047352033223726 0
1592783386168 0.6691093722358874 0
1592784016900 0.6704058234497562 0
1592784646966 0.6806492522504475 0
1592785278331 0.6968614949502014 0
1592785911445 0.7014524526216577 0
1592786540325 0.7021574439678353 0
1592787172164 0.6936014651436057 0
1592787804448 0.708138808105514 0
1592788435353 0.7206081890366908 0
1592789065135 0.705093089396724 0
1592789697069 0.7154577093752732 0
1592790328721 0.7181565014651019 0
1592790962683 0.7045204066917808 0
1592791593273 0.707451980783841 0
1592792226703 0.7125905815697788 0
1592792857860 0.7155735069154079 0
1592793488896 0.7130499744966805 0
1592794119467 0.7307737778457832 0
1592794749846 0.725876215414006 0
1592795380896 0.7111744009205734 0
1592796012046 0.7306013970025245 0
1592796644795 0.7214591246741088 0
1592797278136 0.7085795415649416 0
1592797908348 0.7296013101901059 0
1592798540144 0.7158656039943241 0
1592799170782 0.7201619739772243 0
1592799803082 0.7227065042627818 0
1592800434883 0.7306918865951714 0
1592801065318 0.7278316817029709 0
1592801695707 0.7252169707853261 0
1592802327389 0.7314060339626268 0
1592802957899 0.7255016288059224 0
1592803591441 0.7330068396059304 0
1592804221405 0.7244832402762226 0
1592804853560 0.7263886525357489 0
1592805484715 0.7263726330469883 0
1592806116525 0.7301653782787001 0
1592806748168 0.7281868641068128 0
