1592775062429 0.2955328156219588 0
1592775697693 0.2639302649762895 0
1592776329074 0.25136511352327134 0
1592776961668 0.24553766737381616 0
1592777593154 0.2390985451141993 0
1592778226624 0.23380796591440836 0
1592778857702 0.22821943846013812 0
1592779489633 0.22636100285583072 0
1592780120589 0.22211275941795772 0
1592780754260 0.2177453390426106 0
1592781385688 0.20865121364593506 0
1592782016694 0.20365611437294218 0
1592782649113 0.20396212935447694 0
1592783278585 0.20220129562748804 0
1592783909273 0.20025161676936679 0
1592784539746 0.19829018106063206 0
1592785170649 0.19572980811198554 0
1592785803854 0.1945714672572083 0
1592786432875 0.1924943240152465 0
1592787064353 0.1902368195851644 0
1592787696947 0.18322297233674262 0
1592788328151 0.18225843836863836 0
1592788957819 0.18187979305783908 0
1592789589624 0.1812621819641855 0
1592790221201 0.17950624373224047 0
1592790855103 0.1796818564666642 0
1592791485767 0.17763715051942403 0
1592792119339 0.17768202361133364 0
1592792750201 0.17475313203202353 0
1592793381523 0.1744443256325192 0
1592794011705 0.17131087829669317 0
1592794642432 0.16938397188981374 0
1592795273702 0.16931206721398565 0
1592795904562 0.1679336424006356 0
1592796537342 0.1689163054029147 0
1592797170638 0.1671810323662228 0
1592797800791 0.1662433389491505 0
1592798432638 0.16707338392734528 0
1592799063410 0.1675525501701567 0
1592799695589 0.16622056275606156 0
1592800327533 0.16347726528843243 0
1592800958006 0.16361276987526152 0
1592801588419 0.16364336786998643 0
1592802220111 0.16320752097500696 0
1592802850567 0.1627697153058317 0
1592803484076 0.1620900286237399 0
1592804114089 0.16124176730712256 0
1592804746250 0.162068323691686 0
1592805377450 0.1613751108944416 0
1592806009068 0.16104919882284272 0
1592806640791 0.16110388191209898 0
