1592775062433 0.1210067476828893 0
1592775697695 0.08600783090624545 0
1592776329076 0.07693768352270126 0
1592776961670 0.07063471786263917 0
1592777593157 0.06835430740482278 0
1592778226627 0.0661371089807815 0
1592778857704 0.06091695928739177 0
1592779489635 0.06063565950012869 0
1592780120591 0.05750918077097999 0
1592780754262 0.056896988426645596 0
1592781385692 0.051370645376543206 0
1592782016696 0.04921179414209392 0
1592782649115 0.04726625719211168 0
1592783278587 0.04616662759333849 0
1592783909275 0.04528818659070465 0
1592784539748 0.0455022575168146 0
1592785170651 0.04307731383376651 0
1592785803856 0.04286264337185356 0
1592786432877 0.043554081043435465 0
1592787064355 0.04234969558608201 0
1592787696950 0.03889072946790192 0
1592788328154 0.039227466964059404 0
1592788957821 0.03892687711036868 0
1592789589627 0.03820221827675899 0
1592790221205 0.037459606958760154 0
1592790855106 0.03679089037287566 0
1592791485772 0.03657898087468412 0
1592792119343 0.03627055756333802 0
1592792750205 0.035606228264255656 0
1592793381526 0.036468712612986565 0
1592794011708 0.033220792735616365 0
1592794642435 0.03478505135617323 0
1592795273706 0.03280487006530166 0
1592795904564 0.034080159647597204 0
1592796537344 0.03394795167156392 0
1592797170640 0.032999963098102145 0
1592797800793 0.031438948098156186 0
1592798432642 0.031686441962503725 0
1592799063414 0.032982024720145595 0
1592799695591 0.03272359662585788 0
1592800327535 0.03167753276932571 0
1592800958011 0.03130828800921639 0
1592801588422 0.031173723270702693 0
1592802220115 0.030650751228547757 0
1592802850570 0.030697479912390312 0
1592803484079 0.03061569371778104 0
1592804114092 0.030582764163199397 0
1592804746254 0.02995585415719284 0
1592805377452 0.029715511604315705 0
1592806009070 0.029761555840571722 0
1592806640792 0.03056547975581553 0
