1592775062433 0.16162695563501783 0
1592775697696 0.15009637349181704 0
1592776329076 0.145523576007949 0
1592776961671 0.1424329799413681 0
1592777593158 0.14022295984956953 0
1592778226627 0.13886341528760063 0
1592778857705 0.1360715090897348 0
1592779489636 0.1355531729426649 0
1592780120592 0.13375645087824928 0
1592780754263 0.13239398640063074 0
1592781385693 0.1287455386420091 0
1592782016697 0.1264590884082847 0
1592782649116 0.1255349665052361 0
1592783278587 0.12451259098119206 0
1592783909276 0.12347387679749065 0
1592784539749 0.12285131825341118 0
1592785170652 0.12200732265909513 0
1592785803856 0.12094643723633554 0
1592786432878 0.12121303553382555 0
1592787064356 0.11991698697209358 0
1592787696951 0.11680221363902092 0
1592788328155 0.1162789593802558 0
1592788957822 0.11602052180303468 0
1592789589629 0.11513913634750578 0
1592790221206 0.11413874212238524 0
1592790855107 0.11470864271124204 0
1592791485773 0.11323144192496935 0
1592792119344 0.11317997581428951 0
1592792750206 0.1118047917385896 0
1592793381527 0.11338346223036448 0
1592794011709 0.11008397065930896 0
1592794642435 0.11018036875459883 0
1592795273707 0.10919719090064367 0
1592795904564 0.10904374973641502 0
1592796537345 0.108239945554071 0
1592797170641 0.10901655034886466 0
1592797800794 0.10803898014956051 0
1592798432644 0.10803743647204506 0
1592799063415 0.10843231413927343 0
1592799695592 0.10759517831934823 0
1592800327535 0.10723965262373289 0
1592800958013 0.10663182126151191 0
1592801588423 0.10624046565757858 0
1592802220116 0.10609297066926957 0
1592802850570 0.10566969505614704 0
1592803484079 0.10585233098930782 0
1592804114093 0.1055045924997992 0
1592804746255 0.10517534907493327 0
1592805377453 0.10485912596186002 0
1592806009071 0.10539871917830573 0
1592806640793 0.1052696739965015 0
