1590711847662 0.1349448618334498 0
1590712387387 0.2856105398698783 0
1590712926114 0.30594080865150736 0
1590713463809 0.3108642751156662 0
1590714000608 0.31695953608366106 0
1590714538777 0.3326639150081601 0
1590715077066 0.33399757884874043 0
1590715616761 0.33713255619782245 0
1590716156294 0.33964563618272686 0
1590716694727 0.3395338124420984 0
1590717233906 0.3373503734409087 0
1590717772924 0.3427630204320235 0
1590718313774 0.3464788615994567 0
1590718853306 0.344813481068047 0
1590719393690 0.34623724693188174 0
1590719933379 0.3475728513431602 0
1590720473173 0.34729122712715793 0
1590721013133 0.34432986275629124 0
1590721553166 0.34797308927527376 0
1590722093303 0.3512435443084743 0
1590722634055 0.3529183216014138 0
1590723174519 0.3511996181054293 0
1590723714944 0.3526199112071733 0
1590724254992 0.3535940424026915 0
1590724795631 0.354132563898861 0
1590725335158 0.35380219916859534 0
1590725875043 0.35416886576548195 0
1590726415708 0.35539436972442506 0
1590726955728 0.35905960011188 0
1590727493927 0.3565087366134509 0
1590728030835 0.35660980104182655 0
1590728567222 0.3571911697020629 0
1590729103556 0.3568454656585937 0
1590729642997 0.35791162574586366 0
