1590711847675 0.09841678070207492 0
1590712387399 0.3323792718712525 0
1590712926126 0.41764758795300655 0
1590713463822 0.4102151690315875 0
1590714000624 0.48934279916930445 0
1590714538790 0.46814394113717195 0
1590715077078 0.5376719693043199 0
1590715616779 0.46799096378014865 0
1590716156306 0.5219169617070325 0
1590716694741 0.5329448506929815 0
1590717233921 0.564831498995409 0
1590717772938 0.5658501803259024 0
1590718313788 0.5335418157804233 0
1590718853320 0.6025603407812937 0
1590719393705 0.6258125234527981 0
1590719933392 0.5857572280378208 0
1590720473186 0.6032848596683893 0
1590721013146 0.5990216605786552 0
1590721553178 0.5965599753278225 0
1590722093316 0.6382283486551426 0
1590722634071 0.6326826266423199 0
1590723174533 0.6401194412829884 0
1590723714967 0.6437535726764079 0
1590724255010 0.6456989782825945 0
1590724795646 0.6428911548043 0
1590725335171 0.650319435209293 0
1590725875057 0.6504705705873287 0
1590726415720 0.6604755928116274 0
1590726955743 0.6594093737774628 0
1590727493946 0.6652365088850511 0
1590728030847 0.6609485770603518 0
1590728567235 0.6772666276117041 0
1590729103568 0.6631703364310837 0
1590729643010 0.6688569690558451 0
