1590711847678 0.14470236452574675 0
1590712387401 0.4010311649783375 0
1590712926128 0.4913872028619275 0
1590713463824 0.4635750774118344 0
1590714000626 0.551486125638527 0
1590714538793 0.5127971563433914 0
1590715077080 0.5886024563765014 0
1590715616781 0.5086120383807836 0
1590716156308 0.564258223071698 0
1590716694743 0.5814477750037662 0
1590717233924 0.6102637641556027 0
1590717772940 0.6099332706568852 0
1590718313790 0.5710919333596036 0
1590718853322 0.6545062181187898 0
1590719393708 0.6754689422478003 0
1590719933394 0.6301911585887745 0
1590720473188 0.6435244822069744 0
1590721013148 0.6421470440281839 0
1590721553180 0.6369445909865376 0
1590722093318 0.6810177385124025 0
1590722634073 0.6748425502647118 0
1590723174535 0.6842687033728766 0
1590723714970 0.6858036934402564 0
1590724255012 0.6864149903606297 0
1590724795649 0.6858356413968384 0
1590725335173 0.6912507632548467 0
1590725875059 0.6899704301411576 0
1590726415722 0.7029078040611028 0
1590726955745 0.7014960837356731 0
1590727493948 0.7060323665634235 0
1590728030849 0.699962538461949 0
1590728567237 0.7184696196343404 0
1590729103570 0.7038689666886843 0
1590729643012 0.7115392891377668 0
