1590711847666 0.17352748133815526 0
1590712387391 0.43864367945876687 0
1590712926118 0.5324286047708805 0
1590713463814 0.4912661759781979 0
1590714000612 0.5848352778104827 0
1590714538781 0.5361597657525751 0
1590715077070 0.6156461938555485 0
1590715616769 0.5293217476945266 0
1590716156298 0.5864933700053439 0
1590716694732 0.6056866214906976 0
1590717233911 0.63364772352891 0
1590717772929 0.6325889546931215 0
1590718313779 0.5901861724923171 0
1590718853311 0.6814173875300438 0
1590719393696 0.7004048293056291 0
1590719933383 0.6526369266229682 0
1590720473177 0.6631782815201679 0
1590721013137 0.6644521419300926 0
1590721553170 0.6578936995102659 0
1590722093308 0.7023732854101068 0
1590722634060 0.6961157753386085 0
1590723174524 0.7064682416133083 0
1590723714951 0.7067083896724815 0
1590724254997 0.7065378717227256 0
1590724795635 0.7073263235473745 0
1590725335162 0.7123514506900519 0
1590725875048 0.7098777568208783 0
1590726415712 0.7233654123273467 0
1590726955733 0.7225548356719486 0
1590727493932 0.7262164799090247 0
1590728030839 0.7192250991970933 0
1590728567226 0.7389356251411499 0
1590729103560 0.7235503251713904 0
1590729643002 0.7327121628218046 0
