1590711847652 0.14318835321752146 0
1590712387378 0.29607339449004766 0
1590712926106 0.31522605249323765 0
1590713463800 0.3184209218398701 0
1590714000599 0.323573098655194 0
1590714538767 0.3384576866942522 0
1590715077057 0.3396925425223185 0
1590715616753 0.3432732858114594 0
1590716156286 0.34479846586584406 0
1590716694714 0.34461395234042136 0
1590717233893 0.3423813153456247 0
1590717772915 0.347562570769934 0
1590718313766 0.35108537083627867 0
1590718853298 0.3498520026125227 0
1590719393682 0.350533629469177 0
1590719933369 0.3524600317923296 0
1590720473164 0.35157004535541464 0
1590721013124 0.34907349858509046 0
1590721553155 0.35261500022627845 0
1590722093294 0.35553621843641614 0
1590722634038 0.35720022872484686 0
1590723174508 0.35545600487435003 0
1590723714931 0.35675111821086913 0
1590724254983 0.35752628233043815 0
1590724795622 0.3581437083560844 0
1590725335147 0.35792972701961495 0
1590725875035 0.3580301155692453 0
1590726415696 0.35947263279123565 0
1590726955718 0.3629597993669799 0
1590727493918 0.36048987764024 0
1590728030825 0.360540582720443 0
1590728567211 0.3611253026932855 0
1590729103547 0.36088530220643367 0
1590729642989 0.3619327401656329 0
