1590711847668 0.15319767829329684 0
1590712387393 0.41690287436507156 0
1590712926120 0.5102127993696423 0
1590713463816 0.4768392830771347 0
1590714000617 0.5668549182507236 0
1590714538783 0.5241009012123945 0
1590715077072 0.6013853018265438 0
1590715616772 0.5199103738426664 0
1590716156300 0.5758504375297241 0
1590716694734 0.5942954161368165 0
1590717233914 0.6211151147434713 0
1590717772931 0.6219653610949498 0
1590718313781 0.5806840102049289 0
1590718853313 0.6680666837261522 0
1590719393698 0.6885820600278092 0
1590719933386 0.6422852233173129 0
1590720473180 0.6542644893004141 0
1590721013139 0.6548812767856367 0
1590721553172 0.6478862893198216 0
1590722093310 0.6926854628310332 0
1590722634064 0.6866671880904075 0
1590723174526 0.6969085172945912 0
1590723714956 0.6969347270145076 0
1590724255000 0.6972969472053715 0
1590724795638 0.6971612163126863 0
1590725335165 0.7022790883737142 0
1590725875050 0.7014571549767533 0
1590726415714 0.7147301520372266 0
1590726955736 0.7135334398915621 0
1590727493936 0.7171383572511273 0
1590728030841 0.7109285927387626 0
1590728567229 0.7298474641220942 0
1590729103562 0.7150309289523109 0
1590729643004 0.723111999367508 0
