1590711847645 0.1741036564930981 0
1590712387373 0.31954726070433054 0
1590712926100 0.33177983877395106 0
1590713463796 0.331842310228895 0
1590714000591 0.3355608364089029 0
1590714538761 0.34892902016631955 0
1590715077051 0.3482667865615431 0
1590715616749 0.3510069754080295 0
1590716156281 0.35189934253348715 0
1590716694709 0.3522727491938062 0
1590717233888 0.3502710126292555 0
1590717772908 0.3548024501719974 0
1590718313761 0.3573103825076027 0
1590718853289 0.3569112380804351 0
1590719393676 0.3570404282936228 0
1590719933365 0.3590281739347855 0
1590720473159 0.35736146242606837 0
1590721013120 0.3552662036591621 0
1590721553150 0.35798507858366274 0
1590722093290 0.3606591752388038 0
1590722634029 0.36197846813110107 0
1590723174500 0.36077485682272503 0
1590723714924 0.3615389150021601 0
1590724254978 0.3624591251763024 0
1590724795618 0.36308446233928804 0
1590725335141 0.3622410027338685 0
1590725875031 0.36256102458648976 0
1590726415687 0.36397050051211505 0
1590726955713 0.367979163844056 0
1590727493913 0.3648328448476824 0
1590728030819 0.36467367608879153 0
1590728567206 0.36502923627758493 0
1590729103543 0.3652917580105432 0
1590729642985 0.3665070516484139 0
