1590711847673 0.11503890842767156 0
1590712387397 0.3667199277760164 0
1590712926124 0.45373083987206964 0
1590713463820 0.4388552149639213 0
1590714000622 0.5204352728980818 0
1590714538788 0.4921643899223185 0
1590715077076 0.5652044903436569 0
1590715616777 0.490259256048501 0
1590716156304 0.5442696593057808 0
1590716694739 0.5606135811807571 0
1590717233919 0.5898169069771226 0
1590717772935 0.589752633760939 0
1590718313785 0.5547096113308131 0
1590718853318 0.6323362762492544 0
1590719393703 0.6546304242457301 0
1590719933390 0.611399540724639 0
1590720473184 0.6265305444051632 0
1590721013143 0.6218058659866764 0
1590721553176 0.6194275154394636 0
1590722093314 0.6624145216481986 0
1590722634069 0.6573104467757124 0
1590723174531 0.6642849564929284 0
1590723714963 0.6683131105728475 0
1590724255008 0.6693287138305253 0
1590724795643 0.668706729585546 0
1590725335169 0.6740799944137728 0
1590725875055 0.672684327056431 0
1590726415718 0.6866798861882486 0
1590726955740 0.6838838729298629 0
1590727493943 0.6892572860439516 0
1590728030845 0.6843481914667648 0
1590728567233 0.7016003934923667 0
1590729103566 0.6879051213707258 0
1590729643008 0.6948198126639069 0
