1590711847671 0.1336580235621732 0
1590712387395 0.39398445070352606 0
1590712926122 0.48337835108288757 0
1590713463818 0.45933573562638774 0
1590714000620 0.5468102841336473 0
1590714538786 0.5098309641020464 0
1590715077074 0.5855914709996145 0
1590715616774 0.5074691807638542 0
1590716156302 0.5618601746964353 0
1590716694737 0.5798391507003233 0
1590717233916 0.6082185016998329 0
1590717772933 0.6077678589378037 0
1590718313783 0.5700626815549453 0
1590718853315 0.6518819381366895 0
1590719393700 0.6730593335717636 0
1590719933388 0.628468568123804 0
1590720473182 0.6428697979006855 0
1590721013141 0.6405348529720829 0
1590721553174 0.6358964030688247 0
1590722093312 0.6790856211671691 0
1590722634066 0.6731298221101226 0
1590723174528 0.6836237543959172 0
1590723714959 0.6848691341455311 0
1590724255004 0.6848913422466656 0
1590724795641 0.6847320272350105 0
1590725335167 0.6896817690583676 0
1590725875052 0.6893541222111786 0
1590726415716 0.7024692776112473 0
1590726955738 0.7006582802157945 0
1590727493939 0.7054939139312975 0
1590728030843 0.6989846878702453 0
1590728567231 0.7178712183336095 0
1590729103564 0.7030904985677809 0
1590729643006 0.7101770811870729 0
