1590711795090 1.9483790219271624 0
1590712338470 1.0687053940031264 0
1590712878922 0.9622899457260414 0
1590713416371 0.9056702832822446 0
1590713953056 0.8689558524555631 0
1590714490515 0.838188140657213 0
1590715029143 0.8187925223950987 0
1590715568967 0.8055466477076213 0
1590716108003 0.7866255739000109 0
1590716647222 0.7760117303000557 0
1590717185984 0.7712145973134924 0
1590717725482 0.7627648971698903 0
1590718266065 0.7598237323760987 0
1590718805699 0.7492182908234772 0
1590719345996 0.744027467833625 0
1590719886079 0.7349174280519839 0
1590720425632 0.7324031825418825 0
1590720965701 0.7276543019436024 0
1590721505741 0.7214480636737964 0
1590722045839 0.7040206938319736 0
1590722586395 0.7001365290747749 0
1590723126983 0.6976232243467261 0
1590723667139 0.6915023801944874 0
1590724207719 0.6796657524285493 0
1590724748250 0.678021180541427 0
1590725287699 0.6758644371121018 0
1590725827661 0.6770028126239777 0
1590726368353 0.6672068648868137 0
1590726907970 0.6638658052903634 0
1590727447505 0.6613407745184722 0
1590727984192 0.6597874478499095 0
1590728520770 0.6633212646290108 0
1590729057100 0.660292114328455 0
1590729595117 0.6626096159882016 0
