1592806639696 0.5301524379002377 0
1592807056465 0.5691357950918501 0
1592807472975 0.5270625049038491 0
1592807890018 0.6213742264702751 0
1592808306313 0.6334047850483023 0
1592808723867 0.6489348753392293 0
1592809140705 0.6453284017411485 0
1592809560058 0.11857466784791924 0
1592809977171 0.6317140189100758 0
1592810395751 0.6308913793271623 0
1592810813365 0.6556572387482211 0
1592811231388 0.6548660842638081 0
1592811649160 0.6333559548610601 0
1592812068027 0.5812569033145117 0
1592812486075 0.649661880674382 0
1592812905206 0.6547837599526376 0
1592813323584 0.6443904873459971 0
1592813742290 0.6951834070242381 0
1592814160436 0.6551140455989508 0
1592814579414 0.653835005652251 0
1592814997469 0.6649738214976544 0
1592815416541 0.6818364624291664 0
1592815835190 0.6669605674644757 0
1592816254852 0.6578107405851684 0
1592816673996 0.6468468892709223 0
1592817094011 0.6916866375509034 0
1592817512837 0.6721739596687164 0
1592817932997 0.6673178235780601 0
1592818351961 0.6863407482032511 0
1592818772274 0.6820705853140695 0
1592819191337 0.6885877730264652 0
1592819611433 0.6749425215693461 0
1592820030802 0.6958865625781141 0
1592820450963 0.6961332286941583 0
1592820870198 0.679078735361186 0
1592821290533 0.6873623721841218 0
1592821709784 0.6814016818867574 0
1592822129682 0.696348767711636 0
1592822549018 0.6913209227113408 0
1592822969150 0.6933621039454203 0
1592823388630 0.7069777131791006 0
1592823809126 0.7085475098010335 0
1592824228493 0.6945738117530037 0
1592824648992 0.6994687842088897 0
1592825072478 0.6968737836492903 0
1592825492559 0.6964541061268462 0
1592825911626 0.7022648387921396 0
1592826331324 0.6974679440598686 0
1592826750500 0.7013578307121489 0
1592827170655 0.6984806792805124 0
