1592806639682 0.19328236455150516 0
1592807056445 0.2132457711270594 0
1592807472959 0.19298179061956797 0
1592807890005 0.298642374270058 0
1592808306298 0.3692112317630442 0
1592808723849 0.36837326190141556 0
1592809140691 0.3774414947967902 0
1592809560045 0.10684953842944694 0
1592809977154 0.35724098488437656 0
1592810395732 0.3110254928758612 0
1592810813346 0.3687258409207047 0
1592811231374 0.34215074189935446 0
1592811649145 0.35008103897731196 0
1592812068012 0.2780015157169254 0
1592812486061 0.33012208469955057 0
1592812905191 0.33474055383985385 0
1592813323570 0.34435268488216336 0
1592813742272 0.5115685614637335 0
1592814160422 0.34719686860649684 0
1592814579400 0.37894951089518836 0
1592814997455 0.4485856329503633 0
1592815416526 0.44082001647713254 0
1592815835176 0.41798103920950347 0
1592816254837 0.4088566592750142 0
1592816673974 0.3638189782306493 0
1592817093996 0.4356839642175574 0
1592817512823 0.483644252673011 0
1592817932983 0.39907298104905703 0
1592818351947 0.46114099519191337 0
1592818772255 0.39346176994701226 0
1592819191324 0.4570636899270416 0
1592819611419 0.39586274193189835 0
1592820030788 0.47953330416200135 0
1592820450948 0.45944568129553903 0
1592820870184 0.44159320294008925 0
1592821290515 0.43737188367254676 0
1592821709769 0.4282516182316073 0
1592822129668 0.46664448823257004 0
1592822549001 0.4567388679601989 0
1592822969130 0.48989885761668384 0
1592823388614 0.5114997272738473 0
1592823809111 0.535773817432818 0
1592824228478 0.45767546515994406 0
1592824648976 0.48418713832635546 0
1592825072462 0.4783293575814024 0
1592825492545 0.4836005898323812 0
1592825911613 0.49231655645053224 0
1592826331310 0.4893390387472712 0
1592826750485 0.4914110618645259 0
1592827170641 0.4895026410700632 0
