1592806610420 0.21028653616719042 0
1592807032116 0.19389445025014038 0
1592807448330 0.18817562938337062 0
1592807865893 0.18472064389690043 0
1592808282413 0.18203305335767023 0
1592808699966 0.18013415566319482 0
1592809116794 0.17784010964241675 0
1592809534900 0.17865236702208556 0
1592809953186 0.18195716366734854 0
1592810371651 0.17608148090409992 0
1592810789318 0.17494701085523034 0
1592811207403 0.17345999134352585 0
1592811625164 0.17200890663889254 0
1592812043788 0.1704253309432145 0
1592812461936 0.16892196343137275 0
1592812881037 0.1678541064149787 0
1592813299562 0.1673668772169865 0
1592813718473 0.16551650642072524 0
1592814136294 0.16512510600858732 0
1592814555336 0.16286911348101474 0
1592814973464 0.16368753326029262 0
1592815392646 0.16150318146202366 0
1592815811177 0.16042150605835903 0
1592816230759 0.15951702661192987 0
1592816649831 0.15821891227357032 0
1592817069963 0.15762341217670392 0
1592817488956 0.15573618228849898 0
1592817908957 0.15581482579410827 0
1592818327955 0.154770291872529 0
1592818748189 0.152778704298815 0
1592819167278 0.15292456211236022 0
1592819587309 0.15165059837120906 0
1592820006806 0.15071015412771432 0
1592820426946 0.14886099633101552 0
1592820846129 0.14899171669251973 0
1592821266390 0.14797968047692134 0
1592821685933 0.14745495016088414 0
1592822105883 0.14678190194389382 0
1592822525061 0.14513858216779507 0
1592822945169 0.1442769586814741 0
1592823364531 0.14425255181807414 0
1592823785208 0.14418854371126114 0
1592824204526 0.1431598018488896 0
1592824625051 0.14300815051688956 0
1592825048471 0.14307465931630556 0
1592825468615 0.1421890559252023 0
1592825887708 0.14135199107736424 0
1592826307406 0.141455599301558 0
1592826726500 0.14145005209094633 0
1592827146767 0.14126112148803788 0
