1590756251088 0.4972778468159265 0
1590756664562 0.5774331260821701 0
1590757077468 0.4772396715605027 0
1590757491061 0.6597425205855804 0
1590757903791 0.6812321005442027 0
1590758317115 0.6555606042232461 0
1590758729400 0.7079005743235612 0
1590759141896 0.7023889612742807 0
1590759554395 0.7089006056281744 0
1590759967278 0.6635615225231001 0
1590760380313 0.6849877337131495 0
1590760793314 0.710625917840258 0
1590761205669 0.7340493078809821 0
1590761618817 0.7160348995401459 0
1590762032055 0.7360794414521498 0
1590762445482 0.7274067538662046 0
1590762858254 0.715676200342717 0
1590763271582 0.6935834367331275 0
1590763685011 0.73866122959791 0
1590764099271 0.7325534371888094 0
1590764513486 0.7248619353934909 0
1590764928079 0.7434187760719657 0
1590765341739 0.7355989935258456 0
1590765757632 0.7311736550561939 0
1590766171015 0.7419123548055345 0
1590766585296 0.7311736397569563 0
1590766999342 0.7516912785511545 0
1590767413627 0.7390402265062651 0
1590767827768 0.7518293880482891 0
1590768242597 0.7396033448858752 0
1590768657321 0.7492553991012273 0
1590769071653 0.7463304182732642 0
1590769485924 0.755013371892441 0
1590769900857 0.7567921660939178 0
1590770315585 0.7584306138701957 0
1590770732000 0.7506574183969028 0
1590771146722 0.7480745624500202 0
1590771561764 0.7507901903858339 0
1590771978157 0.7401642960331379 0
1590772393579 0.7559393221909527 0
1590772808458 0.7621689353246646 0
1590773224649 0.7568999380053554 0
1590773639226 0.7623338318599595 0
1590774054951 0.7544816756074101 0
1590774470377 0.7582173044727242 0
1590774886331 0.7670306897481861 0
1590775302298 0.7600037461271638 0
1590775718256 0.7633673841883475 0
1590776133360 0.7562138436806476 0
1590776548802 0.761453447426998 0
1590776958387 0.7637016318531129 0
