1590756251082 0.54515901152722 0
1590756664554 0.6383133796124182 0
1590757077462 0.5348933449560683 0
1590757491054 0.7089417042317554 0
1590757903778 0.7321933512246362 0
1590758317105 0.7173774286672497 0
1590758729394 0.7647338044685013 0
1590759141887 0.7524348268010893 0
1590759554389 0.7582686831925302 0
1590759967272 0.71986059971055 0
1590760380307 0.7451417808299855 0
1590760793308 0.7700725218818788 0
1590761205664 0.7906692476971168 0
1590761618812 0.7678476616176343 0
1590762032050 0.7908077666584584 0
1590762445476 0.7846816443207038 0
1590762858248 0.7667495007425748 0
1590763271576 0.7512841604970628 0
1590763685003 0.7990829962943097 0
1590764099265 0.7843083895663475 0
1590764513475 0.7762132028011179 0
1590764928073 0.7963310979821303 0
1590765341732 0.7920145977621906 0
1590765757627 0.7806285462778321 0
1590766171005 0.7985119857187287 0
1590766585290 0.7843778950101578 0
1590766999336 0.8044050459362716 0
1590767413622 0.7931243694146535 0
1590767827762 0.8075571135942459 0
1590768242591 0.7914987046130993 0
1590768657316 0.806427113658065 0
1590769071646 0.8010082278366815 0
1590769485913 0.8123704243855245 0
1590769900851 0.8120514938914711 0
1590770315576 0.8128460258336325 0
1590770731993 0.8059178714648623 0
1590771146713 0.8038935376518165 0
1590771561759 0.8085290340945134 0
1590771978150 0.7967052469268006 0
1590772393571 0.8141483527336998 0
1590772808451 0.8174471426991211 0
1590773224641 0.8099121841570095 0
1590773639220 0.817778861432863 0
1590774054941 0.8088592378765294 0
1590774470370 0.8136313475084183 0
1590774886318 0.8219348547466782 0
1590775302293 0.8144440736355009 0
1590775718250 0.8198071663868868 0
1590776133355 0.8108226559108649 0
1590776548795 0.8172635248857518 0
1590776958381 0.8192663480997774 0
