1590756251086 0.5177301105439184 0
1590756664559 0.6044927318157354 0
1590757077466 0.5012653633562453 0
1590757491059 0.6822539801160896 0
1590757903786 0.7038223545454637 0
1590758317113 0.6837962077696773 0
1590758729398 0.7347564347755902 0
1590759141893 0.7249641951974437 0
1590759554393 0.7315174280154041 0
1590759967277 0.689399319560142 0
1590760380311 0.7122843113581394 0
1590760793312 0.7374368585634333 0
1590761205667 0.7610272850492319 0
1590761618815 0.7410455117352724 0
1590762032053 0.7623809544190786 0
1590762445480 0.7540648979113351 0
1590762858252 0.7410047235211319 0
1590763271580 0.7201531230231888 0
1590763685009 0.7674043454734361 0
1590764099269 0.7570834350755946 0
1590764513481 0.7490068578779153 0
1590764928077 0.7694061939627058 0
1590765341737 0.7636338520074665 0
1590765757630 0.7550912653847252 0
1590766171012 0.769780553217883 0
1590766585294 0.7563662388201462 0
1590766999340 0.7765341264552301 0
1590767413626 0.7659497618857593 0
1590767827766 0.7793096211581183 0
1590768242595 0.764247771960972 0
1590768657319 0.7770337263853029 0
1590769071651 0.7726080942059493 0
1590769485920 0.7829399288100084 0
1590769900855 0.7838996074634362 0
1590770315582 0.7848575320399228 0
1590770731998 0.7772147318554614 0
1590771146719 0.7746104217514033 0
1590771561763 0.7783565065998619 0
1590771978155 0.7669720033485501 0
1590772393576 0.7841180063723837 0
1590772808456 0.7893134769028748 0
1590773224646 0.7822279868753375 0
1590773639224 0.7894606751934587 0
1590774054948 0.7813506199060021 0
1590774470375 0.7853377027457398 0
1590774886327 0.7933909988462035 0
1590775302296 0.7868462077355357 0
1590775718254 0.7917318907451146 0
1590776133358 0.7830345099525271 0
1590776548800 0.7880332928646896 0
1590776958385 0.790014068037811 0
