1590756251076 0.5647692704413874 0
1590756664549 0.659803253135698 0
1590757077458 0.5562326308758591 0
1590757491048 0.7261518147736078 0
1590757903774 0.7489503422922352 0
1590758317100 0.7422462388146434 0
1590758729388 0.7811024019008047 0
1590759141882 0.7712468542047614 0
1590759554385 0.7751028745749009 0
1590759967268 0.7365876027682215 0
1590760380303 0.7649278607939838 0
1590760793303 0.7888207661554865 0
1590761205660 0.8085499319919691 0
1590761618808 0.782967194334318 0
1590762032046 0.8069777380829557 0
1590762445471 0.8031849301493865 0
1590762858242 0.7829686392051554 0
1590763271572 0.7690822273705623 0
1590763684998 0.816600403276894 0
1590764099260 0.8009052542913687 0
1590764513469 0.7931522932220434 0
1590764928067 0.8128997988798073 0
1590765341728 0.8090170237823534 0
1590765757623 0.7954943541254397 0
1590766171000 0.815198840608302 0
1590766585284 0.8010598559843928 0
1590766999332 0.82055175263288 0
1590767413618 0.809855305914347 0
1590767827758 0.8239304925132114 0
1590768242588 0.8070690955268072 0
1590768657312 0.8227068927670259 0
1590769071641 0.8171842287490572 0
1590769485907 0.8287863255665426 0
1590769900847 0.8276452832026941 0
1590770315571 0.8281518642996093 0
1590770731989 0.8224622353285967 0
1590771146708 0.8200747670476461 0
1590771561754 0.8267138317996318 0
1590771978146 0.8131035758211305 0
1590772393567 0.8317371850091534 0
1590772808447 0.8336927593873863 0
1590773224637 0.8253871400759214 0
1590773639216 0.8335628502710588 0
1590774054937 0.8249147185256894 0
1590774470365 0.8310060950016529 0
1590774886309 0.8383180239464411 0
1590775302289 0.8306875749474304 0
1590775718246 0.8362621937537495 0
1590776133350 0.8266889027403849 0
1590776548788 0.8330537457106746 0
1590776958377 0.8353910929128135 0
