1590756134045 0.1545982081503744 0
1590756551939 0.1460278555993537 0
1590756964128 0.14386530380683923 0
1590757378342 0.14203855764205758 0
1590757791188 0.1414614603748539 0
1590758204958 0.13929379921928292 0
1590758617064 0.1387187668428747 0
1590759030138 0.13800265712827348 0
1590759441963 0.13794889451529382 0
1590759855035 0.137214379269836 0
1590760267857 0.13390332025988483 0
1590760681320 0.13389103495628127 0
1590761093308 0.1331878439417103 0
1590761506818 0.13288555502988617 0
1590761919787 0.13276007868567974 0
1590762333393 0.13216104581709406 0
1590762746021 0.13138423886768982 0
1590763159151 0.13129562588487464 0
1590763572854 0.13111224743850067 0
1590763986629 0.13098753129620505 0
1590764401083 0.12942339152291854 0
1590764815668 0.1284600025959046 0
1590765229334 0.12799336273429449 0
1590765645126 0.12798543097238976 0
1590766058673 0.12726064101589618 0
1590766472500 0.1271272819816872 0
1590766886789 0.12666103015699293 0
1590767301200 0.12646002392815456 0
1590767715244 0.12631067706435822 0
1590768129958 0.12627176651640123 0
1590768544453 0.12553134223246032 0
1590768959177 0.12492286103264905 0
1590769373408 0.12487091922507612 0
1590769788095 0.12434990716194097 0
1590770202955 0.12440522447082818 0
1590770618889 0.12415503115918039 0
1590771034240 0.12406023628160309 0
1590771449196 0.12372232745447066 0
1590771865580 0.12357159582624995 0
1590772280952 0.12368199416111657 0
1590772695836 0.12330384897098479 0
1590773111836 0.12325870903384802 0
1590773526539 0.12249894903711853 0
1590773942255 0.12264061631810781 0
1590774357795 0.12193698965085834 0
1590774773566 0.12261544801416148 0
1590775189364 0.12194676799183948 0
1590775605480 0.12191295254890616 0
1590776020526 0.12266975602420223 0
1590776436668 0.12178419554660685 0
1590776846838 0.121721243868045 0
