1595750020580 0.617259815340787 0
1595752284029 0.653870964702325 0
1595754552841 0.6480283813012987 0
1595756821338 0.611888281075751 0
1595759093760 0.481646268997079 0
1595761349138 0.66897930730746 0
1595763608472 0.6689659917751118 0
1595765861486 0.6518159936706738 0
1595768089813 0.6757422055269406 0
1595770323990 0.6953259057881643 0
1595772545263 0.6768675166407617 0
1595774762105 0.6890824607990201 0
1595776997472 0.7019556735950442 0
1595779235363 0.6894292876236429 0
1595781463636 0.6909554211988661 0
1595783694810 0.7057134394524353 0
1595785686840 0.6892895547228916 0
1595787494247 0.7025307753925165 0
1595789292799 0.6947599946394204 0
1595791100022 0.7085643058254151 0
1595792901733 0.706085234938195 0
1595794707044 0.7095443761939088 0
1595796507209 0.7089070941099436 0
1595798313162 0.7021852679915556 0
1595800111481 0.6974314181691028 0
1595801919599 0.6956859350075343 0
1595803706044 0.7071639189947087 0
1595805504080 0.7108043578015614 0
1595807310506 0.7015019262116503 0
1595809110191 0.7119319338012106 0
1595810913510 0.7096448846223937 0
1595812699085 0.7087851918321647 0
1595814490601 0.7022986138003876 0
1595816289378 0.6957511249531119 0
1595818083430 0.6979930523255761 0
1595819870691 0.7016419148404224 0
1595821676514 0.7142800114475594 0
1595823502269 0.7000079141298281 0
1595825611141 0.6922424890060437 0
