1595750020576 0.6354968800772683 0
1595752284022 0.6733208630358316 0
1595754552837 0.6690793584996628 0
1595756821334 0.6301884235257496 0
1595759093748 0.4997484117592485 0
1595761349128 0.6869364857374682 0
1595763608459 0.6861113590360556 0
1595765861475 0.6683385730414003 0
1595768089806 0.6927235170448693 0
1595770323987 0.7146581981590713 0
1595772545260 0.69596077247649 0
1595774762098 0.7083302978359662 0
1595776997470 0.7225437697899177 0
1595779235351 0.7081096729546624 0
1595781463629 0.7097977462236346 0
1595783694808 0.72344229960081 0
1595785686832 0.7074257146079058 0
1595787494243 0.721288986663502 0
1595789292795 0.7134952088613967 0
1595791100018 0.7277626122170141 0
1595792901729 0.7249130856980186 0
1595794707042 0.7283202742193113 0
1595796507206 0.7280082195953854 0
1595798313155 0.7206845903596966 0
1595800111478 0.7144822553217531 0
1595801919592 0.7134983676857901 0
1595803706041 0.7264744431844613 0
1595805504078 0.729365746100525 0
1595807310498 0.7200106499102958 0
1595809110184 0.7324104496013965 0
1595810913503 0.7274715211498173 0
1595812699083 0.7277868660709756 0
1595814490599 0.7203044186659625 0
1595816289375 0.713123096264284 0
1595818083423 0.7173503809644856 0
1595819870687 0.7209325968562269 0
1595821676511 0.7335639561161444 0
1595823502265 0.7186950755934528 0
1595825611133 0.7112911658406417 0
