1595750020578 0.6289935667758133 0
1595752284025 0.666094458592552 0
1595754552839 0.6604359638491865 0
1595756821336 0.6225198427323446 0
1595759093752 0.49084790213240975 0
1595761349133 0.6790649057055518 0
1595763608465 0.6788740763331768 0
1595765861482 0.6611754982414559 0
1595768089809 0.6856959494394228 0
1595770323988 0.7064812250648375 0
1595772545261 0.688214035077189 0
1595774762102 0.7003974025300328 0
1595776997471 0.7145797639700361 0
1595779235355 0.700738562705759 0
1595781463632 0.700692923585496 0
1595783694809 0.7164121395833533 0
1595785686836 0.6995006477918196 0
1595787494245 0.7134966146275374 0
1595789292797 0.7053819126458949 0
1595791100020 0.7191502826951409 0
1595792901731 0.7169875072562499 0
1595794707043 0.720592967451631 0
1595796507208 0.7195105025782228 0
1595798313158 0.7128738866642448 0
1595800111480 0.7074246497393729 0
1595801919595 0.7058196278309893 0
1595803706043 0.718975661367274 0
1595805504079 0.722120858720662 0
1595807310502 0.7121198099560136 0
1595809110187 0.7238564234826428 0
1595810913506 0.7199945183905704 0
1595812699084 0.7193067080632468 0
1595814490600 0.712161978331176 0
1595816289376 0.7063347519810251 0
1595818083426 0.7078050125554404 0
1595819870689 0.712065408913105 0
1595821676512 0.7254339544266567 0
1595823502267 0.7109516660929819 0
1595825611137 0.7029569087874994 0
