1595750020571 0.3502050772995558 0
1595752284013 0.34822278836207476 0
1595754552832 0.3483257931367015 0
1595756821329 0.3401695127062316 0
1595759093731 0.3049602868052195 0
1595761349121 0.35088296268821634 0
1595763608449 0.350922756669619 0
1595765861467 0.35161757335949756 0
1595768089798 0.3506791798044135 0
1595770323981 0.35128473124772297 0
1595772545254 0.3508442744782932 0
1595774762087 0.3512539762968316 0
1595776997466 0.35112364502452814 0
1595779235339 0.35122260790123816 0
1595781463622 0.3508492643629371 0
1595783694804 0.35102264973781766 0
1595785686825 0.3508308184490448 0
1595787494238 0.35129933433736077 0
1595789292790 0.35120517996861783 0
1595791100012 0.3515360210846372 0
1595792901723 0.3517745492162209 0
1595794707038 0.3516881992195799 0
1595796507201 0.3515485717358102 0
1595798313148 0.35086513831624555 0
1595800111474 0.350882629582608 0
1595801919585 0.35157993760611506 0
1595803706038 0.3510684124312544 0
1595805504074 0.35172079436326126 0
1595807310493 0.351521205662189 0
1595809110176 0.35132564746761014 0
1595810913496 0.3512726177580749 0
1595812699080 0.35205144697721025 0
1595814490596 0.3510898761454055 0
1595816289371 0.3513353968997605 0
1595818083416 0.3516245446307003 0
1595819870682 0.3507885336592273 0
1595821676505 0.35109123493944794 0
1595823502259 0.3513874513570347 0
1595825611125 0.35067918048959373 0
