1595750020582 0.6041628446756663 0
1595752284033 0.6371250354992429 0
1595754552843 0.6286568574575521 0
1595756821340 0.5948977372533114 0
1595759093763 0.4671226714402344 0
1595761349143 0.6537094538024436 0
1595763608477 0.6535892139122615 0
1595765861489 0.6367129438435645 0
1595768089817 0.6602653228039519 0
1595770323992 0.6798095976949463 0
1595772545265 0.660878697123251 0
1595774762109 0.6718901850109623 0
1595776997473 0.6855199331741448 0
1595779235366 0.6732419553339006 0
1595781463639 0.67377343355371 0
1595783694811 0.6897384726612416 0
1595785686843 0.675299932090012 0
1595787494248 0.6867811897261685 0
1595789292801 0.6788746066686127 0
1595791100023 0.6932056388636428 0
1595792901734 0.6915099608339835 0
1595794707045 0.6950492818163544 0
1595796507211 0.6927961735916263 0
1595798313165 0.6858726251887706 0
1595800111483 0.6814268706164931 0
1595801919602 0.679964733730185 0
1595803706045 0.690854007576442 0
1595805504081 0.694719631755162 0
1595807310510 0.686116930179236 0
1595809110194 0.6955636869799673 0
1595810913514 0.6927018530532822 0
1595812699086 0.692713900959035 0
1595814490603 0.6870451678302472 0
1595816289379 0.6804623030831333 0
1595818083433 0.6821091828461321 0
1595819870693 0.6856087979270237 0
1595821676516 0.6983098058607601 0
1595823502271 0.6848722012144515 0
1595825611145 0.675941269740437 0
