1595750020562 0.35565717111024575 0
1595752284003 0.3541903582563654 0
1595754552822 0.3551319053674028 0
1595756821319 0.3476095746968084 0
1595759093722 0.3135311636616669 0
1595761349085 0.35579843900419145 0
1595763608440 0.35586872360720445 0
1595765861458 0.35663279102420137 0
1595768089789 0.3560834737935336 0
1595770323966 0.35635617162253225 0
1595772545244 0.35579350160707374 0
1595774762077 0.3561946570656016 0
1595776997461 0.3557787723652711 0
1595779235330 0.35607901976338674 0
1595781463613 0.3559733815305142 0
1595783694798 0.35611411911591023 0
1595785686816 0.3556046520995146 0
1595787494228 0.35585200597173566 0
1595789292780 0.35588066971320914 0
1595791100004 0.35607977911836064 0
1595792901715 0.3564303600296578 0
1595794707033 0.356426501444434 0
1595796507191 0.35619800139120705 0
1595798313139 0.3557855644428268 0
1595800111468 0.3555412138847673 0
1595801919576 0.356158986510598 0
1595803706030 0.35576443459477586 0
1595805504069 0.356325351210708 0
1595807310483 0.35611020149995004 0
1595809110167 0.35586072803820534 0
1595810913486 0.35592696986675926 0
1595812699075 0.35654753774374703 0
1595814490591 0.35568793795669007 0
1595816289366 0.35602593723262643 0
1595818083407 0.3560838112523992 0
1595819870673 0.3555653949052173 0
1595821676496 0.35596156152749114 0
1595823502251 0.35626305989342255 0
1595825611116 0.355656857200004 0
