1595750020559 0.3571222932551827 0
1595752284000 0.3557104159524178 0
1595754552820 0.35661256231416844 0
1595756821317 0.3501779557635556 0
1595759093720 0.31717175692016836 0
1595761349083 0.3569795323630936 0
1595763608438 0.3568200099759987 0
1595765861456 0.3576682372278185 0
1595768089787 0.35729696582397974 0
1595770323965 0.35739072165237756 0
1595772545242 0.35719477933254024 0
1595774762075 0.3572360731794406 0
1595776997460 0.35700352783423456 0
1595779235328 0.3572433312492065 0
1595781463611 0.357066997712411 0
1595783694797 0.3573842239040593 0
1595785686814 0.35680261480774955 0
1595787494226 0.3571456666069596 0
1595789292779 0.3570847030406412 0
1595791100002 0.3574083281537669 0
1595792901713 0.3576463084814004 0
1595794707032 0.3576478091771918 0
1595796507189 0.3574993864689601 0
1595798313137 0.356723246861488 0
1595800111467 0.3567194928113553 0
1595801919574 0.3573113201035098 0
1595803706028 0.35700234520131374 0
1595805504068 0.35742960067571683 0
1595807310481 0.357305258901671 0
1595809110166 0.3569044044492096 0
1595810913484 0.3570448462075247 0
1595812699074 0.35777239012209877 0
1595814490589 0.35708044613533185 0
1595816289365 0.35711837691580406 0
1595818083405 0.3574754542700714 0
1595819870671 0.3570856384920865 0
1595821676494 0.3570669005410803 0
1595823502249 0.3573502549093106 0
1595825611114 0.35687813318031947 0
