1595236127283 0.7817873532400738 0
1595237211884 0.7951915230016561 0
1595238651166 0.7955534906571824 0
1595240087337 0.8186680193060315 0
1595241491397 0.8257175405049281 0
1595242919033 0.8159410771483359 0
1595244334264 0.8149188225807493 0
1595245738812 0.8291628793257795 0
1595247143140 0.8350687243328458 0
1595248545185 0.825224982465912 0
1595249946864 0.823729901003525 0
1595251345005 0.8344282914868971 0
1595252714142 0.8312624156819299 0
1595254115535 0.8319027722170156 0
1595255506991 0.8354713796538936 0
1595256919475 0.8357674863087811 0
1595258329883 0.8353512417503475 0
1595259751847 0.8382968107268649 0
1595261166519 0.8338561364033686 0
1595262580224 0.8380115471730513 0
1595264004513 0.836040159346481 0
1595265429707 0.8373844695987479 0
1595266854227 0.8341778744043601 0
1595268261921 0.8345605069911691 0
1595269681069 0.8386473650813349 0
1595271108350 0.8364566529323753 0
1595272527738 0.8346966425706072 0
1595273947157 0.8372084687701794 0
1595275359681 0.8373869539735267 0
1595276791418 0.8371369776330142 0
1595278204848 0.8379576561294854 0
1595279621811 0.8376693842004101 0
1595281032214 0.8373990960921875 0
1595282450968 0.8372816859060052 0
1595283864355 0.8351717481856417 0
1595285267129 0.8353499060379788 0
1595286680282 0.8366480688521287 0
1595288089183 0.8364629786052155 0
1595289492578 0.8357778581951082 0
1595290884626 0.8361500459805867 0
1595292280204 0.8361354550429015 0
1595293687853 0.8357993347076569 0
1595295079649 0.8359649521974837 0
1595296486760 0.8356889609777579 0
1595297902845 0.8360803979876673 0
1595299317449 0.8360891194161127 0
1595300744821 0.8369448769202648 0
1595302161037 0.8365801051053574 0
1595303585884 0.8369946235771897 0
1595305009485 0.8372043634653129 0
1595306440807 0.8369171872739907 0
1595307861790 0.8367051717531527 0
1595309270386 0.8368779511990798 0
1595310689037 0.8373377833120897 0
1595312108377 0.8370090127721327 0
