1595236127276 0.8016195006859472 0
1595237211801 0.8164588925117916 0
1595238651043 0.8167773256378067 0
1595240087237 0.8379358408192363 0
1595241491283 0.8447464117257719 0
1595242918997 0.8362717251923159 0
1595244334147 0.8347747280036557 0
1595245738754 0.8476586255445941 0
1595247143115 0.8540052281909387 0
1595248545095 0.8455842303503573 0
1595249946760 0.8435194924710658 0
1595251344953 0.8533173455486903 0
1595252714096 0.8508661738154049 0
1595254115498 0.8514969457142088 0
1595255506954 0.8547144850924571 0
1595256919432 0.8553581437695822 0
1595258329834 0.854406938720749 0
1595259751808 0.8571264678261133 0
1595261166484 0.853033014385919 0
1595262580177 0.857475716294112 0
1595264004473 0.855429270704304 0
1595265429686 0.8572208814435373 0
1595266854214 0.8541702111958207 0
1595268261884 0.8538135146828644 0
1595269681037 0.8582991685643794 0
1595271108302 0.856137825475499 0
1595272527681 0.8540942191849894 0
1595273947118 0.8562973687839888 0
1595275359669 0.8571987035357547 0
1595276791395 0.8566972306628947 0
1595278204807 0.8572892683351584 0
1595279621800 0.8572282761248236 0
1595281032154 0.8567106995532826 0
1595282450908 0.8568875460440412 0
1595283864343 0.8550749904968913 0
1595285267058 0.8551195695312399 0
1595286680241 0.856618994812564 0
1595288089075 0.8562941034843995 0
1595289492535 0.8556508814546645 0
1595290884549 0.8559445954078706 0
1595292280113 0.8559470402568409 0
1595293687788 0.8554679931353381 0
1595295079567 0.8556154960251628 0
1595296486640 0.8554751611924734 0
1595297902822 0.8556523807583445 0
1595299317409 0.855769288833955 0
1595300744769 0.8567617681662416 0
1595302160950 0.8563775655146654 0
1595303585862 0.8565633401956427 0
1595305009460 0.8568269545901737 0
1595306440781 0.8567304184541304 0
1595307861691 0.856582671150786 0
1595309270274 0.8567268912553746 0
1595310689001 0.8571891958635617 0
1595312108320 0.8568905603198105 0
