1595236127278 0.7819749584075995 0
1595237211837 0.7952096735546106 0
1595238651085 0.7960241172907097 0
1595240087274 0.8185577784431151 0
1595241491336 0.825817317457825 0
1595242919011 0.8164798990753885 0
1595244334194 0.8159099352252005 0
1595245738778 0.8297328653402328 0
1595247143126 0.8350616254549051 0
1595248545106 0.8256585777452179 0
1595249946813 0.8241033743768511 0
1595251344968 0.8345705552394993 0
1595252714122 0.8314705130660967 0
1595254115513 0.8316937339346018 0
1595255506969 0.8355130676446988 0
1595256919446 0.8360539250600871 0
1595258329855 0.8361307692556633 0
1595259751822 0.8385915574973068 0
1595261166498 0.8339247331233669 0
1595262580192 0.8384207521909087 0
1595264004487 0.8363884834072606 0
1595265429691 0.8378288151885828 0
1595266854219 0.8338246825788121 0
1595268261903 0.8347801362540931 0
1595269681050 0.838675886492265 0
1595271108325 0.8361274433861192 0
1595272527704 0.8344103578010743 0
1595273947133 0.8372312580738235 0
1595275359674 0.8374296398958484 0
1595276791404 0.8370374873472268 0
1595278204837 0.8382522672465866 0
1595279621804 0.8379606564421828 0
1595281032159 0.8377221978831254 0
1595282450929 0.8374935916501953 0
1595283864348 0.8352371611272253 0
1595285267083 0.8352232636341971 0
1595286680258 0.836936103496091 0
1595288089109 0.8367500653154212 0
1595289492555 0.8358580958848812 0
1595290884571 0.8361882223415635 0
1595292280148 0.8361107029982258 0
1595293687796 0.8358666191846044 0
1595295079597 0.8361496886146031 0
1595296486697 0.8360985590360136 0
1595297902831 0.8365943130192977 0
1595299317420 0.8365036445634855 0
1595300744790 0.8370229118532644 0
1595302160983 0.837082164486342 0
1595303585871 0.8373301055339551 0
1595305009472 0.8373364028871378 0
1595306440791 0.8371962668549009 0
1595307861700 0.8368706639713852 0
1595309270330 0.836936685248277 0
1595310689014 0.8377256727986464 0
1595312108335 0.8370877258495472 0
