1595236127280 0.7655893378378117 0
1595237211862 0.7777609774387815 0
1595238651090 0.7781037161338913 0
1595240087303 0.8028337980025778 0
1595241491360 0.8104065755659348 0
1595242919019 0.7996535145970858 0
1595244334197 0.7984692974933332 0
1595245738789 0.8142416294959356 0
1595247143131 0.8188086456597812 0
1595248545169 0.8087603687728047 0
1595249946830 0.8074594627998587 0
1595251344986 0.8188204424073487 0
1595252714132 0.8149870766286498 0
1595254115521 0.8160513996142688 0
1595255506976 0.8194138381553027 0
1595256919456 0.819800552865066 0
1595258329861 0.8201922087326051 0
1595259751831 0.8233632967186905 0
1595261166509 0.8188137571080393 0
1595262580207 0.8218466248599106 0
1595264004494 0.8205263167578201 0
1595265429697 0.8207695900790845 0
1595266854222 0.8179450511161721 0
1595268261911 0.8190055911798525 0
1595269681052 0.8223200776323871 0
1595271108333 0.8204177515756069 0
1595272527715 0.8187051636962335 0
1595273947141 0.8213850942759349 0
1595275359676 0.820792073114892 0
1595276791408 0.8216027693508782 0
1595278204841 0.8219372410271383 0
1595279621807 0.8211556082355979 0
1595281032192 0.8212758122045808 0
1595282450940 0.8208930720150546 0
1595283864351 0.8186885610104312 0
1595285267110 0.8190001591452297 0
1595286680266 0.8199434784519379 0
1595288089122 0.8198015023290114 0
1595289492557 0.8187230666471139 0
1595290884585 0.8195543632806568 0
1595292280151 0.8195646998398379 0
1595293687822 0.8189825623918093 0
1595295079615 0.8195991215533814 0
1595296486735 0.818771032863338 0
1595297902835 0.8193179804939311 0
1595299317423 0.8194828959489072 0
1595300744802 0.8201650850052514 0
1595302161016 0.8196618471357754 0
1595303585875 0.8203043848583268 0
1595305009476 0.8204200432806807 0
1595306440796 0.8202067122382645 0
1595307861759 0.8198467947094427 0
1595309270351 0.8199365540636494 0
1595310689024 0.8206261732173004 0
1595312108354 0.8198899567979482 0
