1595236127271 0.5531129480703942 0
1595237211736 0.573464283783651 0
1595238650997 0.5855061187851451 0
1595240087112 0.6022373385821487 0
1595241491240 0.6048329982385656 0
1595242918954 0.5972144841506166 0
1595244334065 0.6047738229071559 0
1595245738718 0.631164569847136 0
1595247143100 0.620709051182992 0
1595248545082 0.6284940913428667 0
1595249946691 0.6350041349288172 0
1595251344932 0.647751044256824 0
1595252714066 0.6353010533185112 0
1595254115477 0.6244648171800433 0
1595255506931 0.627544429056929 0
1595256919399 0.6370139020391987 0
1595258329810 0.6448587983681046 0
1595259751783 0.6483396752386181 0
1595261166469 0.6435069660974502 0
1595262580127 0.6572686491042984 0
1595264004459 0.6562933627599661 0
1595265429665 0.65841481571489 0
1595266854207 0.6558729754333197 0
1595268261845 0.6595905043683097 0
1595269681019 0.6617493480979069 0
1595271108286 0.6562879575337544 0
1595272527657 0.6526235308521681 0
1595273947098 0.6594147246571646 0
1595275359654 0.6584666971369049 0
1595276791379 0.6599800318321075 0
1595278204765 0.659053921324058 0
1595279621793 0.659380098379341 0
1595281032134 0.657485504111179 0
1595282450876 0.6600561812893055 0
1595283864336 0.6545871302787801 0
1595285267028 0.6589232181760312 0
1595286680213 0.6560996283042205 0
1595288088994 0.6575816282901786 0
1595289492520 0.6566540901945941 0
1595290884506 0.6535853143527361 0
1595292280060 0.6589679978737081 0
1595293687753 0.6576380298378746 0
1595295079523 0.6560787244923716 0
1595296486560 0.6547881633515846 0
1595297902807 0.6592779390818428 0
1595299317392 0.6609847281922298 0
1595300744737 0.655628407408712 0
1595302160906 0.6558383258398035 0
1595303585847 0.6555033265731532 0
1595305009444 0.6569386184264636 0
1595306440765 0.657324454749619 0
1595307861676 0.6553197355982403 0
1595309270214 0.6558234578231549 0
1595310688983 0.6567890785093233 0
1595312108296 0.656372594699168 0
