1595235967165 0.15529317528772316 0
1595236729612 0.11062041296939727 0
1595238166093 0.09958061459147419 0
1595239614738 0.09345110859198943 0
1595241057809 0.08871213901360403 0
1595242486396 0.0852410293143461 0
1595243914835 0.0827563681626657 0
1595245322827 0.08092485382402366 0
1595246748464 0.078838464237202 0
1595248168036 0.07584456047835328 0
1595249585046 0.07443374442128875 0
1595251004845 0.07276459709563524 0
1595252403925 0.071246593333104 0
1595253810505 0.06723870885497671 0
1595255218959 0.06534542325764131 0
1595256621975 0.06579211435929051 0
1595258008937 0.0656183126927019 0
1595259420384 0.06328661508879738 0
1595260817480 0.06337936296613009 0
1595262213554 0.06106808726175155 0
1595263612341 0.06143003663557261 0
1595265037235 0.060883546536088504 0
1595266442653 0.06181676635225661 0
1595267843376 0.05942983111915733 0
1595269253294 0.06037017693827706 0
1595270665997 0.05826795720291485 0
1595272095932 0.059204011822533105 0
1595273509523 0.05904642649842418 0
1595274927401 0.05830350789317629 0
1595276349461 0.057288813575468556 0
1595277759536 0.05969714458599613 0
1595279189150 0.058118566797821666 0
1595280598339 0.05737144974907083 0
1595282011438 0.05860531221210809 0
1595283435390 0.058162259383620823 0
1595284849041 0.05735257101298289 0
1595286278936 0.057612585632513494 0
1595287698118 0.05745643259639045 0
1595289111658 0.05752742990296146 0
1595290529673 0.05714923200373631 0
1595291932254 0.057008616973105344 0
1595293343880 0.05684070727533355 0
1595294757058 0.057083552583481446 0
1595296151817 0.05675295693030801 0
1595297555627 0.056839275455700645 0
1595298954942 0.057514930557318086 0
1595300368401 0.05666081039857929 0
1595301763539 0.057707205742772924 0
1595303178331 0.0567112367563288 0
1595304587742 0.057836829830602454 0
1595306006619 0.05675343439847379 0
1595307412028 0.05623467263944822 0
1595308818791 0.058392557681981906 0
1595310237861 0.057631806428348115 0
1595311660275 0.05702642306745434 0
