1595235967164 0.2562007660909097 0
1595236729610 0.2290000083351017 0
1595238166090 0.222587849843315 0
1595239614736 0.2181682662406212 0
1595241057807 0.21373566094875138 0
1595242486394 0.21158369956038198 0
1595243914831 0.20975702746312153 0
1595245322825 0.2078995215656539 0
1595246748462 0.20638166283104264 0
1595248168033 0.20369192711781314 0
1595249585044 0.20123621339669018 0
1595251004842 0.20075297583291396 0
1595252403923 0.19908162481424535 0
1595253810503 0.19698615414632636 0
1595255218957 0.19431483706814706 0
1595256621973 0.1935974095635036 0
1595258008935 0.1934792327669216 0
1595259420382 0.19172784009937607 0
1595260817477 0.19139072902556 0
1595262213544 0.1893772979433826 0
1595263612338 0.1895643016715664 0
1595265037233 0.18830216245942624 0
1595266442650 0.18861939139744155 0
1595267843374 0.1877732649137913 0
1595269253291 0.18701028105865128 0
1595270665992 0.186316954367275 0
1595272095927 0.18673897276822443 0
1595273509520 0.18584004011309707 0
1595274927398 0.1849243388035197 0
1595276349459 0.1850425298614112 0
1595277759533 0.18644524518858785 0
1595279189148 0.1841511122642422 0
1595280598337 0.18492299064218654 0
1595282011436 0.18382847360792876 0
1595283435387 0.1842938264867277 0
1595284849039 0.18521749079350497 0
1595286278934 0.18449809871041803 0
1595287698116 0.18254641726502302 0
1595289111656 0.18442619854659703 0
1595290529671 0.18461343469475047 0
1595291932252 0.1842512750642837 0
1595293343875 0.18329200246405936 0
1595294757056 0.18337914731559626 0
1595296151815 0.18418696288305506 0
1595297555624 0.18241511349905434 0
1595298954940 0.18407181007472273 0
1595300368398 0.18323373338661345 0
1595301763537 0.1837782546274924 0
1595303178328 0.1837203871738704 0
1595304587740 0.18357957276945563 0
1595306006617 0.18320934352650314 0
1595307412026 0.18300514223406278 0
1595308818789 0.1829989359557973 0
1595310237859 0.1827656800999413 0
1595311660273 0.18319009570520245 0
