1595235967167 0.20790300453058655 0
1595236729614 0.19211309243218155 0
1595238166095 0.18698448833604178 0
1595239614741 0.1838743994789218 0
1595241057812 0.18146913034439974 0
1595242486399 0.1789261355571615 0
1595243914838 0.17760396148920257 0
1595245322830 0.17661028022821731 0
1595246748466 0.17501533353542809 0
1595248168038 0.17403187586146873 0
1595249585048 0.1725684285539177 0
1595251004847 0.17261943338142013 0
1595252403928 0.170785200075361 0
1595253810507 0.16761017818708346 0
1595255218975 0.16630610640596794 0
1595256621978 0.1652569568367609 0
1595258008939 0.16592960799163672 0
1595259420388 0.16464094842248078 0
1595260817482 0.16407676048509154 0
1595262213558 0.16266609011579405 0
1595263612343 0.16240141320816748 0
1595265037238 0.16146538432143032 0
1595266442656 0.16243278415770593 0
1595267843379 0.16145670573318624 0
1595269253296 0.16069270600584004 0
1595270666013 0.15988369661665572 0
1595272095937 0.15998905441246183 0
1595273509525 0.15998758884449815 0
1595274927403 0.15999580593356705 0
1595276349463 0.15981626193770487 0
1595277759538 0.15963494351009117 0
1595279189153 0.15845207197239436 0
1595280598342 0.15891631031570408 0
1595282011441 0.1584233546569562 0
1595283435392 0.1581731100069108 0
1595284849043 0.1584708133141774 0
1595286278938 0.15971010865245253 0
1595287698120 0.158620921939513 0
1595289111661 0.15858079048841084 0
1595290529676 0.15895413463699926 0
1595291932257 0.15816197083827682 0
1595293343882 0.15788676160288487 0
1595294757060 0.15816040017467506 0
1595296151819 0.15833468570025572 0
1595297555629 0.15794825019248745 0
1595298954944 0.15810629415989513 0
1595300368405 0.1579339212878714 0
1595301763542 0.15810332627556326 0
1595303178333 0.15962373476989206 0
1595304587744 0.15812040387993503 0
1595306006623 0.15738003955066548 0
1595307412031 0.15719959473285078 0
1595308818793 0.15784241363996815 0
1595310237863 0.1577133378959903 0
1595311660278 0.15811049880369157 0
