1592676363853 0.7227223330717598 0
1592677014808 0.7840596270738692 0
1592677663132 0.7466815431372801 0
1592678314066 0.8084164104387735 0
1592678963195 0.8164845974267606 0
1592679610961 0.7937441395102628 0
1592680258621 0.7963518557191768 0
1592680909088 0.8010044002447787 0
1592681555602 0.8112041151584453 0
1592682203051 0.798993207627804 0
1592682852254 0.8017522877979643 0
1592683501873 0.7796765915314189 0
1592684150062 0.8233645663757334 0
1592684799313 0.8128295760090353 0
1592685449231 0.7984119924993847 0
1592686096348 0.8281944320350826 0
1592686745068 0.8106684716165886 0
1592687394495 0.8222797883922902 0
1592688041667 0.8225064023344532 0
1592688692261 0.8139322495157296 0
1592689340219 0.8296624271443649 0
1592689986526 0.8326951435784149 0
1592690635241 0.831779511114382 0
1592691283665 0.8260481543813131 0
1592691932043 0.826823566187199 0
1592692584240 0.8201125359652192 0
1592693232101 0.826273835446852 0
1592693880104 0.8159995922752856 0
1592694527247 0.8230795874997727 0
1592695174880 0.8222190257459446 0
1592695822799 0.8262975714151586 0
1592696474406 0.8274423063964207 0
1592697107718 0.8301778265259788 0
1592697737920 0.8188217132690079 0
1592698368792 0.8216576395125336 0
1592698999797 0.823958007797659 0
1592699632714 0.8275408971450375 0
1592700265665 0.8216182579518764 0
1592700897489 0.8256934841713358 0
1592701532628 0.8267387674402165 0
1592702163978 0.8322563726249849 0
1592702796799 0.8252365046094814 0
1592703429365 0.8304140111057978 0
1592704064412 0.8314325979584559 0
1592704697804 0.8266110519506094 0
1592705331146 0.8306128630064392 0
1592705963650 0.8327943271836983 0
1592706614456 0.8290557469887512 0
1592707325714 0.8308611675419194 0
1592708041995 0.8306382951815922 0
1592708755555 0.8255036997246883 0
