1592676363850 0.5480945510317546 0
1592677014805 0.6104029097756175 0
1592677663130 0.6016699250179286 0
1592678314063 0.6785362481055578 0
1592678963193 0.6590920838425212 0
1592679610958 0.6626544974555593 0
1592680258618 0.6812178910040818 0
1592680909084 0.674290928224349 0
1592681555599 0.6927751095487996 0
1592682203048 0.6719693798136307 0
1592682852251 0.6920374128679984 0
1592683501870 0.6763265279589542 0
1592684150059 0.72536488038778 0
1592684799310 0.7007729678243245 0
1592685449229 0.6959223282136139 0
1592686096344 0.7275217011162897 0
1592686745066 0.7068731699870128 0
1592687394492 0.7304541551413783 0
1592688041664 0.7200932845720528 0
1592688692258 0.7132714740962417 0
1592689340216 0.7413131632585864 0
1592689986523 0.7524271505361083 0
1592690635238 0.7436199114755154 0
1592691283661 0.7420251167670182 0
1592691932040 0.7319050678467708 0
1592692584238 0.7304223756057153 0
1592693232098 0.7355002070389084 0
1592693880101 0.7286609456012815 0
1592694527244 0.7343405652579392 0
1592695174877 0.7466461001661185 0
1592695822796 0.7358665717117859 0
1592696474403 0.750085653530257 0
1592697107715 0.7498451165178168 0
1592697737916 0.7353546926742586 0
1592698368788 0.7432090604570315 0
1592698999794 0.7485841606834551 0
1592699632711 0.7490768183845572 0
1592700265661 0.7402374358466536 0
1592700897485 0.7440607018863963 0
1592701532624 0.7492048471385258 0
1592702163976 0.7543401519244718 0
1592702796796 0.7504775654667329 0
1592703429363 0.7539057671213306 0
1592704064409 0.7558019092009208 0
1592704697801 0.7499342448740255 0
1592705331143 0.7534926976632547 0
1592705963647 0.7524349564208341 0
1592706614453 0.755227058347575 0
1592707325706 0.7583706682614005 0
1592708041993 0.7574931697705299 0
1592708755552 0.7487880851501828 0
