1592676363847 0.5586534020691859 0
1592677014801 0.623212065073678 0
1592677663126 0.6133450524447543 0
1592678314060 0.693072433622626 0
1592678963188 0.673063443933076 0
1592679610955 0.6754558635860198 0
1592680258614 0.6938125985267849 0
1592680909081 0.6868482923856488 0
1592681555595 0.7060187206235322 0
1592682203045 0.6843248666976491 0
1592682852248 0.704526756313002 0
1592683501866 0.6881953356273849 0
1592684150055 0.7380259289378162 0
1592684799306 0.7136343229792613 0
1592685449225 0.7087800056053897 0
1592686096339 0.7408644185398213 0
1592686745062 0.7200642311868434 0
1592687394488 0.7433825262969871 0
1592688041660 0.7334456718723815 0
1592688692254 0.7260249527093724 0
1592689340213 0.755846472109799 0
1592689986519 0.7665831053108779 0
1592690635234 0.7578334064157946 0
1592691283656 0.7551549908135511 0
1592691932037 0.7453851609955018 0
1592692584233 0.7432561087052049 0
1592693232095 0.7487791245106831 0
1592693880098 0.7416650184104311 0
1592694527240 0.74811352779921 0
1592695174874 0.7598090522209952 0
1592695822792 0.7488679976541112 0
1592696474399 0.7633519215578612 0
1592697107712 0.7639192473373408 0
1592697737912 0.7486009048122522 0
1592698368785 0.7571775635317294 0
1592698999790 0.762311074582674 0
1592699632706 0.7633759073584924 0
1592700265658 0.7538806741342986 0
1592700897481 0.7572493018164576 0
1592701532619 0.7624891024519977 0
1592702163972 0.7686189170407276 0
1592702796793 0.7644812346018596 0
1592703429359 0.7674897360826792 0
1592704064404 0.7695619612515715 0
1592704697798 0.7635440113236707 0
1592705331140 0.7671184099511706 0
1592705963643 0.7662936550448785 0
1592706614449 0.7688011731916058 0
1592707325701 0.7724672266474973 0
1592708041987 0.7716947320176164 0
1592708755548 0.7626571232467743 0
