1593140739703 0.21780695686060733 0
1593141576411 0.3069626163744572 0
1593142419992 0.29158101422944116 0
1593143273720 0.27432780506688575 0
1593144125566 0.25353956024522695 0
1593144978086 0.30255833656233005 0
1593145830120 0.2525681040390833 0
1593146690103 0.22844482743389402 0
1593147567133 0.29542493802184083 0
1593148443619 0.28657622829775026 0
1593149306388 0.36679978785651735 0
1593150177054 0.40173215192787964 0
1593151045425 0.3641066006597174 0
1593151918692 0.4227859704873929 0
1593152781747 0.36449704860019805 0
1593153649443 0.3837080288612364 0
1593154517403 0.38943157350062746 0
1593155387750 0.3566116888229884 0
1593156253609 0.4086757122790349 0
1593157124819 0.35457141721485336 0
1593157992044 0.4609110941416599 0
1593158862205 0.39656180327496965 0
1593159728414 0.43532620748641276 0
1593160594796 0.3939607957493923 0
1593161460773 0.4508560518093392 0
1593162332889 0.42014190214560565 0
1593163203643 0.3529423748756829 0
1593164076723 0.4181668882115227 0
1593164951065 0.38860756841345157 0
1593165822823 0.3992817302680537 0
1593166689254 0.44114054413138254 0
1593167571258 0.4436161609179858 0
1593168438986 0.4230851092966644 0
1593169300043 0.41346029841379917 0
1593170168380 0.43786889158881226 0
1593171039572 0.44761381173177295 0
1593171900579 0.417967568477918 0
1593172772796 0.4925908975999597 0
1593173640329 0.4484975800053693 0
1593174509914 0.43940720030301855 0
1593175382138 0.47059848071545446 0
1593176250903 0.4514660590966345 0
1593177117724 0.4344974659898909 0
1593177984166 0.4623570418596454 0
1593178853014 0.4533708553770067 0
1593179728921 0.45033591426987185 0
1593180596520 0.49518879407796657 0
1593181470013 0.45521507295282004 0
1593182340225 0.47824077487309974 0
1593183212231 0.46052764402342444 0
1593184086102 0.4583930229295926 0
