1593140739711 0.21184780565339317 0
1593141576418 0.29622321108594524 0
1593142419996 0.28215662844988665 0
1593143273726 0.2671262626409569 0
1593144125569 0.24682297315274895 0
1593144978095 0.2939427444936138 0
1593145830124 0.24622552255018063 0
1593146690105 0.22214571600697905 0
1593147567136 0.28788170015058145 0
1593148443622 0.2790531663369331 0
1593149306403 0.354426030504261 0
1593150177063 0.387714376696184 0
1593151045438 0.3525580707508756 0
1593151918695 0.40718151535274033 0
1593152781751 0.353901658618163 0
1593153649446 0.3723575229635173 0
1593154517428 0.3747558674290765 0
1593155387754 0.34389474788730656 0
1593156253612 0.3935357767003174 0
1593157124823 0.34371518290727626 0
1593157992049 0.44370298447787615 0
1593158862208 0.3822831683334486 0
1593159728417 0.4180405628426167 0
1593160594800 0.38218303220698674 0
1593161460776 0.4349204916895933 0
1593162332892 0.40594273613308834 0
1593163203647 0.342978400430032 0
1593164076729 0.4043504868100544 0
1593164951068 0.37693324480276436 0
1593165822836 0.38477703546178044 0
1593166689256 0.4244691662362952 0
1593167571263 0.42671888704504174 0
1593168438989 0.40850294819764366 0
1593169300046 0.399680288767273 0
1593170168384 0.4221297370194468 0
1593171039575 0.4328665632551919 0
1593171900583 0.4039709192002047 0
1593172772800 0.4735789892845766 0
1593173640375 0.4326107280069313 0
1593174509918 0.4256064766585587 0
1593175382141 0.451728002584487 0
1593176250906 0.43437296170740486 0
1593177117728 0.41850281935334843 0
1593177984169 0.4439673651389308 0
1593178853018 0.43707285348899977 0
1593179728924 0.4340505115494054 0
1593180596524 0.4746540493011959 0
1593181470016 0.43842400137872134 0
1593182340229 0.46034647692820213 0
1593183212236 0.44266791258743926 0
1593184086106 0.44095928385948824 0
