1593140739727 0.60378875157845 0
1593141576431 0.6917979210237447 0
1593142420007 0.6741790479420652 0
1593143273738 0.6641689273991606 0
1593144125575 0.6210327274615391 0
1593144978113 0.6708700612405716 0
1593145830131 0.6376346010043248 0
1593146690111 0.6154092676746672 0
1593147567143 0.6951162031045305 0
1593148443629 0.6665012348438775 0
1593149306421 0.7350050935228322 0
1593150177069 0.7466969010859401 0
1593151045448 0.7430782643491791 0
1593151918702 0.7443850577143465 0
1593152781759 0.713687415855766 0
1593153649452 0.7269495845150129 0
1593154517436 0.7349280143124458 0
1593155387781 0.7021098094123456 0
1593156253619 0.7385140424229699 0
1593157124831 0.6929225764171346 0
1593157992056 0.7475480115878506 0
1593158862215 0.7219406232453855 0
1593159728425 0.7418707512641077 0
1593160594807 0.7252657884720227 0
1593161460800 0.7506649319109496 0
1593162332899 0.7426409004021645 0
1593163203659 0.690376521436995 0
1593164076735 0.737286925107787 0
1593164951074 0.7209821403006265 0
1593165822853 0.7417224307286744 0
1593166689261 0.7472360242677725 0
1593167571270 0.7450417567715361 0
1593168439004 0.7420852668869727 0
1593169300054 0.7334153888521664 0
1593170168398 0.7501267933298497 0
1593171039583 0.7519122647791127 0
1593171900589 0.7366138958875459 0
1593172772815 0.7679071278786537 0
1593173640399 0.7449096643593981 0
1593174509926 0.731649281718135 0
1593175382148 0.7507465334244767 0
1593176250912 0.7455757699155566 0
1593177117743 0.7357432310957348 0
1593177984182 0.7516168572198825 0
1593178853024 0.7465688946694323 0
1593179728933 0.7495923319833452 0
1593180596530 0.7597925540989913 0
1593181470030 0.7518020152758073 0
1593182340235 0.7550759336281221 0
1593183212242 0.7489840977004607 0
1593184086121 0.7452528773052602 0
