1593140739722 0.6410125461590939 0
1593141576426 0.7210988732600293 0
1593142420005 0.7063245978775624 0
1593143273734 0.6940636900324113 0
1593144125573 0.6441448060812326 0
1593144978107 0.6943480593452497 0
1593145830129 0.6623855168659636 0
1593146690109 0.636877710408516 0
1593147567141 0.7214636183888132 0
1593148443627 0.6870180690082804 0
1593149306415 0.7596713298822846 0
1593150177067 0.7749891985501044 0
1593151045445 0.7660282472061531 0
1593151918700 0.76531490486187 0
1593152781755 0.7382910761718193 0
1593153649450 0.7527069495576765 0
1593154517432 0.7620075727182676 0
1593155387775 0.7299666769792316 0
1593156253617 0.7623628292168757 0
1593157124827 0.7156557293809872 0
1593157992053 0.7691878567601279 0
1593158862213 0.7455836340876651 0
1593159728421 0.7664284380014561 0
1593160594805 0.7453414191504406 0
1593161460795 0.7692224087091414 0
1593162332897 0.7691231921849685 0
1593163203657 0.7139295664635265 0
1593164076733 0.7644699696078584 0
1593164951072 0.7460003143987731 0
1593165822849 0.7684275546232457 0
1593166689259 0.7763502303017495 0
1593167571267 0.767913389706326 0
1593168438998 0.7695013582504632 0
1593169300052 0.7598264504502313 0
1593170168388 0.7693245031731237 0
1593171039580 0.7733931132832214 0
1593171900587 0.7615202507057476 0
1593172772808 0.7885130487594514 0
1593173640391 0.7653908933366547 0
1593174509924 0.7585012151639193 0
1593175382146 0.7742528020330262 0
1593176250910 0.7667078870873965 0
1593177117737 0.7595284872631834 0
1593177984177 0.7763130108722344 0
1593178853022 0.772767125856419 0
1593179728928 0.7706161349035624 0
1593180596528 0.7840879219425567 0
1593181470023 0.7759305362505508 0
1593182340233 0.7821897147418545 0
1593183212240 0.7744500533900905 0
1593184086114 0.7698746186575305 0
