1593140739706 0.21652919698636197 0
1593141576414 0.306353204714514 0
1593142419994 0.29043760488927284 0
1593143273722 0.27289680206553424 0
1593144125567 0.25213076985886235 0
1593144978089 0.301282356823156 0
1593145830122 0.25161612701966285 0
1593146690104 0.22756239013191334 0
1593147567134 0.29358295098042586 0
1593148443620 0.28544054150155956 0
1593149306391 0.364909405737587 0
1593150177055 0.3988009914888412 0
1593151045426 0.3622595260557267 0
1593151918693 0.42093599543621435 0
1593152781749 0.3627513990403575 0
1593153649444 0.38160643429920726 0
1593154517404 0.38612033027294906 0
1593155387751 0.3544358180789955 0
1593156253610 0.40553622792976657 0
1593157124821 0.3530442391416692 0
1593157992044 0.4580879940188164 0
1593158862206 0.39407919889023596 0
1593159728415 0.43147316361955834 0
1593160594798 0.39245119382498866 0
1593161460774 0.4477912885382087 0
1593162332890 0.41751515284120533 0
1593163203644 0.351682340089356 0
1593164076725 0.4153419403294998 0
1593164951066 0.38657265136105107 0
1593165822826 0.3959701448662808 0
1593166689255 0.4375678371240674 0
1593167571259 0.4400589335520834 0
1593168438987 0.42024122772583283 0
1593169300044 0.410830321938686 0
1593170168382 0.43453607095797847 0
1593171039573 0.44409103763820396 0
1593171900580 0.41471353655544946 0
1593172772798 0.4886686796658863 0
1593173640331 0.4439930954306766 0
1593174509916 0.43570834977990436 0
1593175382139 0.46621592710334414 0
1593176250905 0.4477457125482059 0
1593177117725 0.4312908862705552 0
1593177984167 0.45844475591651473 0
1593178853015 0.44984439707145957 0
1593179728922 0.4477964613083893 0
1593180596521 0.4898362257443106 0
1593181470014 0.4513142550679132 0
1593182340227 0.47424634671238824 0
1593183212232 0.4568765013449974 0
1593184086103 0.45394246689266593 0
