1593140739708 0.2145966215175029 0
1593141576416 0.3025402968906756 0
1593142419995 0.2874012350460329 0
1593143273724 0.27021563723849024 0
1593144125568 0.2502663272284771 0
1593144978092 0.29865239300549545 0
1593145830123 0.24899944049407474 0
1593146690104 0.22578929598227881 0
1593147567135 0.2915840902977815 0
1593148443621 0.28278635838631344 0
1593149306394 0.3611022931689035 0
1593150177062 0.3946575721694807 0
1593151045427 0.3577727456273887 0
1593151918694 0.4157768975876711 0
1593152781750 0.3589184259380306 0
1593153649445 0.37718428626370315 0
1593154517425 0.3813898557723344 0
1593155387752 0.3498708591693084 0
1593156253611 0.40035518218254096 0
1593157124822 0.3498361492860245 0
1593157992048 0.4524274048625994 0
1593158862207 0.3899533089065456 0
1593159728416 0.4258763462014336 0
1593160594799 0.3883872725217657 0
1593161460775 0.44279041365016397 0
1593162332891 0.412256060634271 0
1593163203645 0.34759152984207653 0
1593164076728 0.41111625321633394 0
1593164951067 0.3820123056165859 0
1593165822833 0.3910230374446039 0
1593166689255 0.4314186156415532 0
1593167571260 0.4342460554742659 0
1593168438988 0.4147222615248506 0
1593169300045 0.40569203736947285 0
1593170168383 0.42923105587792726 0
1593171039574 0.43898050848387193 0
1593171900582 0.4100677126166123 0
1593172772799 0.4836393948224512 0
1593173640370 0.4400814690877657 0
1593174509917 0.4316397555555568 0
1593175382140 0.4603416535887436 0
1593176250906 0.44294913680770004 0
1593177117727 0.42555555146963825 0
1593177984168 0.4524026395146645 0
1593178853017 0.4438185957196737 0
1593179728923 0.44303508812630227 0
1593180596523 0.48397941936980204 0
1593181470015 0.4464505492175423 0
1593182340228 0.46782976055427744 0
1593183212235 0.45123789683285154 0
1593184086104 0.4488063504437815 0
