1592786363014 0.5759222887414427 0
1592786789976 0.5921428759508774 0
1592787217119 0.5535975651900923 0
1592787645280 0.6204544071479449 0
1592788072618 0.538575957512938 0
1592788500503 0.5031945078322193 0
1592788927424 0.6532794342549368 0
1592789356268 0.6049116592266472 0
1592789784138 0.6005138851825759 0
1592790213167 0.6103360058180693 0
1592790640706 0.6125681041003266 0
1592791069940 0.6553763643626537 0
1592791498670 0.6025366519472692 0
1592791928122 0.571856767275886 0
1592792355815 0.5696103722702088 0
1592792783955 0.6644006381732404 0
1592793210672 0.5868987248820183 0
1592793639424 0.40574278254663937 0
1592794067758 0.676857141879687 0
1592794495848 0.5312288710830916 0
1592794923992 0.5478803827930133 0
1592795353224 0.6269172250044713 0
1592795781064 0.6240644454576096 0
1592796209238 0.6778770605779847 0
1592796636199 0.6774717762046593 0
1592797064755 0.6705153150510292 0
1592797491752 0.6869589913552554 0
1592797920172 0.6297472710071687 0
1592798347555 0.6772011304532234 0
1592798776684 0.6677985258516768 0
1592799203964 0.6761242589193368 0
1592799633378 0.6896810542795248 0
1592800061942 0.6919501418316011 0
1592800491892 0.6809040296463273 0
1592800920798 0.677310055165421 0
1592801350698 0.7014705943305686 0
1592801778761 0.6999454764179098 0
1592802208278 0.6859146123883114 0
1592802637017 0.6841070423636841 0
1592803066349 0.6767233340718113 0
1592803495500 0.6856603313857449 0
1592803925805 0.6862776653586987 0
1592804355175 0.6960376844453101 0
1592804784993 0.6835326629034156 0
1592805214237 0.6950570304103695 0
1592805640368 0.6892354627250098 0
