1592786363006 0.6636074310461998 0
1592786789968 0.688373585645825 0
1592787217111 0.66040426009511 0
1592787645272 0.7370397334747038 0
1592788072611 0.6412136770496307 0
1592788500496 0.5979485582388845 0
1592788927416 0.7729619228867096 0
1592789356259 0.7168614859162109 0
1592789784130 0.7224419841287383 0
1592790213158 0.7177935635354412 0
1592790640699 0.7033671349499089 0
1592791069933 0.7537915354806606 0
1592791498662 0.7162230257678476 0
1592791928114 0.7268627209397531 0
1592792355808 0.6796975153897935 0
1592792783947 0.7551654202719161 0
1592793210665 0.7139571426596376 0
1592793639416 0.47898663667088975 0
1592794067750 0.7845605127785852 0
1592794495841 0.6185859529950599 0
1592794923985 0.6366814709057023 0
1592795353210 0.7298399694307414 0
1592795781048 0.7404880076687655 0
1592796209231 0.7871965293409376 0
1592796636191 0.778477489679004 0
1592797064747 0.7933543245690445 0
1592797491745 0.7894441990520878 0
1592797920165 0.7199949356852362 0
1592798347542 0.7823780102630903 0
1592798776677 0.7812268668079877 0
1592799203956 0.7747080526870014 0
1592799633366 0.7963342805821639 0
1592800061934 0.7992760444588934 0
1592800491882 0.794748837372427 0
1592800920790 0.786243593049098 0
1592801350689 0.8022346548570279 0
1592801778753 0.80420297551125 0
1592802208270 0.7876324726841932 0
1592802637008 0.7835308452833795 0
1592803066340 0.7728801227076904 0
1592803495491 0.7776983740364569 0
1592803925797 0.7901045927841327 0
1592804355167 0.7967205665344809 0
1592804784979 0.7888137676691773 0
1592805214229 0.7913021010132968 0
1592805640361 0.7880190594579193 0
