1592786362994 0.2689128550276143 0
1592786789959 0.26368319991052624 0
1592787217103 0.22951655107389188 0
1592787645264 0.33803969339563134 0
1592788072600 0.3977374873816204 0
1592788500488 0.20525665793017123 0
1592788927407 0.43029598705140903 0
1592789356251 0.35064489416585354 0
1592789784121 0.31289059127144486 0
1592790213149 0.3296123339212093 0
1592790640690 0.3244242988387238 0
1592791069925 0.41050110843946497 0
1592791498655 0.30248920199716045 0
1592791928106 0.3415084115335072 0
1592792355800 0.3145547307211777 0
1592792783938 0.4048568452697025 0
1592793210657 0.37991323637178015 0
1592793639408 0.24642226371049966 0
1592794067743 0.4736254609120085 0
1592794495833 0.5096431428786214 0
1592794923971 0.2837763660025555 0
1592795353202 0.4559497232422455 0
1592795781040 0.3932251691928397 0
1592796209223 0.5197606852676124 0
1592796636184 0.46637724132228203 0
1592797064739 0.5056344343578145 0
1592797491731 0.46439869872210915 0
1592797920157 0.3542606578931573 0
1592798347533 0.5008813300984621 0
1592798776664 0.4598888816513785 0
1592799203949 0.45188205055792496 0
1592799633354 0.5060502553328703 0
1592800061926 0.5266830016442491 0
1592800491873 0.5029096098447294 0
1592800920782 0.504791906070154 0
1592801350678 0.5408328570421024 0
1592801778745 0.5452867672827278 0
1592802208262 0.4913840604939346 0
1592802636999 0.5007766833267743 0
1592803066330 0.4635422346953678 0
1592803495483 0.465533946826715 0
1592803925789 0.49301413754710055 0
1592804355159 0.501122165631614 0
1592804784967 0.4988181397779236 0
1592805214222 0.5163435267472184 0
1592805640353 0.5094254780066386 0
