1592786362984 0.28030643810094874 0
1592786789952 0.27497255685576455 0
1592787217097 0.23980229362697622 0
1592787645257 0.3558537424805688 0
1592788072594 0.42773827336133746 0
1592788500482 0.21340841513256387 0
1592788927401 0.4597596569480277 0
1592789356244 0.372635505069757 0
1592789784114 0.33171546925388157 0
1592790213143 0.3478191798821474 0
1592790640684 0.34106407697919705 0
1592791069918 0.4349793990777293 0
1592791498649 0.32171807561335725 0
1592791928099 0.37656297631911856 0
1592792355794 0.33862960196141495 0
1592792783930 0.4254092597167576 0
1592793210650 0.4109600438072813 0
1592793639403 0.2631494651920589 0
1592794067736 0.5032337372780412 0
1592794495826 0.5610027175591364 0
1592794923965 0.2983487658816917 0
1592795353195 0.48995662995129546 0
1592795781033 0.4201585687656751 0
1592796209217 0.5585578269904663 0
1592796636177 0.4941344997517676 0
1592797064733 0.544269659364687 0
1592797491724 0.496066278448498 0
1592797920150 0.37120996156867847 0
1592798347527 0.5350279818213499 0
1592798776656 0.4911794175142509 0
1592799203941 0.4761112983272502 0
1592799633344 0.5398613381708318 0
1592800061919 0.5604520259274557 0
1592800491868 0.5376904921684562 0
1592800920776 0.5394733867069382 0
1592801350672 0.5770247263574255 0
1592801778737 0.5831248798936955 0
1592802208255 0.5217067362597234 0
1592802636993 0.5332461402699706 0
1592803066323 0.490376340903229 0
1592803495477 0.49222830509583315 0
1592803925782 0.5243090049307539 0
1592804355152 0.5325924503743591 0
1592804784961 0.5292945700559025 0
1592805214215 0.5472597303819823 0
1592805640346 0.5391462022410042 0
