1592786362989 0.27442344252176415 0
1592786789957 0.26948309187484654 0
1592787217101 0.23496411646407672 0
1592787645262 0.34667524689548923 0
1592788072598 0.4127261353768757 0
1592788500486 0.20997146231883412 0
1592788927405 0.4444282706062897 0
1592789356249 0.3609984890203568 0
1592789784119 0.3215770538765828 0
1592790213147 0.3399705759466778 0
1592790640688 0.33159719846266755 0
1592791069923 0.4233275781214929 0
1592791498653 0.31168898001907774 0
1592791928104 0.3583349266242896 0
1592792355798 0.32595068373481295 0
1592792783936 0.4150330269652302 0
1592793210655 0.3938964961577128 0
1592793639406 0.2550723989100248 0
1592794067740 0.4868829738684574 0
1592794495831 0.5286282989933243 0
1592794923970 0.29030496436970427 0
1592795353200 0.47194242543368486 0
1592795781038 0.4061584206375083 0
1592796209221 0.536733700138997 0
1592796636182 0.4817952369486912 0
1592797064737 0.5221051676117963 0
1592797491728 0.4802331322324031 0
1592797920154 0.3632046694076951 0
1592798347531 0.517689820513047 0
1592798776660 0.4756527142573504 0
1592799203947 0.4649828303084487 0
1592799633351 0.5218560518326661 0
1592800061923 0.5455162082166508 0
1592800491872 0.5189034909954207 0
1592800920780 0.5245184652873078 0
1592801350676 0.5592072919135609 0
1592801778743 0.5614830459683601 0
1592802208260 0.5066230541867492 0
1592802636997 0.5173194244310655 0
1592803066328 0.47912413488274636 0
1592803495481 0.4798170777733176 0
1592803925787 0.5076168119121522 0
1592804355157 0.5169441620017001 0
1592804784965 0.514288454635067 0
1592805214220 0.5322132607421001 0
1592805640351 0.5261636504718088 0
