1592786333715 0.2699669186279215 0
1592786765607 0.22456663985846925 0
1592787192626 0.21131390250599955 0
1592787621061 0.20500271938159423 0
1592788048521 0.19645043081540606 0
1592788475914 0.19707669865724722 0
1592788903361 0.19275667520254025 0
1592789332045 0.1894694103552052 0
1592789759804 0.18605103208601326 0
1592790189038 0.18865911133343385 0
1592790616434 0.18732713804737447 0
1592791045780 0.18416006104922114 0
1592791474540 0.18200995789967497 0
1592791903941 0.17856033923343687 0
1592792331535 0.1778816614928714 0
1592792759718 0.17484251203329798 0
1592793186616 0.17229383624620942 0
1592793614862 0.16943362475342355 0
1592794043656 0.16981854317920936 0
1592794472102 0.16593127091525484 0
1592794899550 0.16540019769662573 0
1592795329195 0.16257711987876772 0
1592795756849 0.16293689792492527 0
1592796185286 0.15859338461001513 0
1592796612121 0.15570527103070347 0
1592797040775 0.1541306351684503 0
1592797467771 0.15250124202417187 0
1592797896022 0.15098968489794648 0
1592798323450 0.14696082356444534 0
1592798752701 0.14676161155442446 0
1592799179759 0.14625568524641114 0
1592799609249 0.1460020021730166 0
1592800037869 0.1434983063479815 0
1592800467737 0.14359589202578182 0
1592800896590 0.14053743370158847 0
1592801326638 0.1407937674738598 0
1592801754880 0.13724816369094536 0
1592802184222 0.13676757279136018 0
1592802612828 0.13577740763780902 0
1592803042320 0.13400130063970983 0
1592803471172 0.13289532189255096 0
1592803901649 0.1310870084414254 0
1592804330929 0.13193053667731489 0
1592804760834 0.13090855425566209 0
1592805190268 0.1297083925878071 0
1592805616493 0.12958579517957244 0
