1592786333719 0.25612665892998576 0
1592786765612 0.22315567709336653 0
1592787192629 0.21327229572333375 0
1592787621063 0.208373965822179 0
1592788048525 0.2035695105340679 0
1592788475918 0.20135391437887246 0
1592788903364 0.19740744790892756 0
1592789332052 0.19529847102591613 0
1592789759807 0.19377353791175622 0
1592790189041 0.19141799898381798 0
1592790616437 0.18855951970410287 0
1592791045785 0.18836090509176856 0
1592791474545 0.18598741488132428 0
1592791903945 0.18326568772420473 0
1592792331540 0.182606095668651 0
1592792759720 0.17882289251392375 0
1592793186622 0.17784670554570647 0
1592793614866 0.1753061255745083 0
1592794043660 0.17548908841249625 0
1592794472104 0.17289544499340825 0
1592794899553 0.17047396602498494 0
1592795329201 0.16845764332364127 0
1592795756852 0.1694565116233129 0
1592796185289 0.16476635411569393 0
1592796612127 0.16415279675791186 0
1592797040779 0.1608965720803071 0
1592797467776 0.1599557559271003 0
1592797896026 0.1578909227019293 0
1592798323455 0.15760385650456402 0
1592798752704 0.1563688725308147 0
1592799179765 0.15449048338518936 0
1592799609254 0.15286367185770414 0
1592800037872 0.15080721993515414 0
1592800467745 0.148546788888404 0
1592800896594 0.14751842447207017 0
1592801326641 0.1462351791842158 0
1592801754883 0.14398995475369677 0
1592802184226 0.14362898859329126 0
1592802612831 0.14226532481629542 0
1592803042324 0.1407094267325978 0
1592803471175 0.14069341703010746 0
1592803901653 0.13850673346285255 0
1592804330933 0.13794156719440176 0
1592804760837 0.13758757969444285 0
1592805190274 0.136526999887201 0
1592805616497 0.13660253616289167 0
