1590394341982 0.0014873661842977753 0
1590394955224 0.001740531853273657 0
1590395568807 0.003246535077114406 0
1590396181717 0.007961961947050686 0
1590396795000 0.013683815560967882 0
1590397408219 0.017893240887887726 0
1590398021762 0.02234944381615439 0
1590398636428 0.02621435550640218 0
1590399251456 0.03384780333573116 0
1590399871661 0.032964056241582704 0
1590400509005 0.037483853187381934 0
1590401148865 0.039070112145165724 0
1590401768505 0.04262774123077914 0
1590402384669 0.040921185728618296 0
1590403000499 0.04743358355642709 0
1590403616378 0.05043762170863888 0
1590404232086 0.04726004753695632 0
1590404847176 0.04928014617183225 0
1590405462192 0.05522662965275029 0
1590406077387 0.04669894647256398 0
1590406692853 0.06629954884940069 0
1590407308263 0.06609477706569937 0
1590407927018 0.06672098442621509 0
1590408544683 0.06738121836598096 0
1590409160567 0.06388808806647542 0
1590409776021 0.07047511948148903 0
1590410391892 0.06527614807400967 0
1590411007268 0.06833309539345685 0
1590411622479 0.06105627930158228 0
1590412237646 0.06685377789508964 0
1590412853392 0.0681705190671918 0
1590413469124 0.06813868052570152 0
1590414084664 0.06654128942582441 0
1590414700032 0.06888367346315948 0
1590415314840 0.06485701613710851 0
1590415929084 0.06782410780661097 0
1590416544721 0.06606865042814393 0
1590417159814 0.06427618968517718 0
1590417775014 0.06557452942509376 0
