1590394341977 0.01517168787811086 0
1590394955221 0.019582493626945596 0
1590395568803 0.027340893596851212 0
1590396181714 0.04551880418565069 0
1590396794996 0.06319308175866192 0
1590397408214 0.07429508371665036 0
1590398021758 0.08768999910673908 0
1590398636424 0.09777674823098634 0
1590399251452 0.10551972950057716 0
1590399871653 0.11195923038697712 0
1590400508999 0.11510077251851958 0
1590401148861 0.12318153726738494 0
1590401768501 0.1277032173240688 0
1590402384665 0.12500673366111065 0
1590403000495 0.12890131575477376 0
1590403616374 0.1350595676287123 0
1590404232082 0.1345091259661268 0
1590404847171 0.1361144479950223 0
1590405462187 0.13837514427192024 0
1590406077383 0.13655833034237844 0
1590406692845 0.1437266134884699 0
1590407308259 0.14487118381520703 0
1590407927011 0.14416312013598687 0
1590408544680 0.14448594855444424 0
1590409160563 0.144690079988118 0
1590409776017 0.14507453869547576 0
1590410391888 0.1448708037733926 0
1590411007264 0.14570494773169795 0
1590411622475 0.14516360363707298 0
1590412237642 0.14434552218257618 0
1590412853388 0.146236179772329 0
1590413469120 0.1462665887223575 0
1590414084659 0.1465346516156814 0
1590414700027 0.1465470970349488 0
1590415314836 0.14679386879131975 0
1590415929079 0.14724176752479812 0
1590416544717 0.14715666161846283 0
1590417159810 0.14587124860947462 0
1590417775011 0.14609723972145802 0
