1590394341985 0.00918779108887184 0
1590394955227 0.011961077663080515 0
1590395568809 0.01913003562627839 0
1590396181720 0.04071570509398254 0
1590396795003 0.06702468175342365 0
1590397408222 0.07976539597362148 0
1590398021765 0.11724428804638232 0
1590398636430 0.15251132664388994 0
1590399251459 0.16194281368577532 0
1590399871670 0.17984027809302322 0
1590400509010 0.19070237629388925 0
1590401148867 0.20868380356936211 0
1590401768507 0.2235298923639679 0
1590402384672 0.22166929603867486 0
1590403000501 0.22926039782047175 0
1590403616381 0.24006520098513193 0
1590404232089 0.2526434265234822 0
1590404847178 0.24975228546860273 0
1590405462194 0.263363113076113 0
1590406077390 0.2500547209371289 0
1590406692855 0.281415833836062 0
1590407308266 0.2861963085024447 0
1590407927021 0.28569319398997517 0
1590408544686 0.2845732481986988 0
1590409160569 0.2916841585796745 0
1590409776024 0.2905993264560897 0
1590410391894 0.28675151071974775 0
1590411007270 0.2886016249500014 0
1590411622481 0.2897515576692401 0
1590412237648 0.28979499369007233 0
1590412853394 0.2935833319550519 0
1590413469126 0.29493106348382553 0
1590414084667 0.29389274149147415 0
1590414700035 0.29211250975196246 0
1590415314842 0.2926279711608407 0
1590415929087 0.2966960640106623 0
1590416544723 0.29869789396310564 0
1590417159816 0.29793765364007907 0
1590417775017 0.2915391236967692 0
