1590394341987 0.0037735418812082622 0
1590394955230 0.004361107076456113 0
1590395568811 0.008010027254573475 0
1590396181721 0.020531157668496954 0
1590396795004 0.03857060885147901 0
1590397408224 0.05028923590593323 0
1590398021766 0.08239638754011216 0
1590398636432 0.10557997733750316 0
1590399251460 0.12032982652765188 0
1590399871675 0.12943560040911517 0
1590400509011 0.14183405230842577 0
1590401148869 0.14657589255480735 0
1590401768509 0.1639621148132653 0
1590402384673 0.16201643438645358 0
1590403000503 0.1706802741161953 0
1590403616383 0.18398623385855398 0
1590404232091 0.1899952342912503 0
1590404847179 0.1887421418889655 0
1590405462196 0.20508025065002822 0
1590406077391 0.1844810333252145 0
1590406692856 0.22545774142428612 0
1590407308268 0.22898775766674237 0
1590407927022 0.2291163535808123 0
1590408544687 0.2286146364880564 0
1590409160571 0.23178043109078164 0
1590409776025 0.23566613396632022 0
1590410391895 0.22672462874996788 0
1590411007271 0.23020087169433 0
1590411622483 0.22624559419109014 0
1590412237650 0.2347059330896789 0
1590412853396 0.23588032603226822 0
1590413469127 0.2364859504101294 0
1590414084669 0.2360804560283858 0
1590414700037 0.23580785232004298 0
1590415314844 0.23442984255776567 0
1590415929089 0.23682987206528594 0
1590416544725 0.24022350697796163 0
1590417159818 0.23472389428028984 0
1590417775018 0.23305159248024637 0
