1590394341980 0.005285499252211024 0
1590394955223 0.006157084294490944 0
1590395568806 0.011237380000028946 0
1590396181716 0.0228981639994105 0
1590396794999 0.0357451262278274 0
1590397408217 0.044135581682760716 0
1590398021761 0.054223923316285734 0
1590398636426 0.06036218151076225 0
1590399251455 0.07189861527258325 0
1590399871657 0.07398209224073489 0
1590400509003 0.07681787684949784 0
1590401148864 0.08026463761683929 0
1590401768503 0.08652235584841246 0
1590402384668 0.08384583709488318 0
1590403000498 0.08876434357555463 0
1590403616377 0.0949397599399164 0
1590404232084 0.0938142790523357 0
1590404847174 0.09702232768706866 0
1590405462191 0.09952483330269651 0
1590406077386 0.09317648219195167 0
1590406692850 0.10905460926868722 0
1590407308262 0.10956997728440553 0
1590407927016 0.10940286566224891 0
1590408544682 0.11025641169336425 0
1590409160565 0.10905357946498996 0
1590409776020 0.11232644815949622 0
1590410391890 0.10889162049644022 0
1590411007267 0.11031775058276795 0
1590411622478 0.10715919323862147 0
1590412237645 0.1104699808998924 0
1590412853391 0.11227176782227836 0
1590413469122 0.11211732177740602 0
1590414084663 0.11272305900034574 0
1590414700030 0.11322467767268882 0
1590415314838 0.11137506570441301 0
1590415929082 0.11253840968284042 0
1590416544719 0.11207904649719501 0
1590417159812 0.1097783697017542 0
1590417775013 0.11086939184921105 0
