1590394341989 0.001032205193646511 0
1590394955233 0.001214840734963784 0
1590395568812 0.0024252963583189773 0
1590396181723 0.007192747172489785 0
1590396795006 0.016776652088874907 0
1590397408226 0.02356650654587525 0
1590398021768 0.038730853872354594 0
1590398636434 0.05079717138980881 0
1590399251462 0.06439813281746545 0
1590399871679 0.06220615679820021 0
1590400509013 0.07483189698130478 0
1590401148871 0.0745666372708644 0
1590401768511 0.08471372725220402 0
1590402384675 0.08263014337634897 0
1590403000504 0.09563328843977308 0
1590403616386 0.1012850392511544 0
1590404232093 0.09740241761584273 0
1590404847181 0.09844551197019988 0
1590405462197 0.1157750784884592 0
1590406077393 0.09418094612137998 0
1590406692858 0.14157520248117064 0
1590407308270 0.1420792756994743 0
1590407927024 0.14253959756894713 0
1590408544689 0.14366370924668706 0
1590409160572 0.13657728313981596 0
1590409776027 0.15228419878392865 0
1590410391897 0.13872693873122877 0
1590411007273 0.14627317336273502 0
1590411622484 0.12986161931787144 0
1590412237651 0.14496416860195396 0
1590412853397 0.14529591594847333 0
1590413469129 0.14680189749854833 0
1590414084671 0.14030291087137803 0
1590414700039 0.14678159150931608 0
1590415314845 0.13892313283901192 0
1590415929091 0.14455058704735624 0
1590416544726 0.14317925474786808 0
1590417159820 0.1377373048070529 0
1590417775020 0.13985457697332193 0
