1590548365814 0.397028301845854 0
1590549309540 0.4577767846435375 0
1590550251314 0.5611527797078175 0
1590551193353 0.5354794789256184 0
1590552135219 0.5584894479899264 0
1590553079729 0.640282746840977 0
1590554022277 0.5372903551606677 0
1590554970092 0.5465408332277903 0
1590555918280 0.6197668071644193 0
1590556863938 0.5574971486302509 0
1590557808578 0.5960653744540161 0
1590558753177 0.6472794404201825 0
1590559693615 0.6184832063244134 0
1590560641890 0.6457822765188513 0
1590561586835 0.6391877375969007 0
1590562532585 0.6577120797621165 0
1590563470625 0.6589183770302804 0
1590564412602 0.6532152716784752 0
1590565356851 0.6488464840491114 0
1590566297928 0.6090622027995263 0
1590567241843 0.6402881743594412 0
1590568185861 0.652155508933511 0
1590569124874 0.6634254940593879 0
1590570066404 0.6852158246098365 0
1590571005694 0.6773906768952795 0
1590571947893 0.6189441861563449 0
1590572888822 0.674427150386922 0
1590573827670 0.6797956830061105 0
1590574771766 0.6962650952220268 0
1590575713688 0.6883447759797453 0
1590576653664 0.6763293317385582 0
1590577558009 0.6843597338721931 0
1590578464384 0.6752669881321344 0
1590579365516 0.6869980208003585 0
1590580285018 0.6824980686340522 0
1590581590216 0.675374003433381 0
1590582874228 0.695058646463151 0
1590584179502 0.6886817938758707 0
1590585451320 0.7096384223801845 0
1590586755554 0.657898198908105 0
1590588026300 0.6943733530243285 0
1590589314593 0.696717008205543 0
1590590600632 0.7027715980015988 0
1590591883683 0.7115151855712286 0
1590593167554 0.7054887442114842 0
1590594462807 0.6993864738527551 0
1590595735863 0.7043734779643731 0
1590597029308 0.7043676250268011 0
1590598481222 0.708807115733597 0
1590599959876 0.7023962253193524 0
1590601446064 0.7110298090014893 0
