1590548365813 0.4075886533223856 0
1590549309538 0.46870645675798966 0
1590550251314 0.5794334921468034 0
1590551193352 0.551531442296239 0
1590552135218 0.5735742707437638 0
1590553079728 0.6557862014137317 0
1590554022276 0.5503725217717751 0
1590554970091 0.5594348660915718 0
1590555918279 0.6382972899692695 0
1590556863938 0.5735310657330389 0
1590557808577 0.6146188668780498 0
1590558753176 0.6656688927725776 0
1590559693613 0.6354734769031476 0
1590560641889 0.6637714710274882 0
1590561586834 0.6554732038478787 0
1590562532585 0.6761855097810716 0
1590563470624 0.6797133233109469 0
1590564412602 0.6706024099786515 0
1590565356850 0.6634850973800946 0
1590566297927 0.6250078286112183 0
1590567241842 0.6578787542251282 0
1590568185860 0.6708244181457415 0
1590569124873 0.686514782862003 0
1590570066403 0.709040899447611 0
1590571005693 0.699830014370002 0
1590571947893 0.6386772746457531 0
1590572888821 0.695183981971103 0
1590573827669 0.6998647614207372 0
1590574771765 0.7187441844128489 0
1590575713687 0.7074153957573646 0
1590576653664 0.6989913761928642 0
1590577558008 0.7073092891740705 0
1590578464383 0.695478470798353 0
1590579365515 0.7079668127498687 0
1590580285016 0.7057979827993085 0
