1590548365812 0.4153013616208569 0
1590549309536 0.47587519864179945 0
1590550251313 0.5907900265667412 0
1590551193352 0.5628613196864816 0
1590552135218 0.5825451208930925 0
1590553079728 0.6665609404182802 0
1590554022275 0.5588934463501083 0
1590554970090 0.5684157674854282 0
1590555918278 0.6510001105593257 0
1590556863937 0.5829293780527319 0
1590557808576 0.6259394667361081 0
1590558753176 0.6790615482680972 0
1590559693612 0.6487722458414282 0
1590560641888 0.6756587831507436 0
1590561586833 0.6648088168141304 0
1590562532584 0.6884293633778101 0
1590563470623 0.6910945008645419 0
1590564412601 0.6817597742680482 0
1590565356849 0.6751427723734594 0
1590566297926 0.6350995465143418 0
1590567241841 0.6693860085028372 0
1590568185859 0.6821078820463313 0
1590569124872 0.701112320232128 0
1590570066402 0.7235703101692639 0
1590571005692 0.715336649714468 0
1590571947892 0.6524892682807268 0
1590572888821 0.7092489560484637 0
1590573827668 0.7127464980107773 0
1590574771764 0.7322003015297999 0
1590575713686 0.720202392968576 0
1590576653663 0.7122852478689975 0
1590577558007 0.7213190071443462 0
1590578464382 0.7085871537371904 0
1590579365515 0.7211184985786507 0
1590580285011 0.7186454107391567 0
1590581590212 0.713459227598719 0
1590582874213 0.7280835381510191 0
1590584179500 0.7236699246996189 0
1590585451308 0.74739438189464 0
1590586755549 0.6909692532550672 0
1590588026298 0.7283569350568537 0
1590589314591 0.7319364356198296 0
1590590600630 0.7389410903116629 0
1590591883674 0.7493429571872423 0
1590593167550 0.741988499802239 0
1590594462805 0.7331169659692687 0
1590595735862 0.7430374505120965 0
1590597029303 0.7383533912419876 0
1590598481218 0.7441562418322648 0
1590599959872 0.7385066605111824 0
1590601446056 0.7467459897240473 0
