1590548365814 0.4159316350548495 0
1590549309542 0.47607426610790005 0
1590550251315 0.5905081124803425 0
1590551193354 0.563288802976771 0
1590552135220 0.5820320067122698 0
1590553079730 0.6660752552674322 0
1590554022278 0.5583451475763318 0
1590554970093 0.569411475751461 0
1590555918281 0.6501889478380116 0
1590556863939 0.5826217333713135 0
1590557808579 0.6257512274829184 0
1590558753178 0.6788582594020388 0
1590559693617 0.647401984356874 0
1590560641890 0.6754791429881114 0
1590561586836 0.6639200877237056 0
1590562532586 0.6877102763658728 0
1590563470626 0.6901816176698565 0
1590564412603 0.6807003502190234 0
1590565356852 0.6740972546665921 0
1590566297929 0.635372804526033 0
1590567241844 0.6672843834492328 0
1590568185861 0.6807211210389567 0
1590569124874 0.7000247083659669 0
1590570066404 0.7235105962702986 0
1590571005695 0.7133090596037004 0
1590571947894 0.6512976065934725 0
1590572888823 0.7078020153206738 0
1590573827671 0.7122966292966915 0
1590574771767 0.7310477764751532 0
1590575713690 0.7188544655912669 0
1590576653665 0.7115118254763285 0
1590577558010 0.7195637218258324 0
1590578464385 0.7076857632366478 0
1590579365517 0.7203668619993541 0
1590580285020 0.7179124105506235 0
1590581590219 0.7113961681664546 0
1590582874235 0.7275997400433386 0
1590584179503 0.7223252667827085 0
1590585451324 0.7465787217257902 0
1590586755556 0.690120531559978 0
1590588026302 0.7275939096456202 0
1590589314594 0.7307507306081408 0
1590590600634 0.7376665565251695 0
1590591883694 0.7480214897715044 0
1590593167562 0.7409575621347613 0
1590594462809 0.7317349557082129 0
1590595735864 0.741084067936697 0
1590597029310 0.737626247336571 0
1590598481225 0.7424428152918444 0
1590599959879 0.7369982514458294 0
1590601446067 0.7458344266345999 0
