1590548365811 0.4214702292358409 0
1590549309535 0.48113074469683903 0
1590550251311 0.5981710119643286 0
1590551193351 0.5717423455067597 0
1590552135217 0.5888698811582833 0
1590553079727 0.6734653566962258 0
1590554022274 0.5643580486877593 0
1590554970089 0.5752963030680543 0
1590555918277 0.6583942290452306 0
1590556863936 0.5894752438205442 0
1590557808576 0.6341271469473065 0
1590558753175 0.6884148538268151 0
1590559693612 0.6560630736097722 0
1590560641887 0.6834382080736894 0
1590561586832 0.670739278568929 0
1590562532583 0.6960395914762235 0
1590563470622 0.6985386908380742 0
1590564412600 0.6882883844826454 0
1590565356848 0.6818472941624112 0
1590566297925 0.6427253049913864 0
1590567241840 0.6747204073758493 0
1590568185859 0.6887647090511331 0
1590569124871 0.710004244010881 0
1590570066401 0.7342573154569141 0
1590571005691 0.7238916017060261 0
1590571947891 0.6607045670412243 0
1590572888820 0.7177140579246388 0
1590573827667 0.7216776043402532 0
1590574771763 0.7413072890977241 0
1590575713686 0.72813611460314 0
1590576653662 0.7213376607888853 0
1590577558005 0.7296360240006307 0
1590578464382 0.7169398085704286 0
1590579365514 0.7302001901048452 0
1590580285009 0.7277871903756691 0
1590581590209 0.7211493898239019 0
1590582874208 0.7372915670499851 0
1590584179499 0.7324091061868443 0
1590585451302 0.7568057693525607 0
1590586755547 0.6992686415555909 0
1590588026291 0.7375442285078103 0
1590589314591 0.7403767216716209 0
1590590600629 0.7474868418478661 0
1590591883671 0.758748576018266 0
1590593167548 0.7514923512860473 0
1590594462804 0.7411525760657707 0
1590595735861 0.7520993862474651 0
1590597029301 0.7473320164082644 0
1590598481217 0.7526297814248311 0
1590599959870 0.746871612671595 0
1590601446053 0.7558497061155518 0
