1590157266693 0.26622783082401585 0
1590157821227 0.2782160053046717 0
1590158375491 0.29396967991365586 0
1590158928974 0.2758834706697917 0
1590159482923 0.3031181780970027 0
1590160038962 0.2892353182406714 0
1590160596125 0.31188505367579356 0
1590161152092 0.2992479602779044 0
1590161706755 0.2877227423170883 0
1590162260999 0.3003716780070014 0
1590162818089 0.3119950521841492 0
1590163374525 0.3133540941091931 0
1590163930369 0.3147502748158008 0
1590164488237 0.31509462612687344 0
1590165045856 0.3130366711605613 0
1590165602658 0.3167047089303307 0
1590166159571 0.3143893137448852 0
1590166715936 0.31363887514837596 0
1590167278540 0.3147456963699328 0
1590167844498 0.3134565558228786 0
1590168433142 0.3101345707143772 0
1590169008420 0.30957166906440686 0
1590169585809 0.30853166231192114 0
1590170148415 0.3089661981405661 0
1590170748942 0.3086573256646908 0
1590171366560 0.30635157550241565 0
1590171994350 0.308163640265426 0
1590172622241 0.3070897396529486 0
1590173248088 0.30723018039786176 0
1590173880519 0.30690411106846804 0
1590174510365 0.30437413810944447 0
1590175134433 0.30356507373072605 0
1590175762154 0.30313579837569593 0
1590176390620 0.3038206141961643 0
1590177018096 0.30231774507056647 0
1590177643310 0.30316950683169136 0
1590178274862 0.3037283632199046 0
1590178907225 0.3023326755292844 0
1590179534115 0.3022476742211051 0
1590180157708 0.302763989035968 0
1590180780678 0.30263748816584185 0
1590181410539 0.3032063623259781 0
1590182038637 0.30435351946728995 0
1590182667535 0.303893073380428 0
1590183298364 0.30364717257734 0
1590183923381 0.3041728206099124 0
1590184547941 0.3040806204910017 0
1590185173593 0.30468476642692005 0
1590185803265 0.3049165546321598 0
1590186424436 0.30497396216688283 0
1590187054465 0.3040144675785036 0
1590187686271 0.30441253856718176 0
1590188308343 0.30475360120395334 0
1590188939229 0.3040080864247738 0
1590189564487 0.30446153572281076 0
1590190194079 0.3048011484706636 0
