1590157266695 0.20331959314183023 0
1590157821228 0.2133138424291931 0
1590158375493 0.2237007326594791 0
1590158928976 0.20847559416698302 0
1590159482925 0.23258929279891874 0
1590160038964 0.22399983868351553 0
1590160596127 0.2345407067958379 0
1590161152094 0.23172123322176094 0
1590161706756 0.22471230973822975 0
1590162261001 0.22562514873697273 0
1590162818092 0.2433997384334172 0
1590163374527 0.24296685249318428 0
1590163930371 0.24335479375724653 0
1590164488239 0.24288039450233073 0
1590165045858 0.23955755363489672 0
1590165602660 0.2412969373889163 0
1590166159574 0.23946019369576832 0
1590166715938 0.23680605721396789 0
1590167278542 0.23695743727539714 0
1590167844500 0.23477060845315922 0
1590168433147 0.229717536467656 0
1590169008422 0.22865243879550434 0
1590169585811 0.22777109635325304 0
1590170148417 0.22680592243274864 0
1590170748945 0.22655946428535403 0
1590171366566 0.22422812794287314 0
1590171994361 0.22487424894362162 0
1590172622243 0.22365887416214886 0
1590173248123 0.22375854326201694 0
1590173880528 0.22320702567773196 0
1590174510367 0.22465938143657563 0
1590175134441 0.22286323033946473 0
1590175762171 0.22226361257527547 0
1590176390622 0.22270141888387915 0
1590177018099 0.22096042710259434 0
1590177643312 0.22129006307702787 0
1590178274863 0.2218699098077731 0
1590178907238 0.220627735401756 0
1590179534116 0.22079454700390697 0
1590180157711 0.22108514752920227 0
1590180780680 0.22063054812479102 0
1590181410541 0.22115585442820623 0
1590182038639 0.22186621271190352 0
1590182667540 0.22120180785463028 0
1590183298369 0.22061055428216234 0
1590183923386 0.22113159675864835 0
1590184547943 0.22120598590393833 0
1590185173596 0.22199651106367113 0
1590185803271 0.22219603157089635 0
1590186424438 0.22218032325385512 0
1590187054466 0.22099238121939294 0
1590187686274 0.22156973333614907 0
1590188308348 0.222005215530197 0
1590188939236 0.2211708340100997 0
1590189564495 0.22174727399879798 0
1590190194086 0.22222099672154422 0
