1590157266692 0.2840627773219758 0
1590157821226 0.29736719700763636 0
1590158375490 0.3146014814762181 0
1590158928973 0.29849221581349156 0
1590159482922 0.32486958368640384 0
1590160038960 0.3076721678627587 0
1590160596123 0.3325544752653093 0
1590161152091 0.3203535677506009 0
1590161706754 0.30714675072524206 0
1590162260998 0.32258078762885667 0
1590162818088 0.33527583503936603 0
1590163374524 0.3364138761380293 0
1590163930368 0.33880505613192247 0
1590164488235 0.339274063482201 0
1590165045855 0.33752342587352413 0
1590165602657 0.3421772597972261 0
1590166159569 0.3401110611067879 0
1590166715934 0.33991356230091585 0
1590167278539 0.34112634048151835 0
1590167844497 0.339679237811318 0
1590168433140 0.33904503880177955 0
1590169008419 0.33854712496846673 0
1590169585808 0.3375346680496781 0
1590170148414 0.3371544499399788 0
1590170748941 0.3378415368380919 0
1590171366558 0.33627586570109846 0
1590171994346 0.3375805462900881 0
1590172622240 0.3369364096018568 0
1590173248084 0.3365088758686319 0
1590173880515 0.33623790301298534 0
1590174510360 0.3331899394701202 0
1590175134428 0.332904799344365 0
1590175762148 0.3320911449314272 0
1590176390619 0.33286653206083194 0
1590177018095 0.33160834910723225 0
1590177643308 0.332068241706463 0
1590178274861 0.3327156267536531 0
1590178907217 0.33160068379222407 0
1590179534114 0.33204302644246203 0
1590180157707 0.33225132321337747 0
1590180780674 0.33239338027782755 0
1590181410538 0.33268192866547114 0
1590182038637 0.3335722491569527 0
1590182667532 0.33332767487294057 0
1590183298357 0.3329608783570151 0
1590183923377 0.33383161510383175 0
1590184547940 0.33348394892988553 0
1590185173592 0.3341176431802712 0
1590185803263 0.33422889689937746 0
1590186424434 0.3344777392617985 0
1590187054464 0.33358870212370195 0
1590187686269 0.33386281400325035 0
1590188308341 0.3340572311055185 0
1590188939226 0.33347402494694783 0
1590189564479 0.33381004253615904 0
1590190194077 0.3341931547424145 0
