1590157165912 0.7224418429448407 0
1590157722963 0.6238082429923161 0
1590158276957 0.5891824993966203 0
1590158830366 0.7027865867557544 0
1590159384856 0.5727593578500177 0
1590159939926 0.5324989098204113 0
1590160496471 0.5093115470874999 0
1590161053692 0.4832223460877992 0
1590161608239 0.4579113022358496 0
1590162162193 0.43293348640670515 0
1590162719284 0.4079232958435445 0
1590163275822 0.3847837468058824 0
1590163831580 0.3701641429291443 0
1590164387867 0.3566424288211243 0
1590164945367 0.34323628215471763 0
1590165503770 0.33130962803657443 0
1590166060797 0.31774569099651717 0
1590166616133 0.30770373535258133 0
1590167178570 0.29576754736357674 0
1590167744756 0.2844512282781418 0
1590168325576 0.30868885353377734 0
1590168907483 0.3043981401331395 0
1590169480547 0.3009068503818811 0
1590170049736 0.2975868702472288 0
1590170637317 0.2947701802756224 0
1590171253740 0.2928672865316955 0
1590171879965 0.29131149336376305 0
1590172506549 0.28843957163921674 0
1590173134072 0.28636941915762354 0
1590173765357 0.28428099080094893 0
1590174395111 0.30472540934648923 0
1590175021341 0.30585157049022227 0
1590175648667 0.30405330639235234 0
1590176278543 0.3028954274505048 0
1590176903870 0.3014930558882839 0
1590177530164 0.2996007896823605 0
1590178160940 0.2992810012354032 0
1590178792867 0.29945898096500095 0
1590179418723 0.297589951794465 0
1590180044204 0.29682563090460656 0
1590180666474 0.29889027098520193 0
1590181295798 0.2990023802428406 0
1590181923725 0.29848484180879037 0
1590182553454 0.2978333294615594 0
1590183185126 0.2980282825872284 0
1590183810063 0.2972808799137626 0
1590184435151 0.29770344164943274 0
1590185059616 0.29712165447167077 0
1590185687934 0.29683455806328435 0
1590186311299 0.296618885799745 0
1590186940368 0.29706372588824864 0
1590187572505 0.2972279573043243 0
1590188195761 0.2975700560973295 0
1590188824343 0.2968267046359692 0
1590189451086 0.29807260337106767 0
1590190079358 0.2972502069186859 0
1590190709817 0.29730369822962893 0
