1590157165910 0.0869428435638106 0
1590157722961 0.051873824768561935 0
1590158276954 0.041739102813949776 0
1590158830363 0.09054268629444466 0
1590159384854 0.041478460049807764 0
1590159939924 0.029743450730983938 0
1590160496468 0.02448863442780549 0
1590161053690 0.01974518900942443 0
1590161608237 0.016213720713462405 0
1590162162190 0.013424213703917394 0
1590162719281 0.012324007032728429 0
1590163275818 0.009741751768160611 0
1590163831578 0.008470893608125135 0
1590164387865 0.007558996047698562 0
1590164945365 0.006802928905006562 0
1590165503768 0.0063440551426462806 0
1590166060795 0.005670041961072925 0
1590166616131 0.00559616819760809 0
1590167178568 0.004962289346918118 0
1590167744753 0.00491591851386626 0
1590168325574 0.006163227909000745 0
1590168907481 0.005738269726603882 0
1590169480535 0.005727725438277661 0
1590170049734 0.005492764453216974 0
1590170637313 0.0054300831986960445 0
1590171253735 0.005252448537458594 0
1590171879962 0.0051914891392327005 0
1590172506541 0.004849782127591839 0
1590173134069 0.005058983359802735 0
1590173765354 0.00483990785992238 0
1590174395105 0.005457249986927939 0
1590175021338 0.0055709751100927254 0
1590175648655 0.005486134026527126 0
1590176278535 0.005591164128590525 0
1590176903864 0.005353843326104829 0
1590177530162 0.0053373487651309885 0
1590178160939 0.00518037411964639 0
1590178792857 0.005347181428099855 0
1590179418717 0.0052597016284170635 0
1590180044200 0.0052414529534268945 0
1590180666471 0.005224710559904177 0
1590181295793 0.00509796855919898 0
1590181923723 0.005222520907495595 0
1590182553451 0.005183959917997812 0
1590183185120 0.005318699043899218 0
1590183810060 0.00534674523816497 0
1590184435143 0.005206359697318293 0
1590185059610 0.005119184883886235 0
1590185687932 0.005126534186274512 0
1590186311294 0.005151650293458707 0
1590186940366 0.005124261826678033 0
1590187572503 0.00524995847068384 0
1590188195758 0.005126165146152447 0
1590188824341 0.005078894708168861 0
1590189451078 0.0053399426903670034 0
1590190079350 0.005201763451687844 0
1590190709810 0.005030080328985481 0
