1590157165911 0.1444598866637642 0
1590157722962 0.13399916443114096 0
1590158276955 0.12965656815857224 0
1590158830364 0.1409582985267484 0
1590159384855 0.12841467224281922 0
1590159939925 0.1224643500113981 0
1590160496470 0.11925217813465017 0
1590161053691 0.11577362787617734 0
1590161608238 0.11212041213579432 0
1590162162192 0.1094492508660583 0
1590162719283 0.10540894558928775 0
1590163275820 0.10138271742957759 0
1590163831579 0.09878903781697596 0
1590164387866 0.09662675227110203 0
1590164945366 0.09445030665983992 0
1590165503769 0.09230090512965734 0
1590166060796 0.09015815611928701 0
1590166616132 0.0881936772169887 0
1590167178569 0.08638733627065223 0
1590167744754 0.08440843630119188 0
1590168325575 0.08903572139655344 0
1590168907482 0.08855955137391767 0
1590169480542 0.0880231376869615 0
1590170049735 0.08741303235182218 0
1590170637315 0.08691368312106507 0
1590171253737 0.08647420944524764 0
1590171879963 0.08608045110467975 0
1590172506545 0.08575483171831398 0
1590173134070 0.08530702346043122 0
1590173765355 0.08480702078289534 0
1590174395108 0.08885500966929473 0
1590175021340 0.08900484633384019 0
1590175648661 0.08865940333867567 0
1590176278536 0.08834951954546588 0
1590176903866 0.0880265060272178 0
1590177530163 0.08786940456715209 0
1590178160940 0.08785019001576322 0
1590178792862 0.08771482961439699 0
1590179418721 0.08750911542495503 0
1590180044203 0.08723996280962547 0
1590180666472 0.0876629914890027 0
1590181295795 0.08758891966833166 0
1590181923724 0.08754684111467127 0
1590182553453 0.08750502260390823 0
1590183185124 0.08748694194050935 0
1590183810061 0.08735265701832856 0
1590184435147 0.08743705716226581 0
1590185059613 0.08741473287520324 0
1590185687933 0.08731939730691839 0
1590186311296 0.08730624016572738 0
1590186940367 0.08726910013463017 0
1590187572504 0.08733104134099723 0
1590188195760 0.08741585825454201 0
1590188824342 0.08738777819558008 0
1590189451082 0.08737280190586162 0
1590190079356 0.08734062534464887 0
1590190709813 0.08736782096127962 0
