1592806639679 0.20063478402315388 0
1592807056443 0.22077281485517078 0
1592807472957 0.20171435559562767 0
1592807890003 0.3132591463807607 0
1592808306296 0.38457786668524163 0
1592808723847 0.3817792500742823 0
1592809140689 0.3957131458433993 0
1592809560043 0.12341176671238623 0
1592809977152 0.3755019884709182 0
1592810395730 0.3230463420093401 0
1592810813343 0.38492616347216285 0
1592811231372 0.35891156532847557 0
1592811649143 0.3667037861005511 0
1592812068011 0.2884706434607294 0
1592812486059 0.34530574416924253 0
1592812905188 0.34868905348535006 0
1592813323568 0.36062976120993184 0
1592813742270 0.5362486949654438 0
1592814160420 0.3619191388678049 0
1592814579398 0.39365011994816596 0
1592814997453 0.47516737934830733 0
1592815416524 0.462455910719459 0
1592815835174 0.4392015744298721 0
1592816254835 0.42992195976044184 0
1592816673972 0.3793685876355536 0
1592817093994 0.4576807446765205 0
1592817512821 0.5105263778552974 0
1592817932980 0.4147847631922751 0
1592818351945 0.4829572807551099 0
1592818772254 0.41008953716802593 0
1592819191322 0.4790771650688507 0
1592819611417 0.4132081095608007 0
1592820030786 0.5032077456737377 0
1592820450946 0.48133477188139595 0
1592820870181 0.4636022866124039 0
1592821290512 0.4574184597164861 0
1592821709767 0.44736008273787536 0
1592822129666 0.48667718808925475 0
1592822548999 0.4800606022659998 0
1592822969127 0.5139345447116414 0
1592823388612 0.5392486621915094 0
1592823809109 0.5612287746963969 0
1592824228476 0.4765168913157448 0
1592824648974 0.506767993288321 0
1592825072460 0.5026714031579428 0
1592825492543 0.5071906442495961 0
1592825911611 0.5165246007631911 0
1592826331308 0.5133291530665874 0
1592826750483 0.5144841474402997 0
1592827170639 0.51254316012923 0
