1592806639669 0.21041385564452378 0
1592807056435 0.2321598316172323 0
1592807472946 0.21184158846389345 0
1592807889995 0.33379823307514217 0
1592808306287 0.41662522636811655 0
1592808723836 0.4070169081441514 0
1592809140680 0.4233674511469988 0
1592809560033 0.17249921870596857 0
1592809977142 0.4038855025107384 0
1592810395722 0.3396293467095429 0
1592810813332 0.4087587856092973 0
1592811231363 0.3817151539855978 0
1592811649134 0.393782443366579 0
1592812068000 0.3060269607590406 0
1592812486051 0.36635346684065345 0
1592812905178 0.36691806001598065 0
1592813323560 0.38843918655016574 0
1592813742261 0.572281486579767 0
1592814160412 0.3860344254458516 0
1592814579387 0.4198442943546607 0
1592814997443 0.5137467118773074 0
1592815416516 0.4976597640242986 0
1592815835166 0.4705985645188595 0
1592816254824 0.4632898823353355 0
1592816673960 0.40745909357676907 0
1592817093986 0.48848271250438097 0
1592817512812 0.5617720424437321 0
1592817932972 0.4423943227873284 0
1592818351937 0.518011579254244 0
1592818772246 0.4409987819953546 0
1592819191314 0.5120724366541576 0
1592819611410 0.44248961500007195 0
1592820030778 0.5375225875930827 0
1592820450937 0.5197113306913623 0
1592820870171 0.49495737321329314 0
1592821290503 0.49339108559659817 0
1592821709759 0.47951571298705337 0
1592822129658 0.5245502217872694 0
1592822548991 0.5153019170042773 0
1592822969118 0.5539293357229396 0
1592823388603 0.5780929391958037 0
1592823809098 0.6091769247659788 0
1592824228468 0.5111953415727974 0
1592824648965 0.5446331874046441 0
1592825072450 0.5410177302731367 0
1592825492535 0.5452876810480554 0
1592825911602 0.5563514382628643 0
1592826331296 0.5541506246216842 0
1592826750474 0.5560178065523506 0
1592827170630 0.5534931267824468 0
