1592806610414 0.27630119603737174 0
1592807032109 0.2432686513857517 0
1592807448323 0.23550083887967416 0
1592807865889 0.23007462284426844 0
1592808282408 0.22505814974344046 0
1592808699957 0.22213221069247055 0
1592809116785 0.21857358327590548 0
1592809534893 0.21880537042539727 0
1592809953180 0.22389251864526974 0
1592810371646 0.2153148495730585 0
1592810789310 0.2130570710831385 0
1592811207397 0.21053611256313565 0
1592811625154 0.20923353528946412 0
1592812043780 0.20786830644013 0
1592812461931 0.20608950276819224 0
1592812881032 0.20262152125463076 0
1592813299556 0.20133857117491946 0
1592813718465 0.20020213349715288 0
1592814136288 0.1992795843846852 0
1592814555329 0.1975845267024989 0
1592814973459 0.1957177134319877 0
1592815392640 0.19466726114077293 0
1592815811171 0.19287135097331903 0
1592816230754 0.19075270554505908 0
1592816649826 0.1896072840623051 0
1592817069955 0.1882694678883108 0
1592817488951 0.18714549390585056 0
1592817908951 0.18630626257180566 0
1592818327949 0.18520291299753885 0
1592818748181 0.18285045761530586 0
1592819167272 0.18128510459469308 0
1592819587301 0.18007154980444487 0
1592820006798 0.1801793431905415 0
1592820426940 0.17786693884533658 0
1592820846119 0.17736756212314972 0
1592821266383 0.1767812580695981 0
1592821685927 0.1753010798799301 0
1592822105876 0.1748570675588675 0
1592822525053 0.17189360222302996 0
1592822945164 0.17081058359416365 0
1592823364525 0.17000768513838652 0
1592823785202 0.17048328003895372 0
1592824204520 0.16970041662604743 0
1592824625046 0.16957431907767914 0
1592825048467 0.16902284179661675 0
1592825468610 0.16813330513704333 0
1592825887700 0.16716810587971878 0
1592826307399 0.16709510942625458 0
1592826726492 0.16581869587039466 0
1592827146760 0.1671114708261766 0
