1592909336575 0.5790239160248943 0
1592909752672 0.6467051340898942 0
1592910168016 0.700233687965362 0
1592910585077 0.736446946777738 0
1592911002001 0.6875791928788119 0
1592911419992 0.6814297135814913 0
1592911837004 0.6661602047911421 0
1592912254404 0.7408865506080778 0
1592912671686 0.6973070926950089 0
1592913090286 0.5741137467023115 0
1592913507991 0.7251649055582311 0
1592913926593 0.741421575294353 0
1592914344038 0.7341555311840718 0
1592914762733 0.7124429185613548 0
1592915180514 0.7357488091331206 0
1592915598701 0.7178823102853655 0
1592916016237 0.7203790378359898 0
1592916435049 0.7297259663623707 0
1592916853201 0.7238331653097337 0
1592917272632 0.7488281198337736 0
1592917694856 0.4333585542079206 0
1592918117792 0.7505861560296029 0
1592918539702 0.7660088879304242 0
1592918963002 0.7476762707594882 0
1592919385478 0.7547077127447764 0
1592919809013 0.7675761629338747 0
1592920232395 0.7660306944827017 0
1592920656572 0.7548637352273738 0
1592921079317 0.7581777186845375 0
1592921503545 0.7610556293766684 0
1592921926533 0.761266149855675 0
1592922350098 0.7630019571140184 0
