1592909307168 0.3213263174298428 0
1592909728366 0.2777657694270088 0
1592910143987 0.26378058351257283 0
1592910561096 0.25499567783599536 0
1592910977826 0.24967076499906535 0
1592911395738 0.24498256590564546 0
1592911812711 0.24075302402829044 0
1592912230433 0.23676255067589902 0
1592912647540 0.23450672735345154 0
1592913065656 0.23364654562485307 0
1592913483472 0.23071177836779683 0
1592913902613 0.22999819388767934 0
1592914320023 0.2294166505486899 0
1592914738499 0.22478409162171242 0
1592915156650 0.2233068279415294 0
1592915574637 0.22317066405822408 0
1592915992211 0.2209405649068674 0
1592916410991 0.21894820886535069 0
1592916829032 0.2151672409223369 0
1592917248549 0.21274342513654934 0
1592917669814 0.21146046222006945 0
1592918093475 0.2076838760066693 0
1592918515468 0.2038286325688326 0
1592918938632 0.2003647510891297 0
1592919361023 0.19767255356690144 0
1592919784723 0.19487214032138325 0
1592920207917 0.19160666832845819 0
1592920632148 0.1922707267537225 0
1592921054989 0.18856755319410368 0
1592921479293 0.18844605085231195 0
1592921902134 0.1889172594253002 0
1592922325871 0.1886032006752581 0
