1590453648962 0.207362584615458 0
1590454072559 0.2435638132833577 0
1590454496672 0.11923446022059737 0
1590454920358 0.27368489354288117 0
1590455343509 0.30389612080043443 0
1590455767868 0.29855383660214574 0
1590456191337 0.2662565712278569 0
1590456615114 0.3023671235892153 0
1590457037783 0.3084681710390636 0
1590457461962 0.29447010837781723 0
1590457884907 0.32235304493832245 0
1590458308417 0.3189502447027213 0
1590458731852 0.3218562445000887 0
1590459155880 0.3206626086163939 0
1590459579761 0.3224447031663502 0
1590460004502 0.3201613644822792 0
1590460427812 0.3276158414915451 0
1590460852317 0.32277441760113756 0
1590461276355 0.3227231593198144 0
1590461701402 0.32274884189976777 0
1590462125963 0.32205218970534616 0
1590462550724 0.3212939366819916 0
1590462975081 0.32219344005203865 0
1590463400235 0.3220088369155118 0
1590463824929 0.3241881174346049 0
1590464249964 0.3240478241627164 0
1590464674413 0.3232060097096692 0
1590465099757 0.32359515316486187 0
1590465525118 0.3245450686785526 0
1590465950804 0.3218636566737535 0
