1590453648966 0.1626712620159282 0
1590454072563 0.1928330230387236 0
1590454496676 0.08268712731496879 0
1590454920362 0.20758534174707793 0
1590455343514 0.2255649721970405 0
1590455767872 0.2313664191917932 0
1590456191342 0.20973698244540973 0
1590456615119 0.23697035051253712 0
1590457037787 0.23930311102596555 0
1590457461966 0.23688249947674975 0
1590457884911 0.2447904854522345 0
1590458308421 0.24348761010080633 0
1590458731857 0.2490812425576495 0
1590459155884 0.24830037568423863 0
1590459579766 0.25079246073808986 0
1590460004506 0.24550396920502118 0
1590460427816 0.2535194501307213 0
1590460852321 0.24589711334545072 0
1590461276360 0.24967645044254003 0
1590461701406 0.24915184026898157 0
1590462125967 0.24895136945095872 0
1590462550729 0.2482373745638075 0
1590462975086 0.24879268487249342 0
1590463400239 0.24743896361728004 0
1590463824936 0.2503599238470219 0
1590464249970 0.24926156997721904 0
1590464674418 0.24812543127777123 0
1590465099761 0.24933494780882517 0
1590465525122 0.2497251188520637 0
1590465950809 0.2488088239389153 0
