1590453648958 0.2302276896849711 0
1590454072555 0.271942131065656 0
1590454496668 0.1479155019233956 0
1590454920355 0.3144225452151979 0
1590455343504 0.3452016217128489 0
1590455767864 0.33686677102881224 0
1590456191332 0.2983917410243124 0
1590456615109 0.3408701503380437 0
1590457037779 0.34811604682736863 0
1590457461958 0.3265286236679146 0
1590457884900 0.36047758867665364 0
1590458308413 0.3559412369659581 0
1590458731848 0.3599106601897688 0
1590459155876 0.35733217234963727 0
1590459579755 0.3591318123840322 0
1590460004499 0.35729626918858143 0
1590460427808 0.36614382539060386 0
1590460852313 0.3593593096220186 0
1590461276351 0.36190275177787967 0
1590461701397 0.3609834430447032 0
1590462125959 0.36083704763928187 0
1590462550720 0.36019999717581747 0
1590462975077 0.3615486304189218 0
1590463400231 0.36034147847720915 0
1590463824923 0.36340304228684495 0
1590464249960 0.36255808206576845 0
1590464674409 0.36240464545725876 0
1590465099753 0.3623348899668046 0
1590465525114 0.3632625941001646 0
1590465950800 0.36138945444985626 0
