1590453648953 0.12236213028038123 0
1590454072549 0.14173110416451928 0
1590454496663 0.07504192595659558 0
1590454920349 0.15654307717695806 0
1590455343496 0.166708110673057 0
1590455767858 0.16055416789640609 0
1590456191323 0.16047278836128148 0
1590456615102 0.1848130392000077 0
1590457037773 0.19192137557313385 0
1590457461952 0.1708827037658334 0
1590457884890 0.19823490028982088 0
1590458308408 0.19780593547322603 0
1590458731841 0.20838184496983592 0
1590459155868 0.2023377115921766 0
1590459579745 0.20851596067036218 0
1590460004493 0.20141595035386142 0
1590460427802 0.21400376261939785 0
1590460852303 0.20361655559422215 0
1590461276345 0.20819395897136564 0
1590461701390 0.20622715347740017 0
1590462125952 0.20739489597293845 0
1590462550712 0.20662935873906252 0
1590462975071 0.20655275019177918 0
1590463400226 0.20506986866171534 0
1590463824911 0.2096966223662871 0
1590464249954 0.20881839155812804 0
1590464674403 0.2075682859290072 0
1590465099747 0.2084329071916288 0
1590465525108 0.20948523619343945 0
1590465950793 0.20705407594566405 0
