1590453648951 0.14226337897145536 0
1590454072547 0.16264672270756403 0
1590454496658 0.09284309536468667 0
1590454920347 0.18261871609420746 0
1590455343493 0.1976332274328796 0
1590455767856 0.18474741433720743 0
1590456191321 0.1833432789856539 0
1590456615098 0.2114969251526295 0
1590457037771 0.22197697641750155 0
1590457461950 0.1924230412030036 0
1590457884886 0.23196448793042326 0
1590458308406 0.23028405054607257 0
1590458731838 0.23967222518897233 0
1590459155866 0.2333660036425576 0
1590459579740 0.23963290144849855 0
1590460004490 0.23354751100477325 0
1590460427800 0.2470123781510464 0
1590460852301 0.23709709501267492 0
1590461276343 0.2403522526902731 0
1590461701387 0.23823313854087624 0
1590462125950 0.23885075582666385 0
1590462550709 0.2383489222696086 0
1590462975069 0.23825049557224767 0
1590463400224 0.23693328002489725 0
1590463824906 0.24191645948935198 0
1590464249952 0.24202753028483603 0
1590464674401 0.24059870399825767 0
1590465099745 0.2409850060806746 0
1590465525106 0.2427042410851583 0
1590465950791 0.23918205655788854 0
