1590453648949 0.15611014338537277 0
1590454072545 0.17723716317607696 0
1590454496654 0.10845543174582646 0
1590454920344 0.2012555985786365 0
1590455343491 0.21883033998504786 0
1590455767854 0.20114529285583055 0
1590456191319 0.20029066382304028 0
1590456615094 0.23067644393651351 0
1590457037769 0.24424551554567925 0
1590457461948 0.20770087961790665 0
1590457884883 0.25572416941401194 0
1590458308404 0.2537082242607562 0
1590458731836 0.2644235683580098 0
1590459155864 0.25630019853334673 0
1590459579737 0.2634356962681574 0
1590460004488 0.2579400032993253 0
1590460427798 0.2725969258208579 0
1590460852299 0.26273397962136985 0
1590461276341 0.2645882705061739 0
1590461701385 0.2627043628875817 0
1590462125948 0.26385380162047123 0
1590462550707 0.26285099788602634 0
1590462975067 0.26345501162479096 0
1590463400222 0.26219899094412813 0
1590463824902 0.26766365618430216 0
1590464249950 0.26691658407502794 0
1590464674399 0.26588054307533204 0
1590465099742 0.2659452061882709 0
1590465525104 0.2682244917040012 0
1590465950789 0.26347702730043016 0
