1590453648955 0.0959221267445109 0
1590454072551 0.11435328454384423 0
1590454496665 0.05602766713757261 0
1590454920351 0.1218725675001427 0
1590455343498 0.12508445810685997 0
1590455767860 0.12917274185529376 0
1590456191325 0.13009059111534912 0
1590456615104 0.14904364751611685 0
1590457037775 0.15203461139522756 0
1590457461954 0.13921924294262514 0
1590457884893 0.15352853387866355 0
1590458308410 0.15403244355338067 0
1590458731844 0.16543404135672626 0
1590459155871 0.1605984188367173 0
1590459579749 0.1661164223184599 0
1590460004495 0.1571468171848913 0
1590460427804 0.16930415048887243 0
1590460852305 0.15855787836527088 0
1590461276347 0.16442062446620861 0
1590461701393 0.16160015532782768 0
1590462125954 0.1632199129908938 0
1590462550715 0.16363480866214403 0
1590462975073 0.1630089248652599 0
1590463400228 0.1617379514099578 0
1590463824916 0.16553419845921682 0
1590464249956 0.16389100036850485 0
1590464674405 0.16362606531173468 0
1590465099749 0.1637535175266637 0
1590465525110 0.16557867960449058 0
1590465950796 0.16338627184996718 0
