1590453648964 0.18942366534733954 0
1590454072561 0.2223392783116197 0
1590454496674 0.10200194949817003 0
1590454920360 0.245360050671241 0
1590455343512 0.2715260200422966 0
1590455767870 0.2700736850897881 0
1590456191339 0.24182704810472233 0
1590456615116 0.27403674394360633 0
1590457037785 0.27820759936550965 0
1590457461964 0.27009748274718015 0
1590457884909 0.28916548916238594 0
1590458308419 0.28615789845687245 0
1590458731854 0.2893045588405815 0
1590459155882 0.2890042341116612 0
1590459579764 0.29075855876834306 0
1590460004504 0.28754500380130416 0
1590460427814 0.29485707716436527 0
1590460852319 0.2885071987182647 0
1590461276357 0.29087198365853645 0
1590461701404 0.2897995696172048 0
1590462125965 0.28921730025944026 0
1590462550726 0.2884333455706437 0
1590462975084 0.28893927694479066 0
1590463400237 0.28825628000845566 0
1590463824933 0.2904262868359811 0
1590464249966 0.2908757267699992 0
1590464674415 0.28986943077270355 0
1590465099759 0.29041310048040514 0
1590465525120 0.2913035337768054 0
1590465950806 0.28952882514454836 0
