1590453563780 0.344201392852343 0
1590453991405 0.2983171223888736 0
1590454415135 0.2869877871677015 0
1590454839942 0.2783434022901326 0
1590455263113 0.269205285247261 0
1590455686831 0.2644915639825121 0
1590456110384 0.25962883410369153 0
1590456534508 0.25396721025366753 0
1590456957535 0.2525548330954546 0
1590457380868 0.24916026966106256 0
1590457804514 0.23829554140391435 0
1590458228119 0.23267990522659743 0
1590458651527 0.23257601785765597 0
1590459075447 0.23079566816253774 0
1590459499440 0.23068241849982526 0
1590459924019 0.22683327684741048 0
1590460347683 0.22658231453253672 0
1590460771908 0.22488272066652423 0
1590461196007 0.22346308668689616 0
1590461620732 0.22348509420304608 0
1590462045505 0.22266581178416867 0
1590462470264 0.22129679303726502 0
1590462894700 0.223380805075874 0
1590463319651 0.22148093497435722 0
1590463744429 0.2230811786986667 0
1590464169511 0.22261463105678558 0
1590464594111 0.2205984941160185 0
1590465019154 0.22103987025791372 0
1590465444486 0.22100409085052253 0
1590465870088 0.22050690844919554 0
