1590453563789 0.24602341973746317 0
1590453991417 0.2290576801762073 0
1590454415150 0.22310824030955162 0
1590454839958 0.22093988893300118 0
1590455263122 0.21569289227385494 0
1590455686841 0.21346258389702916 0
1590456110396 0.21190738047544772 0
1590456534516 0.21022112363365275 0
1590456957551 0.2091012094941365 0
1590457380877 0.2071399812603138 0
1590457804525 0.2005014218081384 0
1590458228134 0.19736726520329537 0
1590458651537 0.19708026218167424 0
1590459075461 0.1966629340010282 0
1590459499452 0.19574043913000433 0
1590459924031 0.19435150932366327 0
1590460347694 0.19515469983308273 0
1590460771919 0.19416494019461808 0
1590461196018 0.19260126921023138 0
1590461620740 0.19309898417376908 0
1590462045515 0.19338075075981884 0
1590462470273 0.19278420741565128 0
1590462894712 0.19332275826197404 0
1590463319663 0.1916667763033562 0
1590463744438 0.19191168513171067 0
1590464169522 0.19237850218482272 0
1590464594123 0.19179123635651799 0
1590465019166 0.19205090734203892 0
1590465444496 0.19198172349901593 0
1590465870100 0.1915928884106275 0
