1590453563792 1.1571116564718225 0
1590453991422 1.0116380079919418 0
1590454415153 0.9700353012238381 0
1590454839961 0.9471740167169176 0
1590455263126 0.9184203604401568 0
1590455686844 0.9026313697886185 0
1590456110401 0.8895214653667614 0
1590456534518 0.8722357682927826 0
1590456957555 0.8643930244243004 0
1590457380880 0.8542306608790476 0
1590457804530 0.8139244932571107 0
1590458228137 0.795392001389399 0
1590458651542 0.791037041638818 0
1590459075463 0.7882107763424427 0
1590459499455 0.7830934762381591 0
1590459924034 0.7742386854986644 0
1590460347697 0.7747473174915511 0
1590460771923 0.7697122553308334 0
1590461196023 0.7645335991883419 0
1590461620744 0.7627933782101031 0
1590462045518 0.7618712810083077 0
1590462470277 0.7590424524476895 0
1590462894716 0.7598990427120726 0
1590463319665 0.7566905753830304 0
1590463744441 0.7599542796303181 0
1590464169525 0.7567317630081664 0
1590464594126 0.754869552141816 0
1590465019168 0.7563722294661597 0
1590465444499 0.7559103860723726 0
1590465870104 0.7523620191013672 0
