1590063106367 0.23462666491784992 0
1590063866438 0.15786161818183386 0
1590064616483 0.14299716229534007 0
1590065366537 0.13236739678231216 0
1590066124056 0.1272753247407061 0
1590066876257 0.12197995615693238 0
1590067630023 0.1163101252829711 0
1590068384756 0.11312637180530813 0
1590069136805 0.10830191917408853 0
1590069891687 0.10509002674371004 0
1590070642443 0.103327294668326 0
1590071394272 0.10103617741908194 0
1590072146444 0.09911865112785051 0
1590072907824 0.0962466376133748 0
1590073657891 0.09461257542819666 0
1590074409017 0.09443980308811693 0
1590075167086 0.0912489899979717 0
1590075910098 0.0902381021661695 0
1590076666127 0.08972019838312498 0
1590077421920 0.08759783166488247 0
1590078173378 0.08653138537158275 0
1590078924980 0.08648485828124912 0
1590079680733 0.08457036458573045 0
1590080425403 0.084163407161391 0
1590081174919 0.08227242194887625 0
1590081933872 0.08140807313370634 0
1590082680676 0.07981325708021074 0
1590083430051 0.07970797299192502 0
1590084184695 0.07904158910108212 0
1590084938210 0.0786807594005261 0
1590085689605 0.07743323943164399 0
1590086444791 0.07709545255280457 0
1590087191408 0.07653550804212425 0
1590087943738 0.07594323715955548 0
1590088703343 0.07507321904771604 0
1590089451001 0.07532993232357431 0
1590090205619 0.07410985693203274 0
1590090960676 0.07418449555892916 0
1590091708713 0.07369051608064119 0
1590092465172 0.07343486552099152 0
1590093220440 0.07264508085997676 0
1590093976359 0.0727032392214124 0
1590094727236 0.0725735499958932 0
1590095483223 0.07169997958279044 0
1590096238159 0.0718646631162812 0
1590096991189 0.0706533074720636 0
1590097743170 0.07118384550551515 0
1590098491250 0.07062127216327825 0
1590099240196 0.0708926045804246 0
1590099996206 0.07027147953900006 0
1590100747787 0.07012709801101825 0
1590101503787 0.0704313199250744 0
1590102261178 0.07007466453353506 0
1590103010208 0.06986505771331357 0
1590103767497 0.06943965097613765 0
1590104520249 0.06932427457495201 0
1590105269405 0.06944447045197942 0
1590106018835 0.0693963201518154 0
1590106770146 0.06858274539293358 0
