1590063106367 0.3033195461130001 0
1590063866438 0.24288324451834492 0
1590064616483 0.22818381281999442 0
1590065366537 0.2186434655588054 0
1590066124056 0.21211877491699874 0
1590066876257 0.20632475059060656 0
1590067630023 0.20154843474986286 0
1590068384756 0.19725203447969708 0
1590069136805 0.19393587615010302 0
1590069891687 0.18995383531736904 0
1590070642443 0.18578566152315873 0
1590071394272 0.18360078052656184 0
1590072146444 0.18201424148396628 0
1590072907824 0.17998497144005002 0
1590073657891 0.1778593595916703 0
1590074409017 0.1761314955776965 0
1590075167086 0.17380055573565015 0
1590075910098 0.17203608776867038 0
1590076666127 0.1713530781001029 0
1590077421920 0.1685581680321129 0
1590078173378 0.16921532400966396 0
1590078924980 0.16811158208275687 0
1590079680733 0.16688956567168942 0
1590080425403 0.16583731488363276 0
1590081174919 0.1648302362162686 0
1590081933872 0.16460775495809915 0
1590082680676 0.1634978596010857 0
1590083430051 0.16295099051217354 0
1590084184695 0.1615533310280749 0
1590084938210 0.16092679748785566 0
1590085689605 0.16048256294614466 0
1590086444791 0.1597819028300999 0
1590087191408 0.15886544581701065 0
1590087943738 0.15771295081757936 0
1590088703343 0.15675673457468756 0
1590089451001 0.15675233225145283 0
1590090205619 0.15595912139796647 0
1590090960676 0.15615127425222003 0
1590091708713 0.1547716930067751 0
1590092465172 0.15533856857986844 0
1590093220440 0.15516038637983023 0
1590093976359 0.15472939524513024 0
1590094727236 0.154545446934961 0
1590095483223 0.1538644751765319 0
1590096238159 0.15352489922702664 0
1590096991189 0.1526638726158255 0
1590097743170 0.1531916760657666 0
1590098491250 0.15220042569397468 0
1590099240196 0.15221425928395882 0
1590099996206 0.15222501862772117 0
1590100747787 0.15164240846443458 0
1590101503787 0.1514732096586707 0
1590102261178 0.15097593405895685 0
1590103010208 0.15148270685644544 0
1590103767497 0.1507488372101939 0
1590104520249 0.1499287563447769 0
1590105269405 0.15004543018852465 0
1590106018835 0.14972568030011724 0
1590106770146 0.1500732793345959 0
