1590063106367 2.1333203162314622 0
1590063866438 1.7564868861313403 0
1590064616483 1.6615528619941875 0
1590065366537 1.5999199071755776 0
1590066124056 1.560623762082066 0
1590066876257 1.52282608578191 0
1590067630023 1.4889068803887748 0
1590068384756 1.4646968611863238 0
1590069136805 1.4360984757807127 0
1590069891687 1.4118461658373562 0
1590070642443 1.390058456264304 0
1590071394272 1.374816798445212 0
1590072146444 1.3647449175281638 0
1590072907824 1.3461830492776174 0
1590073657891 1.3325452073174116 0
1590074409017 1.3244940454922838 0
1590075167086 1.308972317416816 0
1590075910098 1.2973521218894148 0
1590076666127 1.2914865588185174 0
1590077421920 1.275621953315636 0
1590078173378 1.2736283154309502 0
1590078924980 1.267199468043958 0
1590079680733 1.2572008373777894 0
1590080425403 1.2522774303453208 0
1590081174919 1.2421643044579136 0
1590081933872 1.2368150256221464 0
1590082680676 1.2292205596552093 0
1590083430051 1.2231596093294184 0
1590084184695 1.2169478996463958 0
1590084938210 1.2131586919191497 0
1590085689605 1.206171249684233 0
1590086444791 1.2036799690383073 0
1590087191408 1.1977183206568984 0
1590087943738 1.1910335496068 0
1590088703343 1.1853532774054263 0
1590089451001 1.1837573531111316 0
1590090205619 1.178185184216182 0
1590090960676 1.1783822611767865 0
1590091708713 1.1714281117290082 0
1590092465172 1.1729195531259273 0
1590093220440 1.1707011067457276 0
1590093976359 1.1674095394100839 0
1590094727236 1.1651208807532427 0
1590095483223 1.1611366773123395 0
1590096238159 1.1606037129466173 0
1590096991189 1.154225240698492 0
1590097743170 1.1573650542338043 0
1590098491250 1.1508069225316921 0
1590099240196 1.1519329525287865 0
1590099996206 1.1485914993788717 0
1590100747787 1.1480283984506623 0
1590101503787 1.1463788605939884 0
1590102261178 1.1443589256646542 0
1590103010208 1.1440958479783063 0
1590103767497 1.1412015638518087 0
1590104520249 1.1389379871887921 0
1590105269405 1.1392196842562958 0
1590106018835 1.1382190752554047 0
1590106770146 1.1363608208512501 0
