1590997080055 0.5790396342452446 0
1590997717146 0.604239798496189 0
1590998355093 0.5670079492989617 0
1590998993630 0.6606880104745881 0
1590999631351 0.48506801656177245 0
1591000269258 0.646589265393036 0
1591000906941 0.6617908044133538 0
1591001545460 0.6680173758660891 0
1591002184239 0.6522789145617096 0
1591002822918 0.6589646885945474 0
1591003460570 0.767559681927795 0
1591004098399 0.7581147374640781 0
1591004735483 0.7743633947368298 0
1591005373303 0.7761282032713285 0
1591006013357 0.7727733015764332 0
1591006653953 0.7656199912046003 0
