1590997080042 0.36263889539244687 0
1590997717133 0.37293049736554523 0
1590998355081 0.36395303831439996 0
1590998993618 0.3940559163792293 0
1590999631338 0.35721082219607836 0
1591000269238 0.3960379582263488 0
1591000906929 0.3943671809430622 0
1591001545447 0.4091637707507807 0
1591002184226 0.4054765202629557 0
1591002822906 0.41451007428676884 0
1591003460557 0.5118882533677216 0
1591004098386 0.5073892928716119 0
1591004735470 0.5230686082280751 0
1591005373291 0.5128651896998659 0
1591006013341 0.5212203342605066 0
1591006653939 0.518555762303396 0
