1590997080046 0.35449451057187764 0
1590997717138 0.3640496130325281 0
1590998355085 0.35350008100147207 0
1590998993622 0.38507239452952213 0
1590999631342 0.34703879270975335 0
1591000269242 0.38764963372580724 0
1591000906933 0.38659124199661193 0
1591001545452 0.40126854624426755 0
1591002184230 0.39667182030096637 0
1591002822910 0.4064368585986166 0
1591003460562 0.5003333846232039 0
1591004098390 0.49612447387882924 0
1591004735475 0.5114747858337462 0
1591005373295 0.5022831979506986 0
1591006013346 0.5096302779738223 0
1591006653944 0.5071406274095985 0
