1590997080044 0.35957985445535545 0
1590997717135 0.36919058433435376 0
1590998355083 0.35966359738283527 0
1590998993620 0.3903840413071093 0
1590999631340 0.3529425044321157 0
1591000269240 0.3923281398794154 0
1591000906931 0.39152567202584065 0
1591001545450 0.4059214712192705 0
1591002184228 0.40200917086512866 0
1591002822908 0.41151666479293975 0
1591003460559 0.5075563313940188 0
1591004098388 0.5031321120354814 0
1591004735473 0.5186743136936762 0
1591005373293 0.5084045274082762 0
1591006013344 0.5163226633949224 0
1591006653941 0.5143549849900282 0
