1590997080061 0.5551655036009361 0
1590997717152 0.5788461441550473 0
1590998355099 0.5349260832671346 0
1590998993637 0.6345485147966449 0
1590999631357 0.4620151644356134 0
1591000269266 0.6217352657657256 0
1591000906947 0.6386728272585154 0
1591001545466 0.6450460377473669 0
1591002184245 0.6274533239974835 0
1591002822924 0.6341849738693657 0
1591003460576 0.7362180782083371 0
1591004098405 0.7285445358877407 0
1591004735489 0.7436299516789329 0
1591005373309 0.7468181670238471 0
1591006013364 0.742174797558326 0
1591006653959 0.7349586335192388 0
