1590996967632 0.3264653248653048 0
1590997609882 0.28609000308766375 0
1590998247518 0.2748675481799446 0
1590998886593 0.2667883278331198 0
1590999523722 0.2608680330089855 0
1591000162054 0.2577151153719894 0
1591000799717 0.25392255453797424 0
1591001438147 0.2496634071252362 0
1591002076662 0.24781778337692137 0
1591002715550 0.24422085059294443 0
1591003353965 0.23399584964635728 0
1591003991915 0.23188082428111953 0
1591004629241 0.22982790755774907 0
1591005266710 0.22730790399528591 0
1591005905953 0.2268285482039356 0
1591006547151 0.22633062365476603 0
