1590996967625 0.45498360573052476 0
1590997609879 0.3903618340495783 0
1590998247516 0.37427887975551005 0
1590998886590 0.364104922951991 0
1590999523716 0.3601880418516425 0
1591000162051 0.35443982489688736 0
1591000799713 0.35147142673175014 0
1591001438144 0.34698558868833435 0
1591002076659 0.3439491901400356 0
1591002715547 0.3415283994421948 0
1591003353958 0.3285905653410615 0
1591003991909 0.3244725398835295 0
1591004629239 0.3213416167304991 0
1591005266707 0.31965964257142737 0
1591005905946 0.3191578286700641 0
1591006547147 0.3180088868752685 0
