1593399350375 0.20265538825358123 0
1593400954629 0.20055111366477427 0
1593402554829 0.20116957667356292 0
1593404146802 0.31432874661969973 0
1593405746640 0.31070303122491544 0
1593407340509 0.24629247088788322 0
1593408925407 0.3380595968004587 0
1593410532280 0.21141376914290122 0
1593412121737 0.28809757313228296 0
1593413721806 0.26206258583380426 0
1593415321188 0.2444416385045345 0
1593416917049 0.21768943287684347 0
1593418522938 0.2907459454010204 0
1593420104081 0.332648410030375 0
1593421691651 0.3720814150727648 0
1593423088812 0.2020199614489843 0
1593424393373 0.3617212771609489 0
1593425719097 0.34907187177674515 0
1593427036239 0.21036191266512708 0
1593428355589 0.2856126552746936 0
1593429670082 0.2735804067267136 0
1593430985229 0.256681689354388 0
1593432296648 0.2973827971778488 0
1593433619550 0.43224005081394895 0
1593434932832 0.22935999345018154 0
1593436259013 0.35464894930509383 0
1593437569410 0.3912194679214457 0
1593438889133 0.43218317322443855 0
1593440202274 0.2882532374290757 0
1593441535761 0.38784579869543007 0
1593442842776 0.3641969076760189 0
1593444168800 0.3628617820148199 0
1593445483922 0.40618657566109617 0
1593446809904 0.32921634694276813 0
1593448127638 0.4242336172786421 0
1593449449848 0.4990008103021994 0
1593450758882 0.4409076394059954 0
1593452077704 0.4760289627090781 0
1593453380616 0.43049720933632285 0
1593454701615 0.456034388531267 0
1593456001004 0.4633849437564131 0
1593457320968 0.464694960982808 0
1593458639284 0.47498966271397663 0
1593459956683 0.45528274823091963 0
1593461266416 0.4815185753505246 0
1593462581765 0.4673973465649153 0
1593463892083 0.4853217792203452 0
1593465205947 0.48675015714764486 0
1593466527041 0.47980756528697577 0
1593467839281 0.48392034825962466 0
1593469159557 0.48574764206616816 0
1593470473015 0.4902507551726325 0
1593471793245 0.49234503439366206 0
1593473104099 0.4961864926940244 0
1593474428702 0.4882858724099351 0
1593475741943 0.4842553087001613 0
1593477057312 0.45892471314745714 0
1593478370463 0.47384064499728773 0
1593479687660 0.48717208766859593 0
1593480999034 0.4991376942033218 0
1593482312304 0.4679549894266161 0
1593483627343 0.44948193526097474 0
1593484942285 0.44290020899724064 0
1593486252622 0.4786753051418095 0
1593487570525 0.5714735133767878 0
1593488881752 0.42102158555960845 0
1593490199645 0.4343537194201799 0
1593491508346 0.44237241149253764 0
1593492830459 0.4911556190547698 0
1593494137369 0.48008689699960216 0
1593495464732 0.5297118577783468 0
1593496780302 0.47104898827866426 0
1593498101463 0.498958662763673 0
1593499413391 0.38286945897519653 0
1593500728270 0.45036936083198453 0
1593502041740 0.41036260562325894 0
1593503363469 0.4311661379977946 0
