1593399350377 0.1974744321409405 0
1593400954631 0.19248060988386867 0
1593402554832 0.19205681206966355 0
1593404146806 0.29992115135765496 0
1593405746643 0.29619269101896656 0
1593407340511 0.23675872798457953 0
1593408925417 0.32400459762398326 0
1593410532283 0.2041107777153921 0
1593412121739 0.2731460721711134 0
1593413721808 0.2513350669728772 0
1593415321194 0.23508874796200602 0
1593416917052 0.20924001034278888 0
1593418522941 0.2769481616803815 0
1593420104083 0.31720697721625274 0
1593421691653 0.35753867605718576 0
1593423088815 0.1947545391854688 0
1593424393376 0.3471083285251814 0
1593425719099 0.33278747752177 0
1593427036241 0.20414035510687534 0
1593428355591 0.27490927805304033 0
1593429670084 0.2648449993316345 0
1593430985233 0.24611886133579544 0
1593432296651 0.28371776301651924 0
1593433619552 0.4112394789256475 0
1593434932835 0.22181507027258873 0
1593436259022 0.33742246249204033 0
1593437569413 0.3744523207526564 0
1593438889135 0.41059799315737827 0
1593440202277 0.2744106122746102 0
1593441535763 0.3692996915106042 0
1593442842778 0.34845019261771 0
1593444168803 0.34814666518575377 0
1593445483924 0.3868125449889342 0
1593446809907 0.3164659283482832 0
1593448127641 0.4050091643775838 0
1593449449851 0.47318837345690995 0
1593450758884 0.4188032042693734 0
1593452077707 0.45315371582553393 0
1593453380618 0.4089484801212146 0
1593454701622 0.43376889943500196 0
1593456001006 0.4392877833512803 0
1593457320971 0.44269698980572697 0
1593458639287 0.45161057067582805 0
1593459956685 0.43469469129574007 0
1593461266418 0.45838841665335955 0
1593462581767 0.4459432761859813 0
1593463892085 0.4637252555253032 0
1593465205952 0.4639549166365539 0
1593466527044 0.45831337787819865 0
1593467839283 0.4625050200725523 0
1593469159559 0.4639425788606858 0
1593470473017 0.4680401849001133 0
1593471793248 0.46949214895845137 0
1593473104117 0.4726107623265486 0
1593474428704 0.4642435212913684 0
1593475741945 0.4617196720638888 0
1593477057314 0.4367128657004339 0
1593478370465 0.4509551099934116 0
1593479687662 0.46238946265557473 0
1593480999036 0.4768662517125219 0
1593482312306 0.4464384926042847 0
1593483627345 0.42925677129950296 0
1593484942287 0.42413430820707526 0
1593486252624 0.45510987336804565 0
1593487570527 0.5429166281751081 0
1593488881754 0.4010623543348834 0
1593490199647 0.4120313568555104 0
1593491508348 0.42000127007475685 0
