1593399350397 0.5411508889188629 0
1593400954681 0.4868113699444535 0
1593402554844 0.4354952553746434 0
1593404146868 0.6052723417054455 0
1593405746740 0.6291298942919867 0
1593407340529 0.5871482680117046 0
1593408925492 0.6367523013963567 0
1593410532302 0.5538967117946672 0
1593412121756 0.5959463674631674 0
1593413721839 0.6052654378964267 0
1593415321301 0.5721719286142075 0
1593416917062 0.5712267450382599 0
1593418522985 0.6146286234376794 0
1593420104132 0.626266441562718 0
1593421691739 0.6503691645305554 0
1593423088835 0.44605656627823803 0
1593424393385 0.6377437344330598 0
1593425719118 0.605987987430874 0
1593427036252 0.5369256074801629 0
1593428355609 0.6021846190681945 0
1593429670101 0.6248464683074056 0
1593430985249 0.5823130968987217 0
1593432296670 0.5972126090838739 0
1593433619574 0.655697252661211 0
1593434932848 0.6048761111738065 0
1593436259052 0.6433080414656712 0
1593437569427 0.6435481229304828 0
1593438889190 0.6571581641119095 0
1593440202286 0.5973262152660349 0
1593441535789 0.653360308660188 0
1593442842791 0.6588423021897769 0
1593444168816 0.6508617853214048 0
1593445483945 0.6618147790016433 0
1593446809988 0.6395717265181838 0
1593448127649 0.662934548497717 0
1593449449860 0.6884655941247069 0
1593450758940 0.6765071862628917 0
1593452077733 0.6771682882069292 0
1593453380633 0.6718732662128807 0
1593454701633 0.6806789269578458 0
1593456001024 0.6726125618817567 0
1593457320984 0.6767488133395195 0
1593458639294 0.6808953869258838 0
1593459956728 0.6791802749794078 0
1593461266430 0.688087674472602 0
1593462581783 0.6843811264791388 0
1593463892105 0.6832143114175436 0
1593465206009 0.6881180324337471 0
1593466527081 0.6897479912688181 0
1593467839293 0.6909476491221264 0
1593469159569 0.6921611532441414 0
1593470473030 0.6917245096597011 0
1593471793260 0.6866360511940255 0
1593473104220 0.6868560627161489 0
1593474428713 0.6882046695633429 0
1593475741957 0.689631228428039 0
1593477057345 0.6789064689153398 0
1593478370485 0.6887598089767257 0
1593479687677 0.6816601173725113 0
1593480999091 0.6873732604826915 0
1593482312322 0.6824263351761235 0
1593483627356 0.6691800222947195 0
1593484942335 0.6789214786907585 0
1593486252671 0.685370015016906 0
1593487570540 0.699375871318969 0
1593488881768 0.6678514758706772 0
1593490199656 0.6514352047656854 0
1593491508368 0.6568804811226743 0
1593492830474 0.6756882198162516 0
1593494137414 0.682039068534741 0
1593495464760 0.6803010639225711 0
1593496780328 0.680837768139419 0
1593498101503 0.661831766261975 0
1593499413420 0.6444838383262046 0
1593500728286 0.6679824740007301 0
1593502041756 0.6498139866886692 0
1593503363494 0.656308911050058 0
