1593399350393 0.5811071268808281 0
1593400954662 0.5177571898490898 0
1593402554842 0.4653918961214943 0
1593404146859 0.6493145672822884 0
1593405746732 0.6639262705834238 0
1593407340527 0.6223239256152194 0
1593408925457 0.6803528127924675 0
1593410532301 0.5876943821989992 0
1593412121754 0.6319051614130711 0
1593413721831 0.640120678564323 0
1593415321300 0.6106109029118758 0
1593416917060 0.6103819317860557 0
1593418522971 0.6523666893869426 0
1593420104128 0.6679398696947001 0
1593421691703 0.693523065751524 0
1593423088834 0.473568966391968 0
1593424393384 0.6749263284382994 0
1593425719115 0.6451114650377888 0
1593427036251 0.5737081133213046 0
1593428355607 0.6466631577808389 0
1593429670098 0.6620368422876827 0
1593430985247 0.6262519958282582 0
1593432296669 0.6363083927301932 0
1593433619560 0.6995529428414592 0
1593434932845 0.6490193224179055 0
1593436259051 0.6781955323860243 0
1593437569425 0.6845418192797701 0
1593438889182 0.698422147442638 0
1593440202285 0.6386852499433985 0
1593441535786 0.6935987775730706 0
1593442842789 0.6943623563435843 0
1593444168814 0.6953096651742882 0
1593445483941 0.7043253217285784 0
1593446809978 0.6811841573404017 0
1593448127648 0.7019114985116932 0
1593449449859 0.72732128346414 0
1593450758933 0.7135854729013531 0
1593452077731 0.7143289455594732 0
1593453380630 0.7085279251564828 0
1593454701632 0.7206209582608804 0
1593456001021 0.7148322117132694 0
1593457320980 0.7170534847150224 0
1593458639293 0.7191338498439164 0
1593459956726 0.7200301851238083 0
1593461266428 0.7280134643893008 0
1593462581780 0.7237476420062182 0
1593463892103 0.7232251482586105 0
1593465206005 0.7228160289230834 0
1593466527077 0.727677822550879 0
1593467839292 0.726555589435976 0
1593469159568 0.7282794221904674 0
1593470473028 0.7294547359407594 0
1593471793258 0.7248303049148594 0
1593473104199 0.7263088533995695 0
1593474428711 0.7257363190722572 0
1593475741955 0.7291783804521368 0
1593477057341 0.7188874533557095 0
1593478370483 0.7290074566624167 0
1593479687674 0.7202480631787486 0
1593480999083 0.7251821932584612 0
1593482312320 0.7240612489669631 0
1593483627354 0.7111818497293084 0
1593484942329 0.7204849424271514 0
1593486252657 0.729732224793756 0
1593487570537 0.740341578520289 0
1593488881766 0.708884521497065 0
1593490199655 0.6832822037268346 0
1593491508364 0.7000591897372507 0
