1593399350389 0.6114665115102239 0
1593400954659 0.5433680636663807 0
1593402554840 0.49199618624810326 0
1593404146851 0.6832904876635879 0
1593405746723 0.6946335360886444 0
1593407340526 0.6502997798875411 0
1593408925451 0.7062785159060436 0
1593410532300 0.6181889743258874 0
1593412121748 0.6630293657321246 0
1593413721822 0.6701235588679245 0
1593415321299 0.6398718156878207 0
1593416917059 0.6346831646977001 0
1593418522966 0.6878849920120735 0
1593420104123 0.6963067944987427 0
1593421691700 0.7191051491926413 0
1593423088832 0.49625809057528114 0
1593424393383 0.7029777254685713 0
1593425719112 0.6754103171337338 0
1593427036249 0.5968746432256967 0
1593428355604 0.6757466570550253 0
1593429670097 0.6865394650482315 0
1593430985245 0.6562190027173466 0
1593432296668 0.6633320324113674 0
1593433619559 0.7318386186793753 0
1593434932843 0.6747872390695974 0
1593436259050 0.7117868550238816 0
1593437569422 0.7108104578814516 0
1593438889173 0.7360966022228714 0
1593440202284 0.6675264046664111 0
1593441535783 0.7287291570568677 0
1593442842786 0.7267429358052199 0
1593444168812 0.7228196247324621 0
1593445483938 0.7312723021241178 0
1593446809959 0.7087059313870521 0
1593448127647 0.7361028215059247 0
1593449449857 0.7597673593874045 0
1593450758910 0.7476340925516587 0
1593452077729 0.7451543587452447 0
1593453380628 0.7431584431972424 0
1593454701631 0.7487364941119483 0
1593456001012 0.7424075719216086 0
1593457320978 0.745998921036129 0
1593458639292 0.7472127341645816 0
1593459956723 0.7456497030126744 0
1593461266426 0.75442410778267 0
1593462581776 0.7526305720202674 0
1593463892102 0.7511871078925316 0
1593465205994 0.7498848929522153 0
1593466527074 0.7528694064207128 0
1593467839291 0.7508343934124513 0
1593469159567 0.7526167193482367 0
1593470473025 0.7549985183939955 0
1593471793256 0.7523790290286665 0
1593473104143 0.7529031538870895 0
1593474428710 0.7525763123541956 0
1593475741953 0.7558296620850524 0
1593477057337 0.7441234643741594 0
1593478370472 0.7515490861524523 0
1593479687673 0.7493038614644522 0
1593480999064 0.7500743906070969 0
1593482312318 0.7505751737247475 0
1593483627353 0.7404036839216562 0
1593484942324 0.7468329854177315 0
1593486252650 0.7590089526766387 0
1593487570535 0.7698110790436066 0
1593488881763 0.7388912724198559 0
1593490199654 0.7166029893054738 0
1593491508358 0.7311722343409529 0
