1593399350376 0.2009566341310257 0
1593400954630 0.1974639480690348 0
1593402554831 0.1978106248897219 0
1593404146805 0.30959125109119656 0
1593405746641 0.30475880235300723 0
1593407340510 0.2422804628840537 0
1593408925408 0.33274441902800206 0
1593410532281 0.20955739528387454 0
1593412121738 0.28230912470189845 0
1593413721807 0.25769191351974496 0
1593415321191 0.24150751344470756 0
1593416917050 0.21404922620893677 0
1593418522939 0.286050109835985 0
1593420104082 0.32642540249953816 0
1593421691652 0.3653186921852851 0
1593423088814 0.19972524066783318 0
1593424393375 0.3553843802536383 0
1593425719098 0.3427437783994818 0
1593427036240 0.20789211246469952 0
1593428355590 0.28099341157497065 0
1593429670083 0.26977725540037634 0
1593430985232 0.25328061334598334 0
1593432296650 0.2913940252757157 0
1593433619551 0.42385264755733204 0
1593434932834 0.22645819001746215 0
1593436259021 0.3468691534020701 0
1593437569411 0.3849311221558871 0
1593438889134 0.4244297336257398 0
1593440202275 0.2828860805559008 0
1593441535762 0.38177112004584424 0
1593442842777 0.3586680192071778 0
1593444168802 0.35797131532154985 0
1593445483923 0.39807915413905803 0
1593446809905 0.3245678398451311 0
1593448127639 0.418316238800953 0
1593449449849 0.48953130474092516 0
1593450758883 0.43302228353751626 0
1593452077705 0.4672379057811254 0
1593453380617 0.4219025980984781 0
1593454701617 0.44707008790798447 0
1593456001005 0.4532668508164938 0
1593457320969 0.4569699521591131 0
1593458639285 0.466119152321632 0
1593459956684 0.44578835558133745 0
1593461266417 0.47230836148440725 0
1593462581766 0.4576872330584739 0
1593463892084 0.47557327956647005 0
1593465205949 0.47689569082999655 0
1593466527043 0.4705091277456992 0
1593467839282 0.47485151078716886 0
1593469159558 0.4762770016883573 0
1593470473016 0.48109775903470253 0
1593471793246 0.4828541572403601 0
1593473104104 0.48627944997850986 0
1593474428703 0.47762456767656697 0
1593475741944 0.47561418592054866 0
1593477057313 0.44906371857646576 0
1593478370464 0.464457888376248 0
1593479687661 0.47664541487714995 0
1593480999035 0.4896034047337289 0
1593482312305 0.45950361785728133 0
1593483627344 0.44228173048812036 0
1593484942286 0.43466793679959 0
1593486252623 0.4700240704740352 0
1593487570526 0.5593984009536794 0
1593488881753 0.4130956419245284 0
1593490199646 0.4265328646539044 0
1593491508347 0.432833621811885 0
