1593399230410 0.11651294768583312 0
1593400842286 0.09939567026396451 0
1593402442199 0.09373220187879985 0
1593404042973 0.09179474816968043 0
1593405635886 0.08843134103385224 0
1593407238157 0.08733471181017882 0
1593408824567 0.08606687721895111 0
1593410420061 0.08544521522884624 0
1593412018418 0.0853684522770698 0
1593413615558 0.08500378690906941 0
1593415208366 0.08421180473118456 0
1593416803500 0.08290490533479235 0
1593418419018 0.08222931295026545 0
1593419996667 0.08160569565282486 0
1593421584706 0.08098687578670004 0
1593423008059 0.0807162584123117 0
1593424317516 0.07976773028459513 0
1593425639743 0.08034950921269642 0
1593426955895 0.07881927301324057 0
1593428277695 0.07804084456151802 0
1593429589855 0.0786632445559724 0
1593430906791 0.07803179971365766 0
1593432217694 0.07690915672962244 0
1593433541354 0.07641711999718664 0
1593434852313 0.07593183295984725 0
1593436180995 0.07572703866930114 0
1593437489767 0.07487001693384214 0
1593438810922 0.07466578234523309 0
1593440119691 0.07473603342871436 0
1593441458068 0.07413429544645954 0
1593442764375 0.07305606419509841 0
1593444090271 0.07315687056292187 0
1593445405858 0.07261006739943034 0
1593446732155 0.07181651504696206 0
1593448050786 0.07137643002418124 0
1593449371025 0.07131134318875741 0
1593450686309 0.07079143026953028 0
1593452001430 0.07022393201160329 0
1593453313144 0.07047101836933782 0
1593454625551 0.06997755124360662 0
1593455936657 0.06958575934087011 0
1593457243367 0.06926488513162246 0
1593458572139 0.06910347068509454 0
1593459880961 0.06916892636659075 0
1593461196296 0.06880748070684742 0
1593462504221 0.06867072395945081 0
1593463815361 0.06861350154257238 0
1593465128185 0.06842518247536976 0
1593466450458 0.06851862170239628 0
1593467763025 0.06833080181174657 0
1593469080663 0.06849525355606932 0
1593470397044 0.06853384965374558 0
1593471715345 0.06828805304019514 0
1593473028223 0.06851230841659178 0
1593474350890 0.06867310883226861 0
1593475664529 0.06851418240165169 0
1593476978151 0.06854413026259422 0
1593478293391 0.06874348118876558 0
1593479611049 0.06894767239502857 0
1593480921780 0.06889170635611552 0
1593482233249 0.06875735384087558 0
1593483550420 0.06910349145729208 0
1593484866710 0.06894979792625898 0
1593486174869 0.0695484616056395 0
1593487494398 0.06976288460039844 0
1593488803225 0.06980678074725086 0
1593490120617 0.06992338358417549 0
1593491431310 0.0703524102317522 0
1593492752882 0.07031344104325399 0
1593494058861 0.07107418645384976 0
1593495385521 0.07080125004744553 0
1593496703599 0.07099696216138193 0
1593498025719 0.071929059012539 0
1593499334713 0.07145383532659969 0
1593500651339 0.0723285969570773 0
1593501963439 0.07235122217345193 0
1593503284974 0.07229713502756292 0
