1593399230406 0.3977729833233311 0
1593400842282 0.35703948913424305 0
1593402442194 0.34772299793125555 0
1593404042969 0.34120117984429904 0
1593405635882 0.3287406124767255 0
1593407238154 0.3255501322899804 0
1593408824563 0.3168705136261203 0
1593410420058 0.3124483648094941 0
1593412018414 0.31229650734387565 0
1593413615555 0.310907875469914 0
1593415208363 0.30466295974893554 0
1593416803497 0.30165847335857426 0
1593418419015 0.3010487864217298 0
1593419996664 0.29929826005051535 0
1593421584702 0.2977383312289462 0
1593423008056 0.2956248955010916 0
1593424317512 0.29355115282603284 0
1593425639739 0.2988914945374497 0
1593426955892 0.28855686012486165 0
1593428277691 0.2869963910656445 0
1593429589847 0.2903415717636094 0
1593430906787 0.2861797854261981 0
1593432217689 0.2845255425482085 0
1593433541350 0.28334741171618755 0
1593434852308 0.2830530048743116 0
1593436180992 0.28116267734686984 0
1593437489763 0.27969735104477766 0
1593438810918 0.2777153871050387 0
1593440119688 0.27831207864889596 0
1593441458065 0.2764179184186188 0
1593442764371 0.2731837622087562 0
1593444090268 0.27427122204310517 0
1593445405855 0.2707532841049022 0
1593446732151 0.2697558010801334 0
1593448050781 0.26814672864521993 0
1593449371021 0.26851712223706825 0
1593450686305 0.26720247805739444 0
1593452001426 0.2646831529158534 0
1593453313141 0.2651651077339369 0
1593454625547 0.26332407918843354 0
1593455936653 0.2630355006620062 0
1593457243363 0.2627126130585869 0
1593458572135 0.2605335358177509 0
1593459880957 0.2602556831711395 0
1593461196292 0.2597826249107267 0
1593462504217 0.26069407515707566 0
1593463815357 0.2586627821720233 0
1593465128181 0.2590731882603105 0
1593466450455 0.26012789748721954 0
1593467763021 0.25905589731127926 0
1593469080659 0.25804733597871027 0
1593470397041 0.25969419564176915 0
1593471715341 0.25813883674951893 0
1593473028219 0.2581532580114788 0
1593474350886 0.2587686904960058 0
1593475664525 0.2575161593232417 0
1593476978147 0.2589632955690225 0
1593478293385 0.2586174111841529 0
1593479611045 0.2567612416407263 0
1593480921772 0.2597243586117684 0
1593482233246 0.2603885730248735 0
1593483550416 0.26110931583256886 0
1593484866706 0.2601552693822393 0
1593486174865 0.2609726378101517 0
1593487494392 0.2600935395722362 0
1593488803222 0.26055893471295183 0
1593490120613 0.26122556765084015 0
1593491431307 0.2636944657106968 0
1593492752879 0.26189768530964624 0
1593494058858 0.2651443161691229 0
1593495385516 0.262610083897457 0
1593496703596 0.2673924271878081 0
1593498025715 0.26672764478787553 0
1593499334709 0.2655870282994301 0
1593500651336 0.2692247468865279 0
1593501963435 0.26922851881350984 0
1593503284970 0.2689097802098276 0
