1594920887153 0.6906405082899872 0
1594923188167 0.6545604317420369 0
1594925446394 0.611527884348101 0
1594927713789 0.6526220553598683 0
1594929984599 0.6138161786439456 0
1594932254790 0.6343562857899211 0
1594934529349 0.7228035259442801 0
1594936808608 0.7093129914734416 0
1594939085135 0.7148830163396717 0
1594941356767 0.7437604750917135 0
1594943631165 0.7250935237027397 0
1594945893322 0.7172423915668044 0
1594948163668 0.7286912365989178 0
1594950451708 0.7601906852451082 0
1594952734288 0.7496065508437942 0
1594955006524 0.7336625208334011 0
1594957288877 0.7494244771518824 0
1594959576028 0.7329482224837488 0
1594961861252 0.7449978055278819 0
1594964127449 0.744077009130867 0
1594966385955 0.7479579102936815 0
1594968663418 0.756997832594909 0
1594970921283 0.7595618477374463 0
1594973205217 0.7513597896410029 0
1594975481435 0.741937313627451 0
1594977754393 0.75434058910953 0
1594980030740 0.7477486367609575 0
1594982325690 0.7518844329676884 0
1594984610860 0.7512180781931743 0
1594986900793 0.7436930970889588 0
1594989180052 0.7546173673221163 0
1594991471224 0.7465810247883038 0
1594993753782 0.7507922028503916 0
1594996037044 0.7553296104280549 0
1594998311015 0.7504924771533933 0
1595000598591 0.756020565548569 0
1595002861826 0.7526406835511904 0
1595005128323 0.7505571981968259 0
1595007370526 0.7536497005949203 0
1595009622459 0.7475673028458906 0
1595011862665 0.7503692229738955 0
1595014115202 0.7591707520046981 0
1595016377379 0.7444793315087366 0
1595018632216 0.7586127722723117 0
1595020883825 0.7485666749873973 0
1595023156328 0.749417601670783 0
1595025426418 0.7507168499104306 0
1595027698881 0.7513096913456757 0
1595029978367 0.7535833233351494 0
1595032273448 0.7572238016886469 0
1595034544006 0.7508179143396048 0
1595036830417 0.752376230057987 0
1595039084985 0.7511657529129796 0
1595041373679 0.7540791199157512 0
1595043624349 0.7465084154849062 0
1595045888137 0.747439524363833 0
1595048166125 0.7518871287325938 0
1595050446663 0.7528647750674964 0
1595052701659 0.7510218600960105 0
1595054959085 0.7551800007787498 0
1595057225211 0.7542796595819162 0
1595059513943 0.737759109338227 0
1595061800923 0.7574037661555968 0
1595064064073 0.7564480619284685 0
1595066335339 0.7518936479988174 0
1595068610172 0.7526057872516118 0
1595070865478 0.7539262444228715 0
1595073131629 0.7494574640931664 0
1595075384801 0.756671134300077 0
1595077638698 0.7488609183926511 0
1595079723569 0.7506966913969438 0
1595081674518 0.754812966104725 0
1595083592062 0.7486458250361191 0
1595085482314 0.7541912410162742 0
1595087340296 0.7510875520302588 0
1595089190607 0.7504273482951461 0
1595091056932 0.7562974488387142 0
1595092909856 0.7505692657147458 0
1595094774285 0.7415793812465165 0
1595096645014 0.7567844322181048 0
1595098502334 0.7498592361807762 0
1595100372720 0.7514572776217993 0
1595102223790 0.7575330233388516 0
1595104069666 0.7471608564687654 0
1595105939797 0.7594408167186415 0
1595107793059 0.7472855652177836 0
1595109644423 0.7551837673806691 0
1595111506337 0.7541305348030339 0
1595113366947 0.75099769381708 0
1595115212892 0.7549662527175379 0
1595117068634 0.7489552292044171 0
1595118922700 0.7548665275293841 0
1595120770004 0.7517194450110336 0
1595122631396 0.7544313221846751 0
1595124493931 0.7536354495185544 0
1595126347789 0.7519875642076612 0
1595128176744 0.7519218276091767 0
1595130023837 0.753397186398482 0
1595131880326 0.7513103799581048 0
1595133730681 0.7511421331543555 0
