1594920887142 0.36341314444559225 0
1594923188159 0.3653913577760259 0
1594925446384 0.36612335975268945 0
1594927713779 0.3651457499330822 0
1594929984588 0.36477467340419 0
1594932254780 0.36524481797497116 0
1594934529338 0.3684583544014071 0
1594936808597 0.36879110496814344 0
1594939085123 0.36861769045718923 0
1594941356757 0.36800922619749254 0
1594943631149 0.3731005343131716 0
1594945893312 0.37505293636971115 0
1594948163658 0.3709759826709845 0
1594950451696 0.3719491322738104 0
1594952734278 0.36997379466959984 0
1594955006513 0.3717008734069934 0
1594957288865 0.3711435598465778 0
1594959576017 0.3750259179181274 0
1594961861240 0.3717708622590783 0
1594964127430 0.37214096857509393 0
1594966385947 0.3720662165467828 0
1594968663408 0.3722306239478448 0
1594970921267 0.37186634041127425 0
1594973205206 0.37213244676157764 0
1594975481424 0.37164170158542276 0
1594977754383 0.3720385728414986 0
1594980030730 0.3711765781506833 0
1594982325659 0.3715958409558748 0
1594984610850 0.37149170099504125 0
1594986900779 0.3714993942770611 0
1594989180029 0.37215556175778847 0
1594991471203 0.37169879659282434 0
1594993753771 0.37215916413758887 0
1594996037036 0.3715175318584466 0
1594998311004 0.3718463992068766 0
1595000598580 0.37099974599235086 0
1595002861815 0.3708608201659551 0
1595005128308 0.37163693686845595 0
1595007370505 0.37199450336713463 0
1595009622442 0.37225228815817174 0
1595011862654 0.3725433352068666 0
1595014115182 0.37084656669718513 0
1595016377369 0.37250381904967006 0
1595018632206 0.37164286945358027 0
1595020883814 0.37259573590942985 0
1595023156315 0.371500293282019 0
1595025426407 0.37270283050474806 0
1595027698864 0.3713772587405347 0
1595029978356 0.37214755422489626 0
1595032273426 0.3712420532989462 0
1595034543995 0.3724023426562865 0
1595036830406 0.3717661670598111 0
1595039084979 0.3720978595881825 0
1595041373659 0.3719573985583586 0
1595043624338 0.3716248418706325 0
1595045888126 0.3722947419558302 0
1595048166114 0.37221289092181015 0
1595050446653 0.3716551194692155 0
1595052701648 0.37213212571842597 0
1595054959075 0.37174843328717305 0
1595057225201 0.3728402629576415 0
1595059513932 0.37131509880245467 0
1595061800912 0.37179700028429613 0
1595064064062 0.3717407459435117 0
1595066335329 0.37148928008890014 0
1595068610153 0.3728472437433502 0
1595070865467 0.3719723000603569 0
1595073131618 0.3717379449757882 0
1595075384794 0.37146501799118975 0
1595077638677 0.3717351528356269 0
1595079723557 0.37240607634259876 0
1595081674507 0.3723089030259443 0
1595083592051 0.37156375524275004 0
1595085482304 0.37180500895043256 0
1595087340286 0.3722425335644827 0
1595089190587 0.3727415597357658 0
1595091056921 0.37195260816930475 0
1595092909844 0.3720437700339364 0
1595094774274 0.3729328226952857 0
1595096645004 0.3716865825291256 0
1595098502328 0.3723238904114889 0
1595100372709 0.37215139243455714 0
1595102223780 0.37135514782698825 0
1595104069654 0.37240312206129744 0
1595105939787 0.37263165989716496 0
1595107793048 0.37251894139495545 0
1595109644412 0.3720653734956373 0
1595111506327 0.3721179053886299 0
1595113366936 0.3722810495962505 0
1595115212882 0.3721856246256673 0
1595117068624 0.3730830984808491 0
1595118922687 0.3722353215232655 0
1595120769994 0.37191684168893824 0
1595122631385 0.37222888666072107 0
1595124493919 0.3722834473897716 0
1595126347779 0.3716598994503785 0
1595128176734 0.3725125834635996 0
1595130023822 0.37286703523972387 0
1595131880315 0.37136549653195444 0
1595133730670 0.37099156034537445 0
