1594920887149 0.7093335829226428 0
1594923188164 0.6685593260344352 0
1594925446391 0.6211566496984815 0
1594927713786 0.6625234062825985 0
1594929984595 0.6237137653416508 0
1594932254787 0.6460172319570757 0
1594934529346 0.7365480530565262 0
1594936808604 0.7228543015623411 0
1594939085131 0.7293524715240135 0
1594941356764 0.7594413453171367 0
1594943631158 0.7379792998615952 0
1594945893319 0.730582639662229 0
1594948163664 0.7409747844782615 0
1594950451704 0.7747852160020123 0
1594952734284 0.7646421785232648 0
1594955006521 0.7474327168380225 0
1594957288873 0.7632903756985258 0
1594959576024 0.7455912256996975 0
1594961861248 0.75956819342436 0
1594964127446 0.7567082174787226 0
1594966385952 0.7619042472146517 0
1594968663414 0.7714604181829358 0
1594970921274 0.7741263459644082 0
1594973205213 0.7654469623773985 0
1594975481432 0.7555779081161502 0
1594977754389 0.768425766055646 0
1594980030737 0.7624563422939648 0
1594982325665 0.7658797112462671 0
1594984610857 0.7659483229600947 0
1594986900786 0.7572819308578108 0
1594989180038 0.7689192284965622 0
1594991471215 0.7608923691378987 0
1594993753778 0.7654016752938818 0
1594996037041 0.7695117324488625 0
1594998311012 0.765062358719041 0
1595000598587 0.7702151367869299 0
1595002861822 0.7671096682625591 0
1595005128315 0.7653820030995354 0
1595007370519 0.7685452209880999 0
1595009622450 0.7620582287601045 0
1595011862661 0.7645491244620736 0
1595014115194 0.7741991808754738 0
1595016377376 0.7583866317855127 0
1595018632213 0.7732934276845594 0
1595020883821 0.7627806915109149 0
1595023156324 0.7639001269384351 0
1595025426414 0.7644357029739436 0
1595027698875 0.7659404018600777 0
1595029978363 0.7684679816812557 0
1595032273439 0.7719617022593903 0
1595034544002 0.7652970891367074 0
1595036830412 0.7666022011770842 0
1595039084983 0.765484368288925 0
1595041373673 0.7688198146453475 0
1595043624345 0.7607190328711516 0
1595045888133 0.7618894264778121 0
1595048166122 0.7669640604904318 0
1595050446660 0.7674073814574466 0
1595052701655 0.765327665534175 0
1595054959082 0.7701588230915516 0
1595057225207 0.7690047631554224 0
1595059513939 0.7510471420529476 0
1595061800920 0.7719227172896642 0
1595064064069 0.7711715047869804 0
1595066335335 0.7661931552663211 0
1595068610162 0.7678917925347222 0
1595070865474 0.7684364923813185 0
1595073131626 0.7630407751750914 0
1595075384799 0.7718429340162107 0
1595077638690 0.7632251634212168 0
1595079723564 0.7648330650993562 0
1595081674516 0.7691198028798801 0
1595083592058 0.7629297533200651 0
1595085482310 0.7686337654892506 0
1595087340292 0.7654713351187798 0
1595089190600 0.7645713733424027 0
1595091056929 0.77129068301902 0
1595092909852 0.7645186479331885 0
1595094774282 0.7550613775750102 0
1595096645011 0.7715789037899112 0
1595098502332 0.7644226587055031 0
1595100372717 0.7654372228565357 0
1595102223787 0.7726974256477095 0
1595104069662 0.760894663226203 0
1595105939794 0.7742789544820888 0
1595107793055 0.7613491072324967 0
1595109644420 0.7702971294926626 0
1595111506334 0.76841411854758 0
1595113366944 0.7656056700772957 0
1595115212889 0.7696304375465497 0
1595117068630 0.763158399074274 0
1595118922695 0.7694390864732075 0
1595120770001 0.7661296741301843 0
1595122631392 0.769058323432971 0
1595124493928 0.7676795895983162 0
1595126347786 0.766092812345266 0
1595128176740 0.7658630403183968 0
1595130023828 0.7683458138975819 0
1595131880322 0.7657334082687713 0
1595133730678 0.7661629515747894 0
