1591501897823 0.6821440455503073 0
1591502307592 0.7421928517783667 0
1591502717456 0.7416569012320914 0
1591503128006 0.7450228041271407 0
1591503537774 0.7247035726243382 0
1591503947532 0.7470840629920655 0
1591504357507 0.7269072671020347 0
1591504768009 0.769395738018515 0
1591505178698 0.7694539993403731 0
1591505590375 0.7702489734833247 0
1591506001875 0.7683201296448146 0
1591506413602 0.7424122431322484 0
1591506824664 0.7492205789001936 0
1591507235684 0.7701173926467584 0
1591507646767 0.7650908983762671 0
1591508058266 0.7815849729442913 0
1591508469462 0.7604139103090198 0
1591508880886 0.785121026236754 0
1591509291816 0.7740715717892154 0
1591509703880 0.7830916346646623 0
1591510115654 0.769492462203265 0
1591510528022 0.7813679706403247 0
1591510940213 0.7832081437642153 0
1591511353046 0.7845216722517317 0
1591511765209 0.7855079259831406 0
1591512177471 0.7831437174532663 0
1591512588898 0.7828141956785378 0
1591513001426 0.7827026967374882 0
1591513413938 0.7828382736586597 0
1591513826647 0.7835453466881103 0
1591514238747 0.7834955938890324 0
1591514651587 0.7842163744333908 0
1591515063360 0.7845713808255755 0
1591515476417 0.7839544291189614 0
1591515888885 0.7842111708929917 0
1591516301859 0.7839811601558253 0
1591516714467 0.7839589503790185 0
1591517127530 0.7838932542575394 0
1591517540498 0.7837996636184279 0
1591517954056 0.7839885805494237 0
1591518366957 0.7839026298388578 0
1591518779948 0.7839456195313659 0
1591519192947 0.783847314585756 0
1591519605874 0.7836968693284947 0
1591520018856 0.783653640923764 0
1591520431884 0.7838751209059299 0
1591520844830 0.7838101327886721 0
1591521258081 0.783832068593862 0
1591521670552 0.7837443566502328 0
1591522084070 0.783914896494001 0
1591522492554 0.7837546125039683 0
