1591501897811 0.4557503484590458 0
1591502307576 0.5233822294931789 0
1591502717443 0.5219524299739708 0
1591503127988 0.5316630299880637 0
1591503537762 0.5483441929673359 0
1591503947518 0.5602035194384758 0
1591504357495 0.5521226800339678 0
1591504767995 0.6287975861671484 0
1591505178686 0.6112097753775514 0
1591505590363 0.6061545576404661 0
1591506001862 0.5957557800937171 0
1591506413588 0.5709419937759405 0
1591506824652 0.5823940262252708 0
1591507235673 0.6185049690332675 0
1591507646755 0.5918615080032089 0
1591508058254 0.6316465120726154 0
1591508469448 0.6047211693276208 0
1591508880875 0.6568765208137978 0
1591509291804 0.6244131680878416 0
1591509703869 0.6479029680265816 0
1591510115642 0.6306308111547458 0
1591510528010 0.648628015331236 0
1591510940200 0.6517775321408656 0
1591511353035 0.6530263215572121 0
1591511765197 0.6547025179259734 0
1591512177460 0.6536671888619107 0
1591512588887 0.6543561677654036 0
1591513001415 0.6549308483895158 0
1591513413926 0.6542257770183368 0
1591513826631 0.6548233902312741 0
1591514238735 0.655031971248786 0
1591514651576 0.6557045123756213 0
1591515063349 0.6561049621782854 0
1591515476404 0.6557643105944924 0
1591515888872 0.6550845287138187 0
1591516301848 0.6557334165691909 0
1591516714452 0.6550477154885 0
1591517127517 0.655248195134167 0
1591517540485 0.6551162931999359 0
1591517954043 0.6552115454399209 0
1591518366944 0.6551024882701015 0
1591518779933 0.6552323867881601 0
1591519192932 0.6551119104002643 0
1591519605853 0.6549240699010622 0
1591520018844 0.654962537599474 0
1591520431871 0.6551108707194813 0
1591520844818 0.6550124317803644 0
1591521258068 0.6548364465765193 0
1591521670540 0.6549496211553346 0
1591522084057 0.6549820547857607 0
1591522492539 0.6550237447229758 0
