1591501897806 0.499475745336257 0
1591502307570 0.5712459393693936 0
1591502717436 0.5711743950361612 0
1591503127981 0.5773582865718935 0
1591503537757 0.5962119058541007 0
1591503947512 0.6046337175240899 0
1591504357488 0.6033150920066 0
1591504767986 0.6959983795624686 0
1591505178681 0.6663303282885155 0
1591505590357 0.6599029632872769 0
1591506001857 0.6490806537148709 0
1591506413580 0.6218823203644112 0
1591506824646 0.6283764589057652 0
1591507235666 0.673297757413219 0
1591507646748 0.6421575953993373 0
1591508058248 0.686843037602518 0
1591508469441 0.6594727882139922 0
1591508880869 0.7186717933006612 0
1591509291798 0.681127290018396 0
1591509703863 0.7045693036659739 0
1591510115636 0.6857884281110223 0
1591510528004 0.7067466022338418 0
1591510940192 0.7092207219757799 0
1591511353029 0.7112895193824923 0
1591511765192 0.714549597127627 0
1591512177454 0.7121740840446746 0
1591512588881 0.7129675200193831 0
1591513001407 0.714092217123687 0
1591513413921 0.7129070400597922 0
1591513826624 0.7131332499161942 0
1591514238729 0.7137875975375316 0
1591514651570 0.7147462166470203 0
1591515063340 0.7149141431030754 0
1591515476398 0.7144128939579726 0
1591515888865 0.7137923425582023 0
1591516301841 0.7143492501718045 0
1591516714444 0.7137396571915197 0
1591517127511 0.7138815267358277 0
1591517540479 0.7137862158978745 0
1591517954032 0.7138333573427137 0
1591518366937 0.7137977904339612 0
1591518779923 0.7139110852601162 0
1591519192926 0.7137610685864306 0
1591519605847 0.7135382343848774 0
1591520018837 0.7136376833728222 0
1591520431865 0.7137875729039801 0
1591520844813 0.7136841373997641 0
1591521258062 0.7135459637926472 0
1591521670533 0.7136369777463081 0
1591522084050 0.7137552120432915 0
1591522492533 0.7138258186414107 0
