1591501897825 0.6487521353409139 0
1591502307594 0.708553899596666 0
1591502717458 0.7067625916942721 0
1591503128008 0.7130717123947364 0
1591503537776 0.6925397793761658 0
1591503947535 0.7178837475854479 0
1591504357509 0.6938747489048093 0
1591504768011 0.7342099863460648 0
1591505178700 0.7353846396171589 0
1591505590377 0.7365593580753682 0
1591506001877 0.7338628515190204 0
1591506413604 0.7111561738810013 0
1591506824666 0.7197439273958802 0
1591507235686 0.7386509310611363 0
1591507646769 0.7328372000956634 0
1591508058268 0.7489324406846617 0
1591508469466 0.7279608147387187 0
1591508880888 0.751230692684187 0
1591509291818 0.7408173209589403 0
1591509703882 0.7515221166649789 0
1591510115656 0.7379400403997584 0
1591510528025 0.7486346317797494 0
1591510940215 0.7511609574063314 0
1591511353048 0.7524118580604406 0
1591511765211 0.7521314054907523 0
1591512177473 0.7504884104073094 0
1591512588900 0.7500492417462057 0
1591513001429 0.7497753782232948 0
1591513413940 0.7505465382495371 0
1591513826650 0.7510470852018819 0
1591514238749 0.7509260666016631 0
1591514651589 0.7514151440831844 0
1591515063362 0.7518602968931005 0
1591515476419 0.7513588577618978 0
1591515888887 0.7512701557622783 0
1591516301861 0.7513763071417426 0
1591516714469 0.7511332585245581 0
1591517127532 0.7511664307512271 0
1591517540500 0.7510070095058128 0
1591517954058 0.751226105396155 0
1591518366959 0.7510188362977734 0
1591518779950 0.7511247630260063 0
1591519192953 0.751085656358983 0
1591519605878 0.7508254438842459 0
1591520018860 0.7508068595654512 0
1591520431886 0.7509825043164303 0
1591520844831 0.7509343501399404 0
1591521258082 0.7509135694949621 0
1591521670554 0.7509125545817649 0
1591522084073 0.7509879504108758 0
1591522492556 0.7509009165019784 0
