1591501897827 0.7080151135901649 0
1591502307597 0.7663433576265022 0
1591502717460 0.7667892769352701 0
1591503128010 0.768531512383139 0
1591503537778 0.7469273216118751 0
1591503947537 0.7681612050961376 0
1591504357511 0.7495203878991495 0
1591504768012 0.7949287414895806 0
1591505178702 0.7917703154193297 0
1591505590379 0.7904338088210778 0
1591506001879 0.7907782868497787 0
1591506413606 0.7656749352722986 0
1591506824668 0.7696578043287975 0
1591507235688 0.7924880083718953 0
1591507646771 0.7869309215038122 0
1591508058270 0.803593354543379 0
1591508469470 0.7838648141978272 0
1591508880890 0.8081518035723924 0
1591509291820 0.7962153140953873 0
1591509703884 0.8050027315940445 0
1591510115658 0.7915168307666733 0
1591510528027 0.8040896723214619 0
1591510940217 0.8053607492414935 0
1591511353050 0.8067033613732693 0
1591511765213 0.8078932134229059 0
1591512177475 0.8055996659876872 0
1591512588902 0.8049032279248483 0
1591513001431 0.8050179860457362 0
1591513413942 0.8054602981192162 0
1591513826653 0.8058832713457608 0
1591514238751 0.8061934603142836 0
1591514651591 0.8066988665607001 0
1591515063364 0.8068315954471196 0
1591515476421 0.8064892460472759 0
1591515888890 0.8064970310127992 0
1591516301863 0.8064544156199803 0
1591516714470 0.8062934184883862 0
1591517127534 0.8062353529416053 0
1591517540502 0.8061747003586751 0
1591517954060 0.8063302105105681 0
1591518366961 0.8062045022712501 0
1591518779952 0.806267715877015 0
1591519192955 0.8062536578641675 0
1591519605881 0.8060059932939928 0
1591520018866 0.8060149679247673 0
1591520431888 0.8062428672225371 0
1591520844833 0.806222911555655 0
1591521258084 0.8061806739635129 0
1591521670556 0.8061362843158775 0
1591522084075 0.8062617992868436 0
1591522492558 0.8061453881937363 0
