1591501767102 0.2764335566553576 0
1591502182306 0.24423360485455087 0
1591502591677 0.2395261788676525 0
1591503002512 0.23454317948941528 0
1591503412331 0.2303623336142507 0
1591503822456 0.22815873931194175 0
1591504231977 0.2270588212485971 0
1591504643024 0.2256582544795398 0
1591505053267 0.2172514792660187 0
1591505464816 0.21557216382232205 0
1591505876139 0.21421570279474916 0
1591506288055 0.21280309110879897 0
1591506699387 0.2130719681752139 0
1591507110278 0.21166306749500077 0
1591507521310 0.21070319958801928 0
1591507932807 0.2088131368674081 0
1591508343749 0.20471336743954954 0
1591508755629 0.2025868396820693 0
1591509166384 0.2025672659277916 0
1591509578514 0.20103287825296665 0
1591509990158 0.1999840063781574 0
1591510402487 0.20017527172277713 0
1591510814611 0.19953870331418924 0
1591511227458 0.19842880363094395 0
1591511639533 0.19923749417066575 0
1591512052032 0.19851155311896884 0
1591512463430 0.19918282597229398 0
1591512875896 0.19873576775707047 0
1591513288373 0.19913333793138635 0
1591513701085 0.19832697079099457 0
1591514113091 0.19891026688033137 0
1591514526038 0.19934231068553596 0
1591514937967 0.19825633712883653 0
1591515350908 0.19847123705107592 0
1591515763350 0.1979373549592906 0
1591516176305 0.19805964688802588 0
1591516588775 0.19922303932494131 0
1591517001903 0.1982918748054011 0
1591517414747 0.19839050944509176 0
1591517828259 0.19767968145937756 0
1591518241386 0.1985079763778325 0
1591518654287 0.19813622852851603 0
1591519067247 0.19809817291539292 0
1591519480230 0.19756289273500444 0
1591519893240 0.19933586562501973 0
1591520306401 0.19801828881789899 0
1591520719237 0.19862666869985646 0
1591521132368 0.19922332938375145 0
1591521544864 0.19846779596188974 0
1591521958259 0.19872110270220658 0
1591522368345 0.19820164400955725 0
