1591501767099 0.2843127461342976 0
1591502182297 0.24671204814623143 0
1591502591673 0.23704082184824452 0
1591503002509 0.2302937665890003 0
1591503412327 0.22649560853325088 0
1591503822452 0.22598031502345511 0
1591504231971 0.22114251826343864 0
1591504643021 0.22112325799876245 0
1591505053263 0.2115533961818136 0
1591505464814 0.20799389024232995 0
1591505876135 0.20708980092714574 0
1591506288050 0.20356136139096884 0
1591506699383 0.20331127777181823 0
1591507110274 0.20329179573675682 0
1591507521307 0.20088223213779516 0
1591507932804 0.19700812127055792 0
1591508343742 0.19382693238299467 0
1591508755626 0.19442797585807997 0
1591509166379 0.19245714894656477 0
1591509578510 0.19084213545610165 0
1591509990152 0.19065966909301693 0
1591510402483 0.1922027407021358 0
1591510814607 0.19097200621818675 0
1591511227454 0.19055907346051315 0
1591511639529 0.19002316393728913 0
1591512052029 0.1899809366156315 0
1591512463427 0.1895353508406672 0
1591512875893 0.18876300366788074 0
1591513288371 0.18862677714947995 0
1591513701082 0.18888460574992771 0
1591514113088 0.18827888492880196 0
1591514526033 0.18947776170640157 0
1591514937962 0.1892911068324385 0
1591515350905 0.1885585478153722 0
1591515763346 0.19000939135921413 0
1591516176302 0.18830799506656054 0
1591516588772 0.18898868524822696 0
1591517001896 0.1885776361514782 0
1591517414743 0.18844600001285816 0
1591517828250 0.18794934544070013 0
1591518241382 0.1880740083497146 0
1591518654284 0.1873410615941574 0
1591519067244 0.18749142294300014 0
1591519480227 0.188853937644383 0
1591519893235 0.18916989092169137 0
1591520306398 0.18884535586011822 0
1591520719234 0.1891231543031232 0
1591521132365 0.1891640384135575 0
1591521544859 0.1885914196228159 0
1591521958256 0.1878169777578321 0
1591522368342 0.18821938243405573 0
