1592909336573 0.595011478671492 0
1592909752670 0.6661428548812381 0
1592910168013 0.7176431853599411 0
1592910585075 0.7520978360102611 0
1592911001998 0.7070394379410012 0
1592911419990 0.6985449160377794 0
1592911837002 0.687677172206618 0
1592912254402 0.7577372706392747 0
1592912671684 0.7177464275933222 0
1592913090284 0.5958970145447987 0
1592913507989 0.7448293339487402 0
1592913926591 0.7586577824840475 0
1592914344036 0.7505181420419365 0
1592914762731 0.7335764048964194 0
1592915180512 0.7572605978399659 0
1592915598699 0.7339296672034675 0
1592916016234 0.741383886474123 0
1592916435047 0.750799544578201 0
1592916853199 0.7480004866470301 0
1592917272630 0.7720247811830249 0
1592917694854 0.449216927706376 0
1592918117790 0.7758852520899291 0
1592918539699 0.7853913029982219 0
1592918962999 0.7707089040008439 0
1592919385476 0.7795226523394746 0
1592919809010 0.7843051896994495 0
1592920232393 0.7830347811387554 0
1592920656570 0.7715047428505745 0
1592921079315 0.7769431612668766 0
1592921503543 0.780760421716714 0
1592921926531 0.7812706738051599 0
1592922350096 0.7806421562885388 0
