1592909336550 0.20632899134026494 0
1592909752652 0.25787470332059514 0
1592910167991 0.3501977744901803 0
1592910585051 0.4469879528900756 0
1592911001980 0.35247765435716516 0
1592911419971 0.292883218238303 0
1592911836984 0.28236233806391037 0
1592912254383 0.45735350936973324 0
1592912671652 0.32214532510977817 0
1592913090258 0.21064376050573672 0
1592913507960 0.3470495596450477 0
1592913926563 0.4755854890691326 0
1592914344018 0.41593218560669326 0
1592914762712 0.36983465398763005 0
1592915180494 0.4833205607822184 0
1592915598677 0.41299597568053364 0
1592916016211 0.4582860988161651 0
1592916435030 0.40142592181695774 0
1592916853180 0.38843232776148995 0
1592917272612 0.5244044455416333 0
1592917694827 0.231806927837862 0
1592918117766 0.508004046578633 0
1592918539678 0.5618634891706707 0
1592918962979 0.5014688658920168 0
1592919385455 0.4837953397554624 0
1592919808987 0.5751364481687078 0
1592920232376 0.5090629657917242 0
1592920656549 0.4895517685186511 0
1592921079296 0.5096612488075346 0
1592921503525 0.5106164561935218 0
1592921926513 0.5107866223613159 0
1592922350076 0.4979907910093037 0
