1592909336571 0.6132337346369815 0
1592909752668 0.681814363504849 0
1592910168011 0.7350303135161201 0
1592910585073 0.7631526596282138 0
1592911001996 0.722931818010575 0
1592911419988 0.7146160699852062 0
1592911837000 0.7043828173416363 0
1592912254400 0.7720920022034119 0
1592912671680 0.7303444840073762 0
1592913090282 0.6143492027884606 0
1592913507985 0.7586347047430214 0
1592913926587 0.7707152687128394 0
1592914344034 0.7611450122891046 0
1592914762729 0.7511884830947062 0
1592915180510 0.7721322572759196 0
1592915598697 0.7484283745742848 0
1592916016232 0.7572492137516965 0
1592916435045 0.764018184695229 0
1592916853197 0.760135339502522 0
1592917272628 0.7855068175903319 0
1592917694851 0.4610624726016902 0
1592918117788 0.7862349684235067 0
1592918539697 0.7957439106382902 0
1592918962997 0.7849162437938608 0
1592919385474 0.7931941380463888 0
1592919809007 0.796552883162511 0
1592920232391 0.7933869076200981 0
1592920656568 0.7825848212774301 0
1592921079313 0.7894466867969984 0
1592921503541 0.7925950712644823 0
1592921926529 0.7936870569306345 0
1592922350093 0.7923442151284544 0
