1592909336579 0.5193081497785009 0
1592909752676 0.5866019867441888 0
1592910168020 0.6343612033174036 0
1592910585081 0.6772651270984714 0
1592911002005 0.621370836850045 0
1592911419997 0.6176803710248968 0
1592911837008 0.5940467155812631 0
1592912254408 0.6732831944264545 0
1592912671693 0.6358393410287678 0
1592913090290 0.5008990829355594 0
1592913507996 0.6534318907371125 0
1592913926598 0.6718939571604526 0
1592914344042 0.6687830212262585 0
1592914762737 0.640919766288142 0
1592915180518 0.6693678464865217 0
1592915598705 0.6519877643382802 0
1592916016241 0.6399177779628501 0
1592916435053 0.6571996936721112 0
1592916853205 0.6524720056963061 0
1592917272636 0.6726502837122663 0
1592917694861 0.386518330931164 0
1592918117797 0.6828308774408273 0
1592918539709 0.6920757001331737 0
1592918963006 0.673008774151193 0
1592919385483 0.6767327293666932 0
1592919809018 0.6905351303463877 0
1592920232398 0.6917001848938727 0
1592920656576 0.6834638077269002 0
1592921079322 0.68285096810921 0
1592921503549 0.6880009338344835 0
1592921926537 0.688539729803564 0
1592922350105 0.6871411868767788 0
