1592909307184 1.034937754667526 0
1592909728382 0.8893718623769674 0
1592910144001 0.8462375258318423 0
1592910561111 0.8205685844687131 0
1592910977838 0.804167796433047 0
1592911395751 0.7914581408240934 0
1592911812727 0.7762362218792703 0
1592912230444 0.7666965868858907 0
1592912647557 0.7590542867479456 0
1592913065665 0.7531242296099663 0
1592913483491 0.7446433160763694 0
1592913902622 0.7378821663689854 0
1592914320039 0.7317617285518112 0
1592914738511 0.72412743339179 0
1592915156661 0.7208332062818542 0
1592915574649 0.7146693665618711 0
1592915992223 0.7078402732365228 0
1592916411006 0.7012646751529924 0
1592916829049 0.6886377534746974 0
1592917248564 0.6794916588099913 0
1592917669828 0.6745202325340782 0
1592918093489 0.6623159093730696 0
1592918515483 0.6521614564380958 0
1592918938647 0.6414295332998938 0
1592919361038 0.6336868515787106 0
1592919784733 0.6240203179423732 0
1592920207931 0.6120350813629195 0
1592920632163 0.6086273897458009 0
1592921054998 0.6022524119821618 0
1592921479310 0.6008880776810631 0
1592921902146 0.6025790612797443 0
1592922325880 0.6004436461803895 0
