1592909307175 0.27661106797399687 0
1592909728370 0.2442812600198861 0
1592910143990 0.23458743320604417 0
1592910561100 0.22914408335007108 0
1592910977830 0.22571531842727804 0
1592911395742 0.22275263149882443 0
1592911812717 0.21979038053255537 0
1592912230436 0.2175178177635976 0
1592912647544 0.21505479079199677 0
1592913065659 0.21425667739184737 0
1592913483478 0.211761148998359 0
1592913902616 0.20996007323265076 0
1592914320030 0.20892714185438468 0
1592914738502 0.2080506947388877 0
1592915156653 0.20695826749056953 0
1592915574640 0.205428888275281 0
1592915992215 0.20400432390289883 0
1592916410995 0.20129899222694655 0
1592916829037 0.1989607765932828 0
1592917248553 0.1977252416706806 0
1592917669817 0.19715938482536777 0
1592918093479 0.19390386981087307 0
1592918515472 0.19139672470483132 0
1592918938635 0.18942746508782096 0
1592919361027 0.187140528441076 0
1592919784727 0.18501256380033132 0
1592920207921 0.1834242337521738 0
1592920632151 0.1818979193716866 0
1592921054992 0.17957235865238633 0
1592921479298 0.17994704414675158 0
1592921902137 0.1802891183747753 0
1592922325873 0.1794492498565681 0
