1591748733228 0.2439035083641559 0
1591749145892 0.23080912011384536 0
1591749557589 0.32588082969313703 0
1591749969561 0.33424579652817676 0
1591750381439 0.33104461057111223 0
1591750794076 0.28532705949039994 0
1591751206363 0.4137500447831245 0
1591751619144 0.438282244098546 0
1591752031738 0.43139589367360826 0
1591752444562 0.46750867701949633 0
1591752856788 0.4481615026261691 0
1591753269220 0.4813388031046588 0
1591753681557 0.4971898754950435 0
1591754094272 0.46930153420598203 0
1591754507877 0.5451256735445277 0
1591754919183 0.5425815490639421 0
1591755329282 0.5885322612801709 0
1591755740819 0.5663109736832894 0
1591756151684 0.5325994671535256 0
1591756562898 0.5580461731682875 0
1591756973360 0.5859410621239702 0
1591757385162 0.5595938801535736 0
1591757796165 0.571083706033487 0
1591758207819 0.5627499355465526 0
1591758619096 0.5770173086853378 0
1591759030641 0.5690794271140857 0
1591759441547 0.5739994607192332 0
1591759852980 0.5770347439489701 0
1591760263987 0.5765420407263946 0
1591760675478 0.579973802749326 0
1591761085751 0.5747543245588328 0
1591761496637 0.5749756119359225 0
1591761906940 0.5767854393465984 0
1591762318880 0.5751189622897521 0
1591762729733 0.5751336916435691 0
1591763141286 0.5747822308939274 0
1591763552409 0.5749595712524003 0
1591763964610 0.5751808985514272 0
1591764375518 0.5759077756941353 0
1591764787295 0.575445509481596 0
1591765198108 0.5754696057361243 0
1591765609869 0.5755179251983618 0
1591766020501 0.5756817877251287 0
1591766431810 0.5758650764066026 0
1591766842277 0.575968787002159 0
1591767253761 0.575393763188347 0
1591767664955 0.5754420704306676 0
1591768075907 0.5756284709201633 0
1591768486670 0.5759249480671704 0
1591768898518 0.5754507125888563 0
1591769308901 0.5757559224479816 0
