1591748702833 0.16139219525014564 0
1591749121704 0.14978373793397415 0
1591749533766 0.14727941468028993 0
1591749945703 0.1446507760919983 0
1591750357476 0.14334579822768925 0
1591750769962 0.14234241716305165 0
1591751182383 0.14213803368223954 0
1591751595186 0.13739419028115948 0
1591752007761 0.1364442492227073 0
1591752420670 0.13623515203924208 0
1591752832803 0.13584904925022215 0
1591753245264 0.13575660272821644 0
1591753657482 0.1330855942627985 0
1591754070337 0.13270917983743294 0
1591754484058 0.131779867791415 0
1591754895270 0.13116832246727747 0
1591755305463 0.13104787097556359 0
1591755717038 0.13007603061594045 0
1591756127751 0.1299854004373686 0
1591756539027 0.12979104731831265 0
1591756949550 0.1297971023370039 0
1591757361320 0.12889597973894998 0
1591757772261 0.1293820241695323 0
1591758183969 0.1289869428198044 0
1591758595254 0.12914210226539558 0
1591759006764 0.12900813734775837 0
1591759417694 0.1288487690057288 0
1591759829086 0.1288023646979678 0
1591760240257 0.12904950689630176 0
1591760651652 0.12895834330786665 0
1591761061845 0.12898607105486776 0
1591761472789 0.12866928910231365 0
1591761883019 0.12904964403869226 0
1591762294901 0.1289544052177047 0
1591762705835 0.12847412250677495 0
1591763117445 0.12881008476865027 0
1591763528547 0.12897115165502868 0
1591763940672 0.12896266323440836 0
1591764351638 0.1285033842742631 0
1591764763383 0.12874094001972336 0
1591765174148 0.12896156463807312 0
1591765585907 0.12914994800880505 0
1591765996882 0.12881296410075496 0
1591766408004 0.12891423972529192 0
1591766818560 0.12891006796423946 0
1591767229914 0.12893036308724798 0
1591767641051 0.1283201000150822 0
1591768051995 0.12874331369949063 0
1591768462809 0.1289100105454117 0
1591768874644 0.12862823682628596 0
1591769284894 0.12865231606862523 0
