1592877095701 0.6837379382327208 0
1592877516122 0.6940385361295556 0
1592877936200 0.6982858192254333 0
1592878357191 0.7468056724561578 0
1592878777425 0.7426843941336112 0
1592879199338 0.7501625712502782 0
1592879619813 0.720367974037918 0
1592880041441 0.7278810284690684 0
1592880462497 0.7648351268655889 0
1592880884259 0.709237432560191 0
1592881305594 0.7679922424915219 0
1592881726870 0.7458083504626386 0
1592882147887 0.7637230798647443 0
1592882569999 0.7597641420624627 0
1592882992677 0.7831755761017802 0
1592883414672 0.7574149969233422 0
1592883835153 0.782766396988588 0
1592884256549 0.7675126061602288 0
1592884677490 0.6690202887103426 0
1592885098891 0.7689945282000232 0
1592885519642 0.7606757057158338 0
1592885940838 0.7595391052920203 0
1592886362098 0.7261647071212397 0
1592886783490 0.7683313472027307 0
1592887203912 0.7750020704928887 0
1592887625210 0.7867681273247354 0
1592888045845 0.7776573898930152 0
1592888467131 0.7844284501683045 0
1592888887721 0.7789307883675254 0
1592889310273 0.7523535548060849 0
1592889730553 0.7837867012261474 0
1592890152109 0.7792159605308322 0
1592890571611 0.7617653505150646 0
1592890992517 0.7803287941789204 0
1592891412790 0.763624613522347 0
1592891833720 0.7869226982038805 0
1592892254772 0.7855504606513258 0
1592892675728 0.782555281773706 0
1592893095414 0.768472491335615 0
1592893516658 0.775102945718645 0
1592893939320 0.7851188991211732 0
1592894378460 0.7839453662842837 0
1592894834242 0.7810739471742137 0
1592895291654 0.7896730665060956 0
1592895732979 0.7836287833476775 0
1592896197117 0.7825973278813333 0
1592896652030 0.7844514981484377 0
1592897105521 0.784202843661299 0
1592897548001 0.7810309304994578 0
1592897996894 0.7843540699580378 0
