1592877066419 0.2821696187822284 0
1592877491534 0.24725766690161727 0
1592877911586 0.23722571648788693 0
1592878332884 0.2339508776700767 0
1592878753304 0.22897784813525396 0
1592879175173 0.22760393723883016 0
1592879595500 0.2246007911804641 0
1592880016997 0.22171758565704527 0
1592880438236 0.2197119178865058 0
1592880859852 0.21743295910376445 0
1592881281358 0.21718821211035366 0
1592881702710 0.21564455803305435 0
1592882123762 0.2129772578739099 0
1592882545739 0.21130948117758225 0
1592882968404 0.20957873209898056 0
1592883390454 0.2069244564555454 0
1592883810910 0.20580107942035877 0
1592884232350 0.2042052068322972 0
1592884652809 0.20289605893476184 0
1592885074734 0.2014354007220088 0
1592885495371 0.2010824682768106 0
1592885916674 0.19935501582676576 0
1592886337736 0.19748947872623088 0
1592886759212 0.1958573276097288 0
1592887179793 0.1945639039842548 0
1592887600982 0.1913472503348622 0
1592888021621 0.1904472989084138 0
1592888442958 0.19026173221449408 0
1592888863616 0.1887602216988727 0
1592889286094 0.18646893121058153 0
1592889706139 0.1861619083797301 0
1592890127875 0.1853916139836876 0
1592890547444 0.18326185242054743 0
1592890968383 0.18254524816568912 0
1592891388595 0.18065759802345063 0
1592891809726 0.17982119875455682 0
1592892230149 0.17906592684969194 0
1592892651675 0.17788196495389308 0
1592893071175 0.17659125366349065 0
1592893492417 0.1753039802201749 0
1592893914971 0.17463320352944078 0
1592894349039 0.17354717756849092 0
1592894804875 0.17318273291592334 0
1592895263638 0.17222284270398863 0
1592895706138 0.17194997455446184 0
1592896166381 0.1718244835527928 0
1592896626329 0.17111757641625344 0
1592897075899 0.17099630063216692 0
1592897520114 0.17099756741854044 0
1592897967600 0.17095130261606173 0
