1595411870186 0.7369432345567044 0
1595413396995 0.7400124326020292 0
1595414926420 0.7480467567196889 0
1595416442058 0.772813697088382 0
1595417966355 0.7804018327511648 0
1595419486110 0.7883572392961751 0
1595421001081 0.7781462921477992 0
1595422517756 0.7742523542492883 0
1595424043292 0.7941821899044061 0
1595425558314 0.775522067589315 0
1595427073776 0.7829602333493415 0
1595428589104 0.7917655687508133 0
1595430091453 0.780763308858149 0
1595431587801 0.7909606499994328 0
1595433100653 0.7924494244350193 0
1595434601366 0.7883757678331526 0
1595436106079 0.7923447617271218 0
1595437610548 0.7869402725904705 0
1595439123514 0.7857941618277527 0
1595440620822 0.7899471719275727 0
1595442123336 0.7891326259128006 0
1595443616085 0.7883267212353164 0
1595445105343 0.792796259655863 0
1595446610990 0.786667566547227 0
1595448117887 0.7953182701032234 0
1595449617491 0.8006916397569582 0
1595451132273 0.7936485459474593 0
1595452655072 0.8009625225314195 0
1595454164972 0.7998529470665313 0
1595455682050 0.7893318269274889 0
1595457190779 0.7938317709981929 0
1595458698593 0.799954670151724 0
1595460207636 0.797382058580167 0
1595461721516 0.7965310543770963 0
1595463236098 0.7978772039974723 0
1595464749420 0.7988354599238978 0
1595466262884 0.8039768982215347 0
1595467764125 0.8014859549774306 0
1595469275222 0.8019069451629687 0
1595470773166 0.8044530967250115 0
1595472264598 0.8058276935163855 0
1595473761670 0.7999359837804915 0
1595475249610 0.7995395931452518 0
1595476746482 0.8002381942827133 0
1595478255323 0.8002411219614489 0
1595479767981 0.7993632175216757 0
1595481280639 0.8026326449647626 0
1595482791854 0.800189147974597 0
1595484302950 0.8029717258191124 0
1595485818531 0.8010289078888426 0
1595487330036 0.8011652566511885 0
1595488847520 0.8003679074607081 0
1595490372856 0.799781833780929 0
1595491907039 0.7990112368187664 0
1595493434659 0.79939952817347 0
1595494971003 0.7987283583380268 0
1595496505066 0.8000604758555495 0
1595498041922 0.8000369635756692 0
1595499562687 0.799970694664775 0
1595501101858 0.8003571592571331 0
1595502638014 0.8002795532026602 0
1595504166853 0.800642794382542 0
1595505712565 0.8001360064748693 0
1595507261009 0.8000595255389629 0
1595508800764 0.8003243898643657 0
1595510344400 0.7999641523206389 0
1595511888865 0.7997892296420521 0
