1595411870166 0.6265589765051742 0
1595413396954 0.6459099219561271 0
1595414926392 0.6922549600190218 0
1595416442043 0.6986149369822888 0
1595417966334 0.6910224405438469 0
1595419486082 0.6899138698345729 0
1595421001040 0.7005461677760095 0
1595422517730 0.6708912150423424 0
1595424043211 0.6930048245873389 0
1595425558282 0.6923437400922682 0
1595427073749 0.7420766543868956 0
1595428589046 0.728428688431513 0
1595430091434 0.7397386426852072 0
1595431587769 0.7355598772960534 0
1595433100634 0.7100135543446765 0
1595434601351 0.7299286537852724 0
1595436105972 0.7402739706155916 0
1595437610496 0.7119636253293555 0
1595439123445 0.7617500907656738 0
1595440620792 0.7656419942891186 0
1595442123318 0.7719233856363568 0
1595443616048 0.7820540716842797 0
1595445105320 0.7680686301742253 0
1595446610976 0.7799872014463678 0
1595448117829 0.7618787445455433 0
1595449617472 0.7697867031961944 0
1595451132256 0.7795228832115104 0
1595452655055 0.7781047968989424 0
1595454164959 0.7828290423412929 0
1595455682019 0.7805167542296869 0
1595457190757 0.7860421142867913 0
1595458698521 0.773700249724379 0
1595460207570 0.7774967074668481 0
1595461721488 0.7865489805402984 0
1595463236071 0.7807736222890238 0
1595464749360 0.7786475238447017 0
1595466262838 0.7664994220932955 0
1595467764109 0.7729093418680815 0
1595469275185 0.7723089053303323 0
1595470773100 0.7700553896139543 0
1595472264554 0.7775999926600848 0
1595473761652 0.7766410746970172 0
1595475249551 0.7748936146316906 0
1595476746462 0.7708630336700234 0
1595478255290 0.7688110226181736 0
1595479767931 0.7722581454879872 0
1595481280611 0.7761496929298188 0
1595482791832 0.7720493238407403 0
1595484302935 0.7675752997187326 0
1595485818511 0.7740025727342942 0
1595487330021 0.7723443606196152 0
1595488847412 0.7689149225399415 0
1595490372806 0.7787056866691231 0
1595491907011 0.7698199837644495 0
1595493434628 0.7719901098312798 0
1595494970961 0.7729767449479611 0
1595496505019 0.7733031755924177 0
1595498041910 0.7724649304952548 0
1595499562654 0.7716402952065083 0
1595501101830 0.7717324266422398 0
1595502637999 0.7721308481577372 0
1595504166838 0.772491785492835 0
1595505712540 0.7726622571401496 0
1595507260957 0.7746232599838663 0
1595508800713 0.7731430207965332 0
1595510344356 0.7742780175778394 0
1595511888851 0.7746140934898792 0
