1595411870172 0.5550256429761198 0
1595413396966 0.5751143999219971 0
1595414926407 0.6203847818203406 0
1595416442049 0.6289824106708743 0
1595417966341 0.6227932948117919 0
1595419486093 0.6261656132131751 0
1595421001048 0.631154538727931 0
1595422517739 0.6000043986252859 0
1595424043223 0.6248269967221372 0
1595425558287 0.6278025413657011 0
1595427073756 0.665367030061918 0
1595428589053 0.6582332202737183 0
1595430091440 0.6621478194695601 0
1595431587775 0.6649594218115547 0
1595433100640 0.6393891920941842 0
1595434601357 0.6573078320180198 0
1595436106035 0.6707873089914844 0
1595437610509 0.6427999365406666 0
1595439123466 0.6854052649781188 0
1595440620797 0.694016561613489 0
1595442123324 0.694158562772677 0
1595443616055 0.7106074863550195 0
1595445105331 0.691625314890658 0
1595446610981 0.7029224043634901 0
1595448117835 0.6903860469264892 0
1595449617480 0.6999246048013757 0
1595451132261 0.7018072460003243 0
1595452655063 0.7080217123929008 0
1595454164965 0.7104257201410585 0
1595455682028 0.7075673548315841 0
1595457190763 0.7135947431366763 0
1595458698536 0.7037397528492304 0
1595460207581 0.7070338894880847 0
1595461721495 0.7138598321078234 0
1595463236078 0.7101245721838603 0
1595464749385 0.7078858591507105 0
1595466262855 0.6992702314814623 0
1595467764115 0.7046352579545878 0
1595469275192 0.7039641679053249 0
1595470773107 0.7014533865874009 0
1595472264561 0.7095429222524091 0
1595473761659 0.7064613821467829 0
1595475249557 0.7054870809658098 0
1595476746468 0.7021642940143438 0
1595478255295 0.6995915737628711 0
1595479767937 0.7031220972131327 0
1595481280620 0.7078710031118585 0
1595482791838 0.7038397566318391 0
1595484302941 0.6999869087508354 0
1595485818516 0.7051900311474876 0
1595487330026 0.7049537927086147 0
1595488847418 0.7004571061117855 0
1595490372827 0.7091008861093733 0
1595491907017 0.7017753398402562 0
1595493434637 0.7032440941407841 0
1595494970968 0.70409252085985 0
1595496505029 0.7046171463140996 0
1595498041915 0.7043495451126072 0
1595499562660 0.7034817316398428 0
1595501101838 0.7030625786550082 0
1595502638005 0.7035859807978883 0
1595504166844 0.7039048931482025 0
1595505712546 0.7041328802813095 0
1595507260963 0.7060999433929884 0
1595508800725 0.7047775198524302 0
1595510344362 0.7057717363446134 0
1595511888856 0.7061559410499874 0
