1595411870175 0.7815476243000521 0
1595413396977 0.7844058844365716 0
1595414926412 0.7892439129793463 0
1595416442051 0.8156667570602193 0
1595417966344 0.8293347204851476 0
1595419486095 0.831018753279754 0
1595421001061 0.8220664503200329 0
1595422517748 0.8237852326681699 0
1595424043262 0.8445386107199426 0
1595425558290 0.8231428473518922 0
1595427073764 0.833102270902243 0
1595428589055 0.8380418750150331 0
1595430091442 0.8290240657600665 0
1595431587782 0.8403613688081808 0
1595433100642 0.8425504838089858 0
1595434601359 0.8329007507477575 0
1595436106039 0.8398603549261765 0
1595437610522 0.8334545902376259 0
1595439123483 0.8333233966146619 0
1595440620807 0.8335221947068184 0
1595442123326 0.8376829379908611 0
1595443616064 0.8322345858637089 0
1595445105333 0.8411886267590621 0
1595446610983 0.8327120766068323 0
1595448117869 0.8408753766965661 0
1595449617486 0.8469662022456091 0
1595451132267 0.8403804330745758 0
1595452655065 0.8435744870074494 0
1595454164967 0.8426702204325205 0
1595455682034 0.8335647978656169 0
1595457190765 0.8378704587895494 0
1595458698547 0.842398613464027 0
1595460207619 0.8407178608524483 0
1595461721502 0.840263369571032 0
1595463236085 0.8391288236116518 0
1595464749413 0.841526135468671 0
1595466262862 0.8460160835832183 0
1595467764117 0.8443020595475442 0
1595469275200 0.8444546176036156 0
1595470773114 0.8467214276718755 0
1595472264571 0.8463681338920962 0
1595473761666 0.8423842441840532 0
1595475249560 0.8411446095766478 0
1595476746470 0.8431435451581885 0
1595478255305 0.8436259422519646 0
1595479767956 0.8418220466092566 0
1595481280627 0.8448675966696123 0
1595482791849 0.8426762051927674 0
1595484302943 0.8453089437496498 0
1595485818519 0.8431122439911183 0
1595487330029 0.8436339143937265 0
1595488847466 0.8429866308022782 0
1595490372837 0.8420260747561277 0
1595491907025 0.8417426514321741 0
1595493434645 0.8416420272747757 0
1595494970978 0.8410395012325137 0
1595496505041 0.8424945632058953 0
1595498041918 0.8422530137560053 0
1595499562670 0.8424043764298488 0
1595501101844 0.8431096210063204 0
1595502638007 0.8431409748108168 0
1595504166846 0.8434732655953067 0
1595505712551 0.8425452758766933 0
1595507260981 0.8425434469528883 0
1595508800738 0.8429723799852066 0
1595510344376 0.8421518973682819 0
1595511888859 0.8420568261802692 0
