1595411870169 0.6081989998918206 0
1595413396956 0.6267324977251812 0
1595414926401 0.6734096806598608 0
1595416442045 0.6814127448215097 0
1595417966336 0.6744940698299672 0
1595419486084 0.6746245048997169 0
1595421001042 0.6831128503757218 0
1595422517733 0.6538517420462048 0
1595424043213 0.6773199831927474 0
1595425558284 0.676234283306615 0
1595427073751 0.7235908445149415 0
1595428589049 0.7107873864128192 0
1595430091436 0.7204614982127951 0
1595431587771 0.7181927999390071 0
1595433100636 0.6924163465777546 0
1595434601353 0.7119937810117046 0
1595436105996 0.7236465266877655 0
1595437610499 0.6944477587558817 0
1595439123447 0.7436874622202795 0
1595440620794 0.7483842966438656 0
1595442123321 0.7529427685470212 0
1595443616050 0.764894072385668 0
1595445105323 0.7491976209465648 0
1595446610978 0.7614580701522689 0
1595448117831 0.7438758669668717 0
1595449617475 0.7530332919463483 0
1595451132258 0.7610832246973185 0
1595452655058 0.7619938830860685 0
1595454164961 0.765426930365895 0
1595455682021 0.7635411677662842 0
1595457190759 0.7691607354042088 0
1595458698523 0.7575979596385966 0
1595460207572 0.7603742990229595 0
1595461721490 0.7697834416171544 0
1595463236074 0.7641379481887598 0
1595464749367 0.7618802378977406 0
1595466262845 0.750431830423607 0
1595467764111 0.7564173829767162 0
1595469275188 0.7561590140064207 0
1595470773102 0.7532675945182484 0
1595472264556 0.7613324718725972 0
1595473761654 0.759932826048343 0
1595475249554 0.7580382728815077 0
1595476746464 0.7548755302661818 0
1595478255292 0.7523550171480339 0
1595479767933 0.756088395457294 0
1595481280614 0.7600745977654634 0
1595482791834 0.7557090574088934 0
1595484302937 0.7512206655264059 0
1595485818513 0.7576102568840806 0
1595487330023 0.7566278165316663 0
1595488847414 0.7525865529287508 0
1595490372814 0.7623486442985614 0
1595491907013 0.7535538773670415 0
1595493434631 0.7555426708950346 0
1595494970963 0.7565059641538688 0
1595496505022 0.7567120124830794 0
1595498041912 0.7559681956996563 0
1595499562656 0.7554013922897999 0
1595501101832 0.7552709493444079 0
1595502638002 0.7560219104677887 0
1595504166840 0.7560324160565681 0
1595505712543 0.7566073483806499 0
1595507260959 0.7581931423336136 0
1595508800716 0.7567507711315168 0
1595510344358 0.7582662895531381 0
1595511888853 0.758651616056845 0
