1595411577602 0.25879616605950034 0
1595413111408 0.23683376195605976 0
1595414640418 0.2307919459117532 0
1595416152631 0.2233066043203572 0
1595417677121 0.22098297566716874 0
1595419184820 0.2156314024752472 0
1595420694631 0.21195492598141252 0
1595422197014 0.21000681925814177 0
1595423713624 0.20905781147230962 0
1595425221907 0.2051407939436808 0
1595426729135 0.20281762763254904 0
1595428227856 0.2013920787860302 0
1595429734735 0.19969992113201998 0
1595431230403 0.19781771409275314 0
1595432726619 0.19635467797911532 0
1595434223948 0.19276344527595798 0
1595435740824 0.19354433898562542 0
1595437232680 0.19163239223714904 0
1595438744580 0.18155130459738605 0
1595440235669 0.17716306647013574 0
1595441729684 0.17393792615042158 0
1595443220155 0.17051733738622027 0
1595444723088 0.16937904064808867 0
1595446221275 0.16847530846860073 0
1595447727603 0.16216926232694004 0
1595449219228 0.15963787395079504 0
1595450726506 0.15726630995088525 0
1595452243005 0.15717298352612533 0
1595453751332 0.15369884735611625 0
1595455256497 0.1526742047798673 0
1595456765292 0.150008335331198 0
1595458271267 0.14759544373899822 0
1595459779546 0.14728919994224457 0
1595461292652 0.14646323091518917 0
1595462801422 0.14464016038459948 0
1595464309895 0.1430846602739774 0
1595465825119 0.14290721164162645 0
1595467327967 0.14238798705988634 0
1595468843062 0.1415863971938829 0
1595470346061 0.14159378329711841 0
1595471843435 0.14031442713752254 0
1595473348010 0.1402358826923528 0
1595474846282 0.13923705780984794 0
1595476345984 0.13946488508716237 0
1595477840074 0.13852033473729694 0
1595479348146 0.1396924505328635 0
1595480851084 0.13778498616687873 0
1595482358639 0.13856610051155532 0
1595483864456 0.13715965266037244 0
1595485370638 0.13692701716686603 0
1595486870367 0.1378135718497533 0
1595488386956 0.13724758611372145 0
1595489900287 0.1368528591202838 0
1595491422419 0.13637314215271706 0
1595492941717 0.1364487723134378 0
1595494472659 0.1362326743125817 0
1595496004780 0.13610074371960812 0
1595497539783 0.13649523056563664 0
1595499060676 0.13612417283319522 0
1595500587682 0.13779214469209916 0
1595502105241 0.13717563919150857 0
1595503646564 0.13534863202268924 0
1595505178434 0.1364149843749431 0
1595506723978 0.13702014654191882 0
1595508280898 0.13669962760962356 0
1595509819620 0.13651479505660807 0
1595511368869 0.13513727354164168 0
1595512913515 0.13604288821398572 0
