1595411577600 0.2849249716672791 0
1595413111406 0.25920563130881746 0
1595414640417 0.25236375226303137 0
1595416152629 0.2432639059832921 0
1595417677119 0.2403241672932265 0
1595419184819 0.23926844641652412 0
1595420694629 0.23444329816186654 0
1595422197012 0.23205468659062312 0
1595423713623 0.22906992448498453 0
1595425221905 0.22300120962369943 0
1595426729134 0.22202571826617054 0
1595428227854 0.2214033858624497 0
1595429734734 0.2210176114106749 0
1595431230402 0.21811022132659727 0
1595432726617 0.21453644359264365 0
1595434223946 0.21397725914771845 0
1595435740822 0.213839477544895 0
1595437232678 0.21287932473332502 0
1595438744578 0.2023650031016938 0
1595440235667 0.1969182745582008 0
1595441729682 0.1949038782905292 0
1595443220153 0.19135831356737654 0
1595444723087 0.18974825177529347 0
1595446221273 0.19080147506479977 0
1595447727602 0.18314947210049254 0
1595449219226 0.17739339150691408 0
1595450726505 0.1759596737540034 0
1595452243004 0.1774680003382321 0
1595453751331 0.1740741118493403 0
1595455256495 0.1746916868389391 0
1595456765290 0.1732666652178981 0
1595458271266 0.17091233560140226 0
1595459779545 0.1677298437585573 0
1595461292650 0.16802588438355262 0
1595462801420 0.16627315547498764 0
1595464309893 0.16505082139882246 0
1595465825118 0.16394589069237106 0
1595467327965 0.16304806096311644 0
1595468843060 0.1605401140699989 0
1595470346059 0.15994427027988295 0
1595471843434 0.16090537910984135 0
1595473348008 0.1607485822318114 0
1595474846280 0.1586662320978478 0
1595476345982 0.16004390207686078 0
1595477840072 0.15926216901714502 0
1595479348144 0.15869995747392182 0
1595480851083 0.15594470261616908 0
1595482358637 0.15749689128517513 0
1595483864454 0.1565713968949314 0
1595485370637 0.1557853078511163 0
1595486870366 0.1557896661331445 0
1595488386955 0.15660758550924078 0
1595489900285 0.15633749812656844 0
1595491422418 0.15628439597754712 0
1595492941716 0.1561872860636719 0
1595494472657 0.15541008304924536 0
1595496004778 0.15551340953130843 0
1595497539781 0.15594879246811352 0
1595499060675 0.15498872713165082 0
1595500587681 0.15628944859093225 0
1595502105239 0.1568276468421387 0
1595503646563 0.15531739368296477 0
1595505178433 0.15647814587423076 0
1595506723976 0.15637066834210167 0
1595508280896 0.15579022191507969 0
1595509819619 0.15520070691790638 0
1595511368868 0.15466183184359214 0
1595512913513 0.15454841473137515 0
