1593300869904 0.21944011415509493 0
1593302164656 0.20450334477249726 0
1593303424462 0.2549485677072688 0
1593304684638 0.21107316725114042 0
1593305941671 0.2553578821782214 0
1593307208189 0.21766240823481012 0
1593308471171 0.2438400986074748 0
1593309745125 0.30894258663582286 0
1593311011770 0.2866098067664228 0
1593312258134 0.315698997926885 0
1593313540619 0.2565520516808233 0
1593314813748 0.2963443021100168 0
1593316084966 0.37126400217803396 0
1593317357006 0.242082834658683 0
1593318613195 0.3341246581855063 0
1593319875081 0.3865762069639639 0
1593321146552 0.2957688518915716 0
1593322410286 0.3642707925241747 0
1593323667319 0.333519324830337 0
1593324934544 0.3605254086670936 0
1593326207850 0.32650303910543005 0
1593327515426 0.3759027343371713 0
1593328761612 0.30630025863848526 0
1593330019940 0.22886123965527302 0
1593331267565 0.3595727048134576 0
1593332538072 0.3245441505786522 0
1593333802402 0.3461715183392892 0
1593335081551 0.40012197869195143 0
1593336325281 0.3080705166488895 0
1593337575109 0.3522780324806998 0
1593338852402 0.428920549353209 0
1593340096572 0.38361920036142916 0
1593341372563 0.4047402898913719 0
1593342626256 0.4153529374348752 0
1593343911286 0.42435350047618886 0
1593345223325 0.4185197605585223 0
1593346473958 0.46139770611070674 0
1593347734677 0.38312318104356613 0
1593349000723 0.45067953282165646 0
1593350281658 0.42653611040114603 0
1593351533882 0.4244326186506413 0
1593352863271 0.43064084223182575 0
1593354128982 0.4418360950709025 0
1593355416405 0.44630270472366496 0
1593356674591 0.44966322775314693 0
1593357952976 0.44892115988218323 0
1593359209715 0.4462719703818267 0
1593360481740 0.4342465592620539 0
1593361733053 0.4428319373898236 0
1593363016307 0.4475613982827011 0
1593364285353 0.4464428365566587 0
1593365545116 0.4472023346822088 0
1593366812909 0.45472436207155714 0
1593368086691 0.4366858982782856 0
1593369341949 0.45079838477387246 0
1593370606820 0.4533357389748265 0
1593371862623 0.4493104883975845 0
1593373118737 0.4677181189707175 0
1593374365727 0.4464828092343806 0
1593375626438 0.4502120982079974 0
1593376881827 0.462519479167068 0
1593378162632 0.4444642064974855 0
1593379425996 0.5020575159642321 0
1593380667915 0.40471412726282313 0
1593381910841 0.4487898242983073 0
1593383178881 0.39206262923464985 0
1593384422061 0.4504766989126749 0
1593385602482 0.45091262240288943 0
1593386584163 0.46370114517819466 0
1593387566535 0.4057072226276045 0
1593388534512 0.3889599136683504 0
1593389509011 0.36533680098039484 0
1593390493639 0.3721023802046214 0
1593391469506 0.4002855201295404 0
1593392434441 0.42259039668132575 0
1593393412561 0.3668942343846473 0
1593394383962 0.4496384617958185 0
1593395357768 0.35836808235405926 0
1593396337116 0.2939804510257282 0
