1593300869907 0.20319044641836223 0
1593302164660 0.1883337800132302 0
1593303424475 0.23472058599465676 0
1593304684645 0.19330233574197062 0
1593305941683 0.2309032446773141 0
1593307208192 0.20139450380810758 0
1593308471174 0.22219036275193418 0
1593309745128 0.2816141641194335 0
1593311011779 0.25978545264290154 0
1593312258137 0.28625303571478006 0
1593313540638 0.2343052628644707 0
1593314813756 0.2690119463307897 0
1593316084971 0.33108816902795124 0
1593317357009 0.22440893083538022 0
1593318613199 0.30459119360569725 0
1593319875084 0.35194440217721845 0
1593321146557 0.27113784464100643 0
1593322410290 0.33192346406567835 0
1593323667324 0.303771785366948 0
1593324934547 0.3262505735668745 0
1593326207854 0.29909882249422964 0
1593327515462 0.3433971233889405 0
1593328761615 0.28053582230501173 0
1593330019944 0.20975033939815932 0
1593331267574 0.3279439599652026 0
1593332538075 0.2958228358187193 0
1593333802407 0.3179842734449655 0
1593335081555 0.36548813959646076 0
1593336325300 0.2865016882142267 0
1593337575116 0.3249989796991882 0
1593338852408 0.38940565861256904 0
1593340096575 0.3477069232461476 0
1593341372566 0.36551078032787804 0
1593342626264 0.3795769831496748 0
1593343911289 0.38211153186431207 0
1593345223338 0.3807082506668957 0
1593346473971 0.41854607624325646 0
1593347734687 0.34933370063772934 0
1593349000729 0.4099396764304199 0
1593350281671 0.3888098031343437 0
1593351533885 0.3886989362663759 0
1593352863279 0.3946320725178791 0
1593354128989 0.40201748353467703 0
1593355416410 0.4054984980767303 0
1593356674618 0.4085503861785316 0
1593357952979 0.40660092287937033 0
1593359209719 0.4070628036595483 0
1593360481743 0.394581445248286 0
1593361733060 0.40351596718420635 0
1593363016311 0.4064495469185229 0
1593364285363 0.40693687814961105 0
1593365545120 0.40723961715401236 0
1593366812912 0.4131279714737999 0
1593368086694 0.396732164539754 0
1593369341953 0.4094361596956915 0
1593370606828 0.41329504776849696 0
1593371862627 0.40662813300322204 0
1593373118740 0.4242776173901455 0
1593374365734 0.4073667828262157 0
1593375626442 0.4107996808136742 0
1593376881830 0.419987452005924 0
1593378162635 0.3993082049931424 0
1593379426005 0.4491927768734454 0
1593380667923 0.36574417362317385 0
1593381910844 0.4067988694959043 0
1593383178884 0.3551852911747049 0
1593384422065 0.4040081718412718 0
1593385602486 0.4086230816888065 0
1593386584166 0.4184671381617249 0
1593387566539 0.370251695759007 0
1593388534516 0.3505604534269161 0
1593389509017 0.33370023754309847 0
1593390493644 0.33915852571723165 0
1593391469509 0.3617020068458207 0
1593392434444 0.38239555463141645 0
1593393412564 0.3351975978737019 0
1593394383966 0.40951999163953884 0
1593395357772 0.3219575943887274 0
1593396337124 0.2679507506544863 0
