1593300869917 0.5293051550739305 0
1593302164676 0.5140865717135956 0
1593303424504 0.6160728776321378 0
1593304684660 0.5491005194808737 0
1593305941715 0.5891539212137064 0
1593307208216 0.5766986057839074 0
1593308471182 0.5979810427097109 0
1593309745135 0.6903012607075222 0
1593311011792 0.6293558735646959 0
1593312258145 0.6710375623822975 0
1593313540659 0.6259993723289522 0
1593314813802 0.6695237009961018 0
1593316085006 0.6307980174295241 0
1593317357015 0.6283643894995041 0
1593318613206 0.7034454033130726 0
1593319875115 0.7225606212552504 0
1593321146586 0.6568019932212161 0
1593322410297 0.7022419670241088 0
1593323667341 0.6884420227128126 0
1593324934557 0.6926508837086242 0
1593326207859 0.6602047575486747 0
1593327515478 0.7155859827680937 0
1593328761636 0.673580110139443 0
1593330019957 0.5570992118418557 0
1593331267584 0.7044245486952188 0
1593332538089 0.6696610130734613 0
1593333802441 0.7092886146460151 0
1593335081563 0.7101223345650993 0
1593336325333 0.6863016050212575 0
1593337575135 0.7085351048172928 0
1593338852419 0.7280503537020212 0
1593340096581 0.7142311371530518 0
1593341372579 0.7086333907514543 0
1593342626275 0.7142378662206721 0
1593343911294 0.7195946231017336 0
1593345223346 0.7150277798722677 0
1593346473989 0.7374999370582961 0
1593347734700 0.7060277306107757 0
1593349000774 0.7324312742032429 0
1593350281692 0.7286623636270961 0
1593351533893 0.728640696567582 0
1593352863289 0.7276257764541528 0
1593354129041 0.7249960428472879 0
1593355416445 0.7247126697685877 0
1593356674636 0.7274964901387762 0
1593357952986 0.7327648226259532 0
1593359209749 0.7263607321979397 0
1593360481749 0.7262004789704949 0
1593361733091 0.7298695011856263 0
1593363016322 0.7311269346008804 0
1593364285417 0.7311759129462805 0
1593365545127 0.7304324189850872 0
1593366812918 0.7304735991591597 0
1593368086701 0.73091783513771 0
1593369341972 0.7288470810486632 0
1593370606848 0.7288517051073424 0
1593371862691 0.7318746012005157 0
1593373118747 0.7336745898525395 0
1593374365766 0.7335867844356188 0
1593375626448 0.7276028879978462 0
1593376881845 0.7279495196368703 0
1593378162674 0.7156183078168382 0
1593379426028 0.7417495038256178 0
1593380667950 0.7153098338051013 0
1593381910859 0.7365730986651571 0
1593383178910 0.7186554385129753 0
1593384422070 0.7358946855129762 0
1593385602494 0.72983951296603 0
1593386584199 0.7464066101524343 0
1593387566546 0.7125179881646563 0
1593388534523 0.706426630092948 0
1593389509024 0.7021844626397353 0
1593390493675 0.6968546497017234 0
1593391469519 0.7057459441928091 0
1593392434453 0.729275483102439 0
1593393412574 0.707379761096696 0
1593394383988 0.7229018668333129 0
1593395357779 0.6758808836688226 0
1593396337146 0.6289431598683033 0
