1593300869908 0.21564858097959852 0
1593302164661 0.20087781253534662 0
1593303424480 0.25068783950407697 0
1593304684650 0.2068493950847128 0
1593305941688 0.24973489499580367 0
1593307208193 0.21414176495481138 0
1593308471175 0.2389315564221087 0
1593309745129 0.3025288924670473 0
1593311011780 0.28017786264268696 0
1593312258139 0.3094471359128707 0
1593313540641 0.2514385026363268 0
1593314813760 0.289740748213129 0
1593316084973 0.3625111756656558 0
1593317357010 0.23811234117953686 0
1593318613200 0.32723782101734433 0
1593319875085 0.3781127001582775 0
1593321146562 0.2899038146155067 0
1593322410291 0.3566905652894934 0
1593323667331 0.32696400503855977 0
1593324934548 0.35291122644527073 0
1593326207855 0.32048162723628537 0
1593327515463 0.3676198603725264 0
1593328761618 0.3006918706063872 0
1593330019947 0.22375013274315544 0
1593331267575 0.35199142649679854 0
1593332538077 0.317813700289641 0
1593333802416 0.3398216691303953 0
1593335081557 0.39218328846837563 0
1593336325307 0.30316792843031437 0
1593337575120 0.34578163396679046 0
1593338852411 0.41997405408680616 0
1593340096576 0.3750938131159769 0
1593341372567 0.39554320125689973 0
1593342626265 0.4075270244091251 0
1593343911290 0.4145026442359614 0
1593345223340 0.40943162333932853 0
1593346473975 0.4515395531324448 0
1593347734688 0.37549662099659886 0
1593349000735 0.44117034525190085 0
1593350281675 0.4179261247518986 0
1593351533886 0.4165975646138962 0
1593352863280 0.4225168125762115 0
1593354128998 0.43250021815004586 0
1593355416419 0.4372087787870673 0
1593356674622 0.4403745743312742 0
1593357952981 0.4393674761050002 0
1593359209727 0.43768998820035804 0
1593360481744 0.42567713997458956 0
1593361733063 0.4344182359612733 0
1593363016312 0.4383563320546972 0
1593364285372 0.43796911445566405 0
1593365545121 0.4386025095565244 0
1593366812913 0.44561338485094965 0
1593368086695 0.427733412095367 0
1593369341954 0.4414870207318468 0
1593370606832 0.4444806782846695 0
1593371862630 0.43975750521196355 0
1593373118741 0.4572816627335973 0
1593374365745 0.4380137018268004 0
1593375626443 0.44148072727789883 0
1593376881831 0.4524402018123202 0
1593378162647 0.43412409222106335 0
1593379426010 0.48937974772114545 0
1593380667930 0.3957529307086116 0
1593381910845 0.4383076390900224 0
1593383178890 0.3833762050398359 0
1593384422066 0.4392912688416592 0
1593385602487 0.44217130788862696 0
1593386584169 0.4531244325262875 0
1593387566540 0.3975459239757444 0
1593388534517 0.3798863915976291 0
1593389509018 0.35829276080171163 0
1593390493649 0.36440292809456915 0
1593391469511 0.39145905513758095 0
1593392434445 0.41305491294066327 0
1593393412567 0.3596617772391229 0
1593394383970 0.4408413891835947 0
1593395357773 0.34996349173222246 0
1593396337128 0.28733871842550623 0
