1593300869905 0.2162560205567526 0
1593302164658 0.20176580258272986 0
1593303424465 0.2515559672557969 0
1593304684639 0.20743695819766747 0
1593305941674 0.25075469544642076 0
1593307208190 0.21522545000518753 0
1593308471172 0.24008289414718142 0
1593309745126 0.3037569983357049 0
1593311011772 0.28096280208092583 0
1593312258135 0.31100557105656146 0
1593313540620 0.25262650301420464 0
1593314813749 0.29078002568161115 0
1593316084967 0.36243666538172353 0
1593317357007 0.23888106457074273 0
1593318613196 0.32832396764636895 0
1593319875082 0.3785428095377726 0
1593321146553 0.2903242189624286 0
1593322410287 0.3583531317453644 0
1593323667320 0.32865887688266227 0
1593324934545 0.35394013701523014 0
1593326207851 0.32141377346684896 0
1593327515427 0.36811717833525454 0
1593328761613 0.3023513555107921 0
1593330019941 0.22440156080755413 0
1593331267566 0.3524177584258786 0
1593332538073 0.3189443320444829 0
1593333802403 0.3419211202355809 0
1593335081553 0.39350936552157934 0
1593336325287 0.30421439356823676 0
1593337575112 0.34676565213849603 0
1593338852403 0.4212850299326536 0
1593340096573 0.37722151387984826 0
1593341372564 0.39774396449375143 0
1593342626257 0.40800496512924966 0
1593343911287 0.4160018994632352 0
1593345223326 0.40991101714352574 0
1593346473959 0.4527116087570994 0
1593347734678 0.3765494392004641 0
1593349000724 0.442403317742764 0
1593350281661 0.41836146508763594 0
1593351533883 0.41702587572815175 0
1593352863272 0.4232908353968822 0
1593354128983 0.4331035472193536 0
1593355416406 0.43809796920355576 0
1593356674599 0.4413374144038264 0
1593357952977 0.440153623536395 0
1593359209717 0.43789227709545575 0
1593360481741 0.42667130581798574 0
1593361733055 0.43551472411818504 0
1593363016309 0.4391489851211358 0
1593364285355 0.43867620057233125 0
1593365545117 0.4392410450094232 0
1593366812910 0.4468902056415906 0
1593368086692 0.42854798880564343 0
1593369341951 0.44120703553462826 0
1593370606821 0.44531109723725437 0
1593371862624 0.44036171706430344 0
1593373118738 0.4579057961849939 0
1593374365728 0.4396541955145762 0
1593375626439 0.44265621337210576 0
1593376881828 0.4535677010404582 0
1593378162633 0.4347438727574198 0
1593379425997 0.49140274872479883 0
1593380667916 0.396180493121051 0
1593381910842 0.4395647141093394 0
1593383178882 0.3850673506358149 0
1593384422062 0.44137228089940617 0
1593385602484 0.4428540643519218 0
1593386584164 0.4559862749047873 0
1593387566536 0.3978463256293797 0
1593388534513 0.3812579500686881 0
1593389509012 0.35980143095677236 0
1593390493641 0.364841504458217 0
1593391469507 0.39259070191812884 0
1593392434442 0.41383345093888724 0
1593393412562 0.3599162698303584 0
1593394383963 0.4421050518842261 0
1593395357770 0.35069494095794185 0
1593396337117 0.2880681205237404 0
