1593300869909 0.5901059318861339 0
1593302164662 0.5656634121754739 0
1593303424486 0.6733928299499335 0
1593304684651 0.5992238440652249 0
1593305941695 0.6480237236332748 0
1593307208194 0.6283320045517945 0
1593308471177 0.6579339017375 0
1593309745130 0.7438710918464234 0
1593311011781 0.6825830203362885 0
1593312258140 0.7252613177245506 0
1593313540650 0.6763583309257319 0
1593314813786 0.7153185599187105 0
1593316084980 0.6749214666873558 0
1593317357011 0.6843794006803149 0
1593318613201 0.7542446006628211 0
1593319875086 0.7694885574907087 0
1593321146573 0.705525735049388 0
1593322410292 0.749349384947599 0
1593323667332 0.738443915882394 0
1593324934549 0.7519997610218424 0
1593326207856 0.7090459511070657 0
1593327515464 0.756061793246448 0
1593328761621 0.7198106374711466 0
1593330019954 0.5990975523989294 0
1593331267576 0.7582136881712873 0
1593332538078 0.7209631054262557 0
1593333802421 0.7473214883829349 0
1593335081558 0.7514082860552357 0
1593336325311 0.7279537935001476 0
1593337575124 0.7513955238255762 0
1593338852413 0.7748849480135817 0
1593340096577 0.7543564901926271 0
1593341372570 0.7572815936087653 0
1593342626266 0.7594101954343401 0
1593343911291 0.7642386892081813 0
1593345223341 0.757822356455375 0
1593346473979 0.7806848917963665 0
1593347734690 0.7439793424263773 0
1593349000752 0.7753614613301218 0
1593350281678 0.7733705283829576 0
1593351533887 0.7737254623219666 0
1593352863282 0.7732333188932533 0
1593354129007 0.7729713364048271 0
1593355416424 0.7710962860895101 0
1593356674626 0.7720594517761873 0
1593357952982 0.7766081359915648 0
1593359209731 0.7751023576071615 0
1593360481746 0.7742718775420258 0
1593361733066 0.7762284467691478 0
1593363016318 0.7777091760005185 0
1593364285381 0.7776617781679388 0
1593365545122 0.7761333652666894 0
1593366812915 0.7747108675914671 0
1593368086696 0.7781945178244233 0
1593369341958 0.7779779527882191 0
1593370606835 0.7737504750420275 0
1593371862674 0.7782654343807254 0
1593373118742 0.7795156301741655 0
1593374365750 0.7754940048901676 0
1593375626444 0.7714159304511374 0
1593376881832 0.7730825618752545 0
1593378162651 0.7638161096429047 0
1593379426014 0.7833432137988598 0
1593380667931 0.7589404182887959 0
1593381910846 0.7796987811812112 0
1593383178895 0.7657503966281058 0
1593384422067 0.7806042309363275 0
1593385602488 0.7756311270895248 0
1593386584173 0.7870214829228621 0
1593387566541 0.7607983806305704 0
1593388534518 0.7538571219358063 0
1593389509020 0.7486597728992734 0
1593390493655 0.7431265534602466 0
1593391469512 0.7491085091896044 0
1593392434446 0.7749191946013667 0
1593393412570 0.7541666512749112 0
1593394383974 0.7665301467312498 0
1593395357774 0.7231235539335182 0
1593396337132 0.6703023581966905 0
1593397325244 0.7607093023151744 0
1593398226547 0.7635931361165419 0
1593399409494 0.7691172523891424 0
1593400621557 0.78388044874597 0
1593401818163 0.72697817786865 0
1593403015006 0.7143298123186949 0
1593404198515 0.7703206010712985 0
1593405403231 0.7764250942794455 0
1593406596725 0.7424706395607633 0
1593407783354 0.7546526523117403 0
1593408988866 0.7275666990680175 0
1593410196171 0.7605359805797963 0
1593411399480 0.7671110587004144 0
1593412578358 0.7722952536689138 0
1593413778938 0.7790868310998953 0
1593414999994 0.7748835406266866 0
1593416203601 0.7394750811820238 0
1593417393791 0.7511652802102408 0
1593418585131 0.7511248557610949 0
1593419817505 0.7520253908141405 0
1593420991724 0.7629350825665082 0
1593422169347 0.7492978767608193 0
