1593300869924 0.4705196418927954 0
1593302164678 0.4560146826895162 0
1593303424518 0.5478921890429606 0
1593304684662 0.48596867455154374 0
1593305941724 0.5131005482261468 0
1593307208227 0.5125397392149504 0
1593308471186 0.5240475224760086 0
1593309745140 0.6135441756268826 0
1593311011834 0.5572678460435552 0
1593312258147 0.5892299319652667 0
1593313540672 0.5474330401321964 0
1593314813815 0.593344276520467 0
1593316085025 0.5606177368321705 0
1593317357017 0.5619692752071216 0
1593318613210 0.63004879195715 0
1593319875123 0.654380992858798 0
1593321146599 0.5874688480192684 0
1593322410301 0.6254228608399223 0
1593323667343 0.6105803109765646 0
1593324934565 0.6189427048011273 0
1593326207861 0.5908075927885207 0
1593327515484 0.6489837297929062 0
1593328761646 0.6028245485634193 0
1593330019965 0.5010209879799071 0
1593331267587 0.6316999781060263 0
1593332538093 0.5975848771975909 0
1593333802444 0.6331083159406025 0
1593335081569 0.6396253667798055 0
1593336325342 0.6250738427139576 0
1593337575141 0.6402804597443758 0
1593338852429 0.6515830707837721 0
1593340096584 0.6404959486244179 0
1593341372585 0.6310714157540599 0
1593342626286 0.6429854126753075 0
1593343911297 0.6434506801876105 0
1593345223351 0.635065370383335 0
1593346473996 0.6657948431668737 0
1593347734708 0.6376189266934188 0
1593349000778 0.661761586950791 0
1593350281704 0.6551035874927083 0
1593351533898 0.6560637047405211 0
1593352863291 0.6578492711482621 0
1593354129053 0.6551627415241735 0
1593355416461 0.6523068196645408 0
1593356674668 0.6561072590498599 0
1593357952988 0.657304673621509 0
1593359209755 0.6550760766235151 0
1593360481751 0.6514730078141151 0
1593361733103 0.6556765892239539 0
1593363016324 0.6586103936480747 0
1593364285432 0.657161819103976 0
1593365545142 0.6564441992371446 0
1593366812920 0.6551023979652669 0
1593368086705 0.6560269524283983 0
1593369341977 0.6529718986236263 0
1593370606857 0.6625540787606662 0
1593371862700 0.6537587350827101 0
1593373118752 0.6616657344135868 0
1593374365776 0.6623539623552563 0
1593375626452 0.6586492863661068 0
1593376881847 0.6567175595684008 0
1593378162686 0.6383305059316552 0
1593379426037 0.660544407421373 0
1593380667961 0.6326458513856815 0
1593381910866 0.6649959522540936 0
1593383178922 0.6431835297211373 0
1593384422078 0.6524951036256397 0
1593385602501 0.6539461084394985 0
1593386584220 0.6683120045718258 0
1593387566550 0.64633839912642 0
1593388534528 0.6283617155255965 0
1593389509029 0.6258914838773614 0
1593390493693 0.6254645769997386 0
1593391469527 0.6337467307163406 0
1593392434477 0.6554481554252257 0
1593393412576 0.6366262972818643 0
1593394383996 0.6492814133863734 0
1593395357784 0.5999246354560027 0
1593396337156 0.5657568372701287 0
