1593300759904 0.17666442369139104 0
1593302082592 0.16514456177581893 0
1593303341875 0.1620265280009445 0
1593304607617 0.16038998464743295 0
1593305862295 0.1584981270981106 0
1593307138599 0.15843835296673756 0
1593308395489 0.15637250803411007 0
1593309665363 0.15698386428200387 0
1593310927824 0.15610146673509118 0
1593312171943 0.15501593753243936 0
1593313456181 0.15603720461667486 0
1593314726410 0.1540411509799235 0
1593316004594 0.15418715725624652 0
1593317275360 0.15389707176522774 0
1593318535178 0.15208177515446689 0
1593319797361 0.1519236597938068 0
1593321075903 0.15179191422507618 0
1593322337659 0.15150329991328446 0
1593323590350 0.14965908840355097 0
1593324860904 0.14975486852397973 0
1593326133872 0.14911756665925635 0
1593327433764 0.14803390310738573 0
1593328687062 0.14888047187052894 0
1593329940235 0.14773693384433334 0
1593331195513 0.14691323484999663 0
1593332467572 0.14618607096825587 0
1593333726565 0.1458248934906089 0
1593335002016 0.14552178111096675 0
1593336249939 0.1452249214899811 0
1593337507577 0.1445771980974259 0
1593338792636 0.14382130210993416 0
1593340038692 0.14336015498547844 0
1593341304510 0.1429396400115255 0
1593342552776 0.1422562675804577 0
1593343838684 0.14269886184201547 0
1593345143777 0.14161597875257334 0
1593346396608 0.14117389321891646 0
1593347655345 0.14117063476111402 0
1593348932967 0.14040539099016425 0
1593350207100 0.13999635259141074 0
1593351459194 0.13970324384387245 0
1593352780367 0.1397766680456698 0
1593354043865 0.1391622827981006 0
1593355331736 0.13949879390102896 0
1593356587942 0.13893097030902 0
1593357865306 0.13883532548436162 0
1593359121746 0.13895972668560166 0
1593360399386 0.13819502270074957 0
1593361652197 0.13873186305334623 0
1593362931867 0.1390452261901263 0
1593364200666 0.13881842260051405 0
1593365459627 0.1387093765237792 0
1593366728189 0.1388669548499765 0
1593368002389 0.1391190905123949 0
1593369264625 0.13890320874016845 0
1593370528989 0.1389133493754674 0
1593371790525 0.13882286512208256 0
1593373043474 0.13901174473435138 0
1593374284468 0.13921103390836806 0
1593375542656 0.13875801406913635 0
1593376802956 0.13928342367889304 0
1593378077452 0.13922722826740055 0
1593379338231 0.14004201584523826 0
1593380585679 0.13899470150301402 0
1593381825688 0.13956099170062577 0
1593383093274 0.13985152560935327 0
1593384338337 0.14034806529172894 0
1593385540528 0.14064510999190988 0
1593386524208 0.14089402674951337 0
1593387501587 0.14131103518108526 0
1593388470833 0.14128146725565646 0
1593389445356 0.14144432722506198 0
1593390429791 0.1417758713448138 0
1593391406251 0.14205862748239076 0
1593392371043 0.14171936048307654 0
1593393358879 0.14266871648247947 0
1593394331365 0.14309730033644222 0
1593395301336 0.14321116372152712 0
1593396284101 0.14246874560856007 0
1593397262596 0.1427549272211212 0
1593398142974 0.14391751569046668 0
1593399335700 0.14333999794766758 0
1593400542251 0.14377678167357139 0
1593401736478 0.14266586557708003 0
1593402932752 0.14464543738656424 0
1593404122942 0.14373882934733323 0
1593405325788 0.14365094596745842 0
1593406514869 0.14412689677467852 0
1593407701940 0.1432217060108528 0
1593408909812 0.1445320940745825 0
1593410117621 0.14301174849441106 0
1593411318275 0.1437991939231076 0
1593412499039 0.14250076263014114 0
1593413701781 0.14276859964328734 0
1593414921552 0.1429686853521024 0
1593416122209 0.1432729398577728 0
1593417312036 0.14370623078535905 0
1593418509363 0.14260830477613842 0
1593419736260 0.1419386469448606 0
1593420913809 0.14162372450598262 0
1593422088792 0.14159417289280982 0
