1593300759900 0.3333303084822767 0
1593302082588 0.3017248291183602 0
1593303341871 0.29203271671113645 0
1593304607613 0.2876687332084685 0
1593305862292 0.2835942454579653 0
1593307138596 0.28041656518524344 0
1593308395485 0.27627198897640814 0
1593309665358 0.2752912180836905 0
1593310927820 0.27776792490233976 0
1593312171940 0.27078683871888753 0
1593313456176 0.27490894885903056 0
1593314726407 0.2669107166090698 0
1593316004590 0.2671284199212537 0
1593317275356 0.2688695873049172 0
1593318535174 0.26095383687678614 0
1593319797358 0.2587103783011888 0
1593321075899 0.25977053865790367 0
1593322337656 0.25777884191748773 0
1593323590346 0.2558126718257413 0
1593324860901 0.2513161719014699 0
1593326133869 0.2516998254948042 0
1593327433761 0.2507855979951494 0
1593328687058 0.24965316771219173 0
1593329940232 0.2482786945095568 0
1593331195509 0.24853241011839022 0
1593332467569 0.24271437517282637 0
1593333726561 0.24376342058971975 0
1593335002012 0.24561912662377863 0
1593336249935 0.24462842893306957 0
1593337507574 0.24165216029029002 0
1593338792632 0.23800609912723303 0
1593340038688 0.23554084049255558 0
1593341304507 0.2355677071733005 0
1593342552772 0.23267425393516367 0
1593343838680 0.2360062851485881 0
1593345143773 0.23232503063186552 0
1593346396605 0.23221489710902626 0
1593347655330 0.2296556378573631 0
1593348932963 0.2307213848513184 0
1593350207094 0.22852245729529497 0
1593351459190 0.22788744730254015 0
1593352780363 0.22737846865008274 0
1593354043861 0.22628193732463953 0
1593355331732 0.2257811516015367 0
1593356587939 0.22551573446076928 0
1593357865303 0.22509886420360117 0
1593359121742 0.2245437413397612 0
1593360399382 0.224392927844416 0
1593361652193 0.22337557733849142 0
1593362931862 0.2243066942319274 0
1593364200662 0.22378279158676212 0
1593365459623 0.223517017100345 0
1593366728185 0.22303017575971104 0
1593368002384 0.2235003077058178 0
1593369264621 0.22379976987951633 0
1593370528986 0.22338007336877513 0
1593371790522 0.22397478782769406 0
1593373043471 0.223761214282025 0
1593374284465 0.22418326187427295 0
1593375542653 0.2229476183596434 0
1593376802952 0.22601214468930708 0
1593378077448 0.2252652273993149 0
1593379338226 0.22436431383318972 0
1593380585675 0.22484257123009724 0
1593381825684 0.2267442908646031 0
1593383093269 0.22609549317734712 0
1593384338333 0.22762486888942393 0
1593385540524 0.2286777293986895 0
1593386524204 0.2294538144981771 0
1593387501583 0.23049012086156642 0
1593388470829 0.22958832564340395 0
1593389445352 0.2312311145730994 0
1593390429788 0.2345233518404491 0
1593391406247 0.2326672331740459 0
1593392371040 0.23200562034705371 0
1593393358876 0.23427114878414254 0
1593394331361 0.23555095081753802 0
1593395301332 0.23648316723604998 0
1593396284096 0.23299994892581846 0
