1593300759906 -4.316302094947208 0
1593302082593 -4.90000588333968 0
1593303341875 -4.9619845802133735 0
1593304607617 -5.001568391919136 0
1593305862296 -5.027544889034647 0
1593307138600 -4.999379576155634 0
1593308395490 -5.05382543350711 0
1593309665366 -5.049424400383776 0
1593310927825 -5.081974987279285 0
1593312171944 -5.090276416052472 0
1593313456183 -5.019503585768469 0
1593314726411 -5.0722981005003955 0
1593316004595 -5.058828631585294 0
1593317275361 -5.048290852795947 0
1593318535179 -5.1393249116160655 0
1593319797362 -5.126971157662796 0
1593321075903 -5.121201539129922 0
1593322337660 -5.115404515555411 0
1593323590351 -5.135058622468602 0
1593324860905 -5.149380558819482 0
1593326133873 -5.109941252253273 0
1593327433766 -5.1765267171642995 0
1593328687063 -5.109983080264294 0
1593329940236 -5.148302029931184 0
1593331195514 -5.174917753898736 0
1593332467573 -5.148286947698304 0
1593333726566 -5.177966535994501 0
1593335002017 -5.199659492933389 0
1593336249940 -5.13552284737428 0
1593337507578 -5.203755336277412 0
1593338792637 -5.189218410488331 0
1593340038694 -5.2026039176818095 0
1593341304511 -5.212995780236794 0
1593342552776 -5.2291119021899775 0
1593343838685 -5.21803397888487 0
1593345143778 -5.2349515336029455 0
1593346396610 -5.202587070338653 0
1593347655346 -5.219287198149797 0
1593348932967 -5.210721516699502 0
1593350207101 -5.200195836298393 0
1593351459195 -5.236356972293421 0
1593352780368 -5.242422155810125 0
1593354043866 -5.2285115989771755 0
1593355331737 -5.265818906101313 0
1593356587943 -5.2343285228266865 0
1593357865307 -5.223855312123443 0
1593359121747 -5.251641210733038 0
1593360399387 -5.228660366300381 0
1593361652198 -5.283036526857001 0
1593362931870 -5.247073393879515 0
1593364200667 -5.254788168000452 0
1593365459628 -5.240685998941913 0
1593366728190 -5.259591876105829 0
1593368002390 -5.257772706674807 0
1593369264626 -5.277835582241868 0
1593370528990 -5.2433356236327775 0
1593371790526 -5.247470090786616 0
1593373043475 -5.216055512879834 0
1593374284469 -5.232134194085092 0
1593375542657 -5.2431171857046355 0
1593376802957 -5.243821709445029 0
1593378077453 -5.202515272028519 0
1593379338232 -5.247182143908558 0
1593380585680 -5.226452462600939 0
1593381825690 -5.232408529881275 0
1593383093276 -5.244125452457053 0
1593384338339 -5.211141250350258 0
1593385540529 -5.225672960732922 0
1593386524209 -5.181717892036294 0
1593387501588 -5.199422809662241 0
1593388470834 -5.1809290954560945 0
1593389445357 -5.180771877819842 0
1593390429793 -5.202004261540644 0
1593391406252 -5.199175129785682 0
1593392371044 -5.209651779496308 0
1593393358880 -5.155549174005335 0
1593394331366 -5.184050019491803 0
1593395301337 -5.175712545712789 0
1593396284102 -5.179201826001659 0
