1593300759902 0.3195752060379494 0
1593302082590 0.29134103260708577 0
1593303341872 0.28373477226969873 0
1593304607615 0.2798741449968833 0
1593305862294 0.2764998829895348 0
1593307138598 0.2736010257662697 0
1593308395486 0.27205752818421886 0
1593309665360 0.27118262067211396 0
1593310927822 0.27005073552330333 0
1593312171941 0.2679999984913703 0
1593313456178 0.2676067492557746 0
1593314726408 0.2654337977821177 0
1593316004592 0.26491696099666034 0
1593317275358 0.26281429389773897 0
1593318535175 0.2612332427648432 0
1593319797359 0.260648433006171 0
1593321075901 0.25981694126896787 0
1593322337657 0.25588148386415205 0
1593323590347 0.2561407834573677 0
1593324860902 0.25494340857998893 0
1593326133870 0.25337612177386426 0
1593327433762 0.25282123535307066 0
1593328687060 0.2534707684747197 0
1593329940233 0.2515158827952815 0
1593331195511 0.25078460131066316 0
1593332467570 0.24914090445434506 0
1593333726563 0.24778209965337405 0
1593335002014 0.24814641678875143 0
1593336249937 0.24758160749280994 0
1593337507575 0.2463012250196753 0
1593338792634 0.2457488514482975 0
1593340038690 0.2452181079566027 0
1593341304508 0.2442647832812685 0
1593342552774 0.24095084628259594 0
1593343838682 0.24200235676923484 0
1593345143775 0.24088010883353878 0
1593346396606 0.24102464287231365 0
1593347655332 0.2395133398416819 0
1593348932965 0.2384016172903957 0
1593350207096 0.2383971516833161 0
1593351459192 0.23817278760852237 0
1593352780365 0.23832159336994996 0
1593354043863 0.2366692807356065 0
1593355331734 0.23652984492593643 0
1593356587940 0.23631052859127522 0
1593357865304 0.23639314782551743 0
1593359121744 0.2360017830788186 0
1593360399384 0.23563749032715955 0
1593361652195 0.23587188008946902 0
1593362931864 0.2361922473505591 0
1593364200663 0.2357537332696445 0
1593365459625 0.23568041204954637 0
1593366728187 0.2358107433061708 0
1593368002386 0.2356958549582597 0
1593369264623 0.23654904752743966 0
1593370528987 0.23599139507859945 0
1593371790523 0.23710813517258925 0
1593373043472 0.2362412450778665 0
1593374284466 0.23592917914643433 0
1593375542654 0.23646034768810778 0
1593376802954 0.23744419488039883 0
1593378077450 0.23623696130446412 0
1593379338229 0.23740240654936343 0
1593380585677 0.23700403103209805 0
1593381825686 0.23751678252874903 0
1593383093270 0.23743994011910577 0
1593384338335 0.2390392842053464 0
1593385540526 0.23975781060642365 0
1593386524206 0.23935655284334312 0
1593387501585 0.23872312372832588 0
1593388470831 0.24007811129206058 0
1593389445354 0.24093716103357798 0
1593390429789 0.23973476102180552 0
1593391406249 0.2413462857348901 0
1593392371041 0.24113432250239633 0
1593393358877 0.24273083375936205 0
1593394331363 0.24092861053279854 0
1593395301334 0.24291766251465588 0
1593396284097 0.2412203491354982 0
