1593300759907 -3.3086477631957014 0
1593302082594 -4.0181387881818935 0
1593303341876 -4.110841970171102 0
1593304607620 -4.164163930969538 0
1593305862297 -4.203076630851931 0
1593307138601 -4.183510826180943 0
1593308395491 -4.250345658757865 0
1593309665368 -4.245920034661664 0
1593310927826 -4.278202697542976 0
1593312171946 -4.301614858661637 0
1593313456184 -4.221081082102363 0
1593314726412 -4.293273696534787 0
1593316004596 -4.279767726456295 0
1593317275362 -4.268615000210985 0
1593318535180 -4.3764855072156275 0
1593319797363 -4.368227844260576 0
1593321075904 -4.3639717990334965 0
1593322337677 -4.365918706509877 0
1593323590352 -4.391661281182403 0
1593324860906 -4.4116804989153575 0
1593326133874 -4.375845336249437 0
1593327433767 -4.445711218258084 0
1593328687064 -4.376675933133811 0
1593329940237 -4.42391381739413 0
1593331195515 -4.453322070153345 0
1593332467574 -4.435582096124011 0
1593333726567 -4.466896318033281 0
1593335002018 -4.487519721585241 0
1593336249941 -4.424930259627714 0
1593337507579 -4.500276634695403 0
1593338792638 -4.492229918511867 0
1593340038695 -4.508374488404528 0
1593341304512 -4.522206445475052 0
1593342552778 -4.547048288168188 0
1593343838687 -4.530951517768147 0
1593345143779 -4.555393929593265 0
1593346396611 -4.522860677002675 0
1593347655347 -4.545623560291433 0
1593348932968 -4.537608348662175 0
1593350207102 -4.531553799611037 0
1593351459196 -4.56882963777929 0
1593352780369 -4.575751255234619 0
1593354043867 -4.5651760501081515 0
1593355331738 -4.602972048528803 0
1593356587944 -4.573578251783284 0
1593357865308 -4.562782105305374 0
1593359121748 -4.592369962261397 0
1593360399388 -4.570469110586793 0
1593361652199 -4.62537236462319 0
1593362931872 -4.587286376697717 0
1593364200668 -4.596485370276214 0
1593365459629 -4.5824548195532495 0
1593366728191 -4.603010135582846 0
1593368002391 -4.599333515418976 0
1593369264627 -4.619144989043531 0
1593370528991 -4.584381601924895 0
1593371790527 -4.587617836606858 0
1593373043476 -4.557360549030515 0
1593374284470 -4.572898371444987 0
1593375542658 -4.584988150375218 0
1593376802959 -4.5801640313125755 0
1593378077454 -4.541197724513371 0
1593379338233 -4.584254558635593 0
1593380585681 -4.564018757823347 0
1593381825691 -4.566570495982005 0
1593383093277 -4.578946927393025 0
1593384338340 -4.54199797487606 0
1593385540530 -4.5536831260560025 0
1593386524210 -4.508655620904667 0
1593387501589 -4.526083459707231 0
1593388470835 -4.505955227110959 0
1593389445358 -4.501485438812806 0
1593390429794 -4.520771813155576 0
1593391406252 -4.517817337715039 0
1593392371045 -4.529716134946229 0
1593393358880 -4.469714860516516 0
1593394331367 -4.498247499955169 0
1593395301338 -4.483577182050794 0
1593396284103 -4.497153418371454 0
