1593300759903 0.17808439353988928 0
1593302082591 0.12365667165652143 0
1593303341873 0.11334859306049166 0
1593304607616 0.10947159809681277 0
1593305862295 0.105876002637105 0
1593307138599 0.10341280605643988 0
1593308395488 0.09877774955450812 0
1593309665361 0.10004666268430425 0
1593310927823 0.09985216257557498 0
1593312171942 0.09485878264813712 0
1593313456180 0.09986960093462557 0
1593314726409 0.0926387385944977 0
1593316004593 0.09282836695483913 0
1593317275359 0.09409489961707908 0
1593318535177 0.08857054960434184 0
1593319797360 0.08746084230105308 0
1593321075902 0.08585034594447775 0
1593322337658 0.0843221833506091 0
1593323590349 0.08178479759953916 0
1593324860903 0.08168561089868573 0
1593326133871 0.07990240207591066 0
1593327433763 0.07917476245061014 0
1593328687061 0.08130273907304261 0
1593329940234 0.07685670138788268 0
1593331195512 0.07536543746634077 0
1593332467571 0.07466350097886541 0
1593333726564 0.07369980422751696 0
1593335002015 0.07285244682465088 0
1593336249938 0.0731576298307063 0
1593337507576 0.07094811817461794 0
1593338792635 0.06941223929099964 0
1593340038691 0.07011032584264423 0
1593341304509 0.06801720429564628 0
1593342552775 0.06618224622357186 0
1593343838683 0.06637495735688417 0
1593345143776 0.06473648579170306 0
1593346396607 0.06531296013572226 0
1593347655344 0.06332402539820495 0
1593348932966 0.06358477490544884 0
1593350207098 0.061726075117335175 0
1593351459193 0.06176385575919553 0
1593352780366 0.0611941705098037 0
1593354043864 0.0612220480106771 0
1593355331735 0.06103706714400852 0
1593356587941 0.05999303768233707 0
1593357865305 0.0607458693045897 0
1593359121745 0.05976599736745949 0
1593360399385 0.059965814841262094 0
1593361652196 0.05968484175250386 0
1593362931865 0.060242849409185124 0
1593364200665 0.059947850267318165 0
1593365459626 0.06032437371499272 0
1593366728188 0.058873866607124604 0
1593368002387 0.06012393807935895 0
1593369264624 0.05943856705121244 0
1593370528988 0.060669203885040726 0
1593371790524 0.059946466057392005 0
1593373043473 0.059680759755076106 0
1593374284467 0.05991234771103005 0
1593375542655 0.059963055212530446 0
1593376802955 0.060917914883854486 0
1593378077451 0.06058813054396799 0
1593379338230 0.06111884904517369 0
1593380585678 0.061592401012383176 0
1593381825687 0.062015968805291886 0
1593383093272 0.061791566158221525 0
1593384338336 0.06213105708769889 0
1593385540527 0.06290918467989699 0
1593386524207 0.06335787704059233 0
1593387501586 0.06281507018403235 0
1593388470832 0.06402596415401521 0
1593389445355 0.06567383617529589 0
1593390429790 0.06519846417800043 0
1593391406250 0.06528564567931673 0
1593392371042 0.06507634121755307 0
1593393358878 0.06616361446283532 0
1593394331364 0.06622565784985482 0
1593395301335 0.06952337018976157 0
1593396284100 0.06535936396032797 0
1593397262595 0.0674469959357697 0
1593398142973 0.06852688792048756 0
1593399335699 0.06904680597962755 0
1593400542250 0.069177898722983 0
1593401736477 0.06696057893603927 0
1593402932751 0.0701624471412012 0
1593404122941 0.06851887554071392 0
1593405325787 0.06946396755026371 0
1593406514868 0.06794323837455137 0
1593407701939 0.0675169637843007 0
1593408909811 0.07187234755661903 0
1593410117620 0.06614214386861546 0
1593411318274 0.06902827905265219 0
1593412499038 0.06742563521291947 0
1593413701780 0.06538902744509731 0
1593414921551 0.06777235954139156 0
1593416122208 0.06674735344043284 0
1593417312035 0.06739999291091932 0
1593418509362 0.0666958887842625 0
1593419736259 0.0641128681423707 0
1593420913808 0.06431972700396948 0
1593422088791 0.06329838097603484 0
