1592786362982 0.2816506120144478 0
1592786789950 0.27619394263790104 0
1592787217095 0.2407435882373815 0
1592787645255 0.35933444723284697 0
1592788072591 0.4329703337462345 0
1592788500479 0.2145793844419336 0
1592788927398 0.462875701699966 0
1592789356241 0.3752801801409937 0
1592789784112 0.33440631088703215 0
1592790213141 0.35056764181906525 0
1592790640682 0.34343763950260303 0
1592791069915 0.4373403573713403 0
1592791498647 0.3248296928398188 0
1592791928096 0.38146924340019367 0
1592792355791 0.34211196936337795 0
1592792783927 0.42944986902287907 0
1592793210648 0.41569989432990634 0
1592793639401 0.2651755451544144 0
1592794067733 0.5071973232432543 0
1592794495824 0.5716079368378916 0
1592794923963 0.2994900547888731 0
1592795353193 0.49543530155547494 0
1592795781030 0.423255400361324 0
1592796209215 0.5666860421888515 0
1592796636175 0.4976965095235215 0
1592797064729 0.5511826355634364 0
1592797491722 0.5008901938224068 0
1592797920148 0.3732628123796451 0
1592798347525 0.540308591165367 0
1592798776654 0.49476899801344926 0
1592799203938 0.4795910944397404 0
1592799633342 0.5444751066481581 0
1592800061916 0.5651084388275651 0
1592800491866 0.5421006241885712 0
1592800920774 0.5444752267691546 0
1592801350670 0.5826722743435611 0
1592801778734 0.5885806911274303 0
1592802208253 0.5250185485004103 0
1592802636991 0.5380654678073152 0
1592803066320 0.4951433096596616 0
1592803495475 0.4957577528465914 0
1592803925780 0.5293156377653013 0
1592804355150 0.5367470051432836 0
1592804784959 0.533791994997816 0
1592805214213 0.5523418034417046 0
1592805640344 0.5442637253483306 0
