1592786363004 0.677565044068168 0
1592786789966 0.7015555775650559 0
1592787217109 0.6754737251846993 0
1592787645270 0.7508319173029685 0
1592788072609 0.6506964130578663 0
1592788500494 0.6112531665685014 0
1592788927414 0.7810803357639462 0
1592789356257 0.7277429165605638 0
1592789784127 0.7363283090932191 0
1592790213156 0.7315274587603287 0
1592790640696 0.716038563580006 0
1592791069931 0.7635432873075644 0
1592791498660 0.7314045465023292 0
1592791928112 0.7455158126048327 0
1592792355806 0.6928671668086899 0
1592792783945 0.7659988118313328 0
1592793210663 0.729191451365795 0
1592793639414 0.48530832725878326 0
1592794067749 0.7939808991613614 0
1592794495839 0.6236493604077448 0
1592794923981 0.643274041897654 0
1592795353208 0.7401226346285916 0
1592795781046 0.7498076848372935 0
1592796209229 0.8012903758584873 0
1592796636189 0.788422948991933 0
1592797064745 0.8034856282475156 0
1592797491743 0.7999464325614614 0
1592797920163 0.7295156462084522 0
1592798347539 0.7939686652020305 0
1592798776673 0.7909529007816989 0
1592799203954 0.7840960482109264 0
1592799633363 0.8058444558049369 0
1592800061932 0.8067066042827762 0
1592800491880 0.8037851498095059 0
1592800920788 0.7937851941897778 0
1592801350686 0.8124831176142845 0
1592801778751 0.8136003061920722 0
1592802208268 0.7968748598137255 0
1592802637006 0.7947909612589502 0
1592803066338 0.7852542682203184 0
1592803495489 0.7858345405234891 0
1592803925795 0.8008307758678533 0
1592804355166 0.8074758270777062 0
1592804784976 0.79703543730082 0
1592805214227 0.8006727461501189 0
1592805640359 0.8003380229787904 0
