1592786363016 0.6351364059299213 0
1592786789978 0.6559588315972432 0
1592787217121 0.6255949895558762 0
1592787645282 0.6989731808279754 0
1592788072620 0.6078636081312642 0
1592788500505 0.5659878123677018 0
1592788927426 0.7338454212350634 0
1592789356270 0.6793899303793917 0
1592789784140 0.68115245868949 0
1592790213169 0.6838781132557692 0
1592790640708 0.6736694719160582 0
1592791069942 0.7222398648334013 0
1592791498672 0.6796889485477826 0
1592791928124 0.6743554490446462 0
1592792355817 0.6421285461730439 0
1592792783957 0.7262191234227818 0
1592793210674 0.6724224299711031 0
1592793639426 0.453846390901814 0
1592794067760 0.7494932194574958 0
1592794495850 0.5885303651243095 0
1592794923994 0.6076338956659345 0
1592795353229 0.6964232517277491 0
1592795781066 0.7037320376491317 0
1592796209240 0.7519768518498723 0
1592796636201 0.7455950366230946 0
1592797064757 0.7530503368138785 0
1592797491754 0.7557779544116284 0
1592797920174 0.6906473372966776 0
1592798347557 0.7490445025084477 0
1592798776689 0.7438919117825801 0
1592799203966 0.7449033276182716 0
1592799633381 0.7619537873931906 0
1592800061945 0.7647900967260105 0
1592800491894 0.7575862779625284 0
1592800920800 0.751369774803654 0
1592801350700 0.7701275581312336 0
1592801778763 0.7702061987220125 0
1592802208280 0.7555294857148037 0
1592802637021 0.7522619564913336 0
1592803066351 0.743504259056878 0
1592803495502 0.7479503140766877 0
1592803925807 0.7577630195871161 0
1592804355177 0.7655173883740155 0
1592804784995 0.7553464263614403 0
1592805214239 0.7619807993306718 0
1592805640370 0.7582630367850763 0
