1592786333727 0.9102764431790681 0
1592786765619 0.7529212224487244 0
1592787192637 0.7097509353226918 0
1592787621074 0.6912981975232474 0
1592788048538 0.669511093394432 0
1592788475929 0.6668393983592464 0
1592788903372 0.6503770780991247 0
1592789332065 0.6406406461817191 0
1592789759814 0.6298125000572025 0
1592790189049 0.6310533241131894 0
1592790616444 0.6205996796582598 0
1592791045795 0.6129025562340277 0
1592791474556 0.6040302193266168 0
1592791903958 0.5953453025529607 0
1592792331552 0.5922252825304153 0
1592792759729 0.5810354581567218 0
1592793186636 0.5732562467971962 0
1592793614879 0.5640375454035078 0
1592794043670 0.5628495405871486 0
1592794472114 0.5533642267353214 0
1592794899559 0.5491097486655343 0
1592795329211 0.5422172322353203 0
1592795756858 0.5406432878835976 0
1592796185297 0.529142622817167 0
1592796612135 0.5236562735234535 0
1592797040789 0.516098571762968 0
1592797467789 0.5096674472637831 0
1592797896036 0.5043319326166242 0
1592798323466 0.4987368830350657 0
1592798752713 0.495601954609531 0
1592799179773 0.49135829600733083 0
1592799609266 0.486476468982677 0
1592800037878 0.4804099765782167 0
1592800467756 0.47532896798277646 0
1592800896607 0.47039144544836403 0
1592801326654 0.4697987410833388 0
1592801754890 0.45942293755447383 0
1592802184236 0.4588610795948195 0
1592802612838 0.454598082963762 0
1592803042331 0.4508658266621607 0
1592803471183 0.447635587649678 0
1592803901662 0.44200378611815216 0
1592804330942 0.44120871021954217 0
1592804760847 0.43933667436532997 0
1592805190287 0.43663041231220107 0
1592805616508 0.4354686680864496 0
