1595533654727 0.5306922798558659 0
1595535088926 0.5433385833982722 0
1595536513574 0.5513290741432592 0
1595537946157 0.5596337405675669 0
1595539379301 0.5789617532679472 0
1595540822572 0.5813995927093795 0
1595542245559 0.5862908883604883 0
1595543673182 0.5940017358362676 0
1595545097284 0.5884324399778227 0
1595546526740 0.6024140473350188 0
1595547958770 0.6054712495041799 0
1595549380712 0.5993677089650993 0
1595550813372 0.6040799093053074 0
1595552242703 0.6174005437989298 0
1595553666338 0.6098063362581837 0
1595555086536 0.626088118321374 0
1595556497026 0.6328432640209212 0
1595557910871 0.6293214385275814 0
1595559325089 0.6170425683702898 0
1595560742342 0.6393709106123776 0
1595562158476 0.639650383596662 0
1595563571466 0.622012957100777 0
1595564987761 0.6345561505685611 0
1595566400684 0.6299108853396959 0
1595567824245 0.6573264939976462 0
1595569239581 0.6528872856744273 0
