1595533654730 0.5488931556535382 0
1595535088928 0.5601226376212055 0
1595536513578 0.5686705868275327 0
1595537946160 0.5765518423694735 0
1595539379318 0.5966728075026367 0
1595540822600 0.5981930663139875 0
1595542245566 0.6027723305572883 0
1595543673184 0.6118472174194679 0
1595545097286 0.6055943830677816 0
1595546526750 0.6192123783176263 0
1595547958773 0.6232879178976546 0
1595549380719 0.6155347884566656 0
1595550813391 0.6204007264411605 0
1595552242709 0.6345126099844794 0
1595553666346 0.6265332951603686 0
1595555086543 0.6441395260474579 0
1595556497050 0.6500620318857174 0
1595557910889 0.6476362192312634 0
1595559325104 0.6339901042186499 0
1595560742344 0.6575287938436631 0
1595562158484 0.6579698946690936 0
1595563571477 0.6401782323982167 0
1595564987768 0.653029491732254 0
1595566400687 0.6480651737992461 0
1595567824247 0.6766178499692144 0
1595569239591 0.6722794484396486 0
