1595533654722 0.5781893717993875 0
1595535088920 0.5872218105458697 0
1595536513570 0.5966523921111221 0
1595537946153 0.6042465397795411 0
1595539379294 0.6253289702350537 0
1595540822559 0.6256325314268001 0
1595542245554 0.6301052928611097 0
1595543673177 0.6416017203793488 0
1595545097279 0.6336747831891979 0
1595546526728 0.6462873535258302 0
1595547958765 0.6525297767494834 0
1595549380704 0.6422988065328303 0
1595550813325 0.6475561083550708 0
1595552242696 0.6620655546312089 0
1595553666329 0.653472810511021 0
1595555086531 0.6735806977219209 0
1595556497020 0.678406680643339 0
1595557910864 0.6772502790329965 0
1595559325084 0.6612337799760927 0
1595560742337 0.6871244917855902 0
1595562158471 0.6881682152762393 0
1595563571460 0.6698750252857921 0
1595564987748 0.6825459725587921 0
1595566400680 0.6771065689412726 0
1595567824240 0.7075049508877649 0
1595569239576 0.7037884710585269 0
