1595533654729 0.5075659245308117 0
1595535088927 0.5200247790737959 0
1595536513575 0.5280869214590447 0
1595537946159 0.5360527019457064 0
1595539379308 0.5559744841884731 0
1595540822593 0.5583248449689436 0
1595542245565 0.5626312500660746 0
1595543673183 0.5693769174617351 0
1595545097285 0.5646535947096369 0
1595546526747 0.5793324446791851 0
1595547958771 0.5805495445422173 0
1595549380716 0.5767165417292996 0
1595550813384 0.5803645001690388 0
1595552242706 0.5941888960354902 0
1595553666342 0.5868083241392542 0
1595555086539 0.601490050640695 0
1595556497039 0.6089634761760656 0
1595557910884 0.6052529291293146 0
1595559325093 0.5940905770691067 0
1595560742343 0.6152407118822661 0
1595562158480 0.6143627344395466 0
1595563571471 0.5965422118116281 0
1595564987765 0.6092480900837937 0
1595566400686 0.6053029645788263 0
1595567824246 0.6325881443176415 0
1595569239582 0.6264043995199055 0
