1595533654748 0.695381811034137 0
1595535088945 0.7113991577442992 0
1595536513595 0.7189520820858377 0
1595537946171 0.7229045524480755 0
1595539379345 0.7294391416151559 0
1595540822636 0.7335525977841082 0
1595542245597 0.7369709686042055 0
1595543673191 0.7313140666564691 0
1595545097298 0.7358213789929638 0
1595546526786 0.741938136956101 0
1595547958788 0.734806926367572 0
1595549380742 0.7444081275600211 0
1595550813420 0.7427814654037569 0
1595552242741 0.7464512318002918 0
1595553666400 0.7427393773595596 0
1595555086564 0.7439507640619487 0
1595556497099 0.7459608849274927 0
1595557910917 0.74036838308544 0
1595559325202 0.7433723621080569 0
1595560742351 0.7431211194221455 0
1595562158514 0.7431703431120698 0
1595563571499 0.7349789778909138 0
1595564987813 0.7424386748323022 0
1595566400694 0.7425433476752564 0
1595567824272 0.747882067846833 0
1595569239661 0.7421308555464092 0
