1595533654741 0.7439492078137641 0
1595535088935 0.7606023357430174 0
1595536513588 0.7685645468408852 0
1595537946167 0.7732894155302286 0
1595539379332 0.7790446457129445 0
1595540822625 0.7842229271604062 0
1595542245587 0.78889313288291 0
1595543673189 0.7816876863784056 0
1595545097293 0.7871339472384685 0
1595546526780 0.7920169357866829 0
1595547958784 0.7862858597062412 0
1595549380734 0.7937626513313303 0
1595550813415 0.7934724211697233 0
1595552242730 0.7952802441736678 0
1595553666382 0.7929875741181888 0
1595555086550 0.7953334546259814 0
1595556497084 0.7958132792622657 0
1595557910908 0.7910789914563023 0
1595559325193 0.7931043735386375 0
1595560742349 0.7926961508126156 0
1595562158505 0.7946885025473468 0
1595563571496 0.7866264008012839 0
1595564987784 0.7939293950212768 0
1595566400692 0.7937881492524687 0
1595567824262 0.7989310893361675 0
1595569239622 0.7935546363132012 0
