1595533654745 0.7241398165233826 0
1595535088942 0.7412588745636659 0
1595536513592 0.7490100870604388 0
1595537946169 0.7532717285921443 0
1595539379335 0.7596115667388288 0
1595540822630 0.7642053718256291 0
1595542245595 0.7678853445557587 0
1595543673190 0.7617515785056659 0
1595545097295 0.7664000508954567 0
1595546526785 0.7725266628513326 0
1595547958786 0.7653438167828792 0
1595549380738 0.7735532889800354 0
1595550813416 0.7736943966838046 0
1595552242737 0.7753126842520003 0
1595553666393 0.7726919424819035 0
1595555086559 0.77526368525183 0
1595556497096 0.7761054178303504 0
1595557910912 0.7701405178930256 0
1595559325196 0.7719004085180704 0
1595560742350 0.7723587882380638 0
1595562158510 0.7743528937644081 0
1595563571497 0.7655731529970923 0
1595564987812 0.7732988084167828 0
1595566400693 0.7725917678852118 0
1595567824268 0.7773347419625577 0
1595569239660 0.7722956275100155 0
