1595533376192 2.715668081042136 0
1595534812656 2.6133531667522836 0
1595536240449 2.5874252502416577 0
1595537667421 2.569835731519723 0
1595539096947 2.5538477725668525 0
1595540543211 2.5423413835239805 0
1595541964607 2.5419097098434986 0
1595543394978 2.5189583219563194 0
1595544803354 2.521304728576343 0
1595546237808 2.516988014600845 0
1595547657326 2.4983830927232087 0
1595549079021 2.4982573939506563 0
1595550504134 2.488777700813547 0
1595551923764 2.4902046645690037 0
1595553346324 2.475899096689872 0
1595554764452 2.480729407746988 0
1595556170092 2.4747152069954987 0
1595557591677 2.466344033089535 0
1595559005908 2.451541386603537 0
1595560420075 2.4520941830227114 0
1595561833078 2.4433509345523228 0
1595563243774 2.4446460232553924 0
1595564662731 2.4378497102401666 0
1595566073634 2.435431545473017 0
1595567494023 2.4408583655541194 0
1595568916456 2.429300273033005 0
