1595533376186 0.2841664332062818 0
1595534812649 0.2561653936381777 0
1595536240443 0.24844387187187972 0
1595537667415 0.24276234708498767 0
1595539096941 0.24047488518040797 0
1595540543206 0.237872058342647 0
1595541964598 0.23260059711561037 0
1595543394972 0.23047124414799333 0
1595544803348 0.22745865150289432 0
1595546237802 0.2257177670394754 0
1595547657320 0.22384056085943685 0
1595549079014 0.22245377732839197 0
1595550504128 0.21992369407124995 0
1595551923758 0.2162428062369172 0
1595553346318 0.2165326412973278 0
1595554764446 0.2134053820511903 0
1595556170086 0.2101575854418201 0
1595557591671 0.2106569415153697 0
1595559005902 0.20610086217485707 0
1595560420069 0.20457502714151396 0
1595561833073 0.20485326904929638 0
1595563243768 0.20355739117800747 0
1595564662725 0.20246386576004013 0
1595566073628 0.2009722529783611 0
1595567494017 0.200873413410047 0
1595568916450 0.19730457853030609 0
