1590929454485 0.6467305847453191 0
1590930356928 0.7276728005702677 0
1590931263456 0.6748089399497903 0
1590932201986 0.7032896441543199 0
1590933094870 0.7396765433413431 0
1590934012906 0.7177367600308409 0
1590934944062 0.6961564913592913 0
1590935843808 0.7404705612910805 0
1590936765696 0.6927930021438167 0
1590937661799 0.7406834741043538 0
1590938560600 0.7476650155777257 0
1590939498292 0.7363881637047412 0
1590940396328 0.7630678792665164 0
1590941305795 0.7584212299473682 0
1590942245663 0.7469970457062692 0
1590943146622 0.7389574321417272 0
1590944070131 0.7609978995136345 0
1590944999757 0.7649408714744887 0
1590945911103 0.7655532670711562 0
1590946861292 0.728279546653876 0
1590947800590 0.754775100109766 0
1590948710571 0.7754434224286582 0
1590949658616 0.7730121302110319 0
1590950583415 0.7771953921620527 0
1590951485594 0.7811715447029292 0
1590952431422 0.768011132550351 0
1590953357353 0.7723631778637757 0
1590954253717 0.7732104217667223 0
1590955211204 0.7840434199975728 0
1590956137471 0.7920625409229933 0
1590957034060 0.7799958132228172 0
1590957984370 0.7761299805923435 0
1590958906991 0.7769946858668272 0
1590959819584 0.7777174043183976 0
1590960764016 0.7802464729130303 0
1590961690863 0.7834548996091806 0
1590962610170 0.7806637396528955 0
1590963551115 0.7799245646431455 0
1590964462437 0.7805219044197382 0
1590965392012 0.7792819676576638 0
1590966321547 0.7847696284283285 0
1590967233103 0.778755580164076 0
1590968182612 0.7813009707247444 0
1590969100845 0.7841040098283967 0
1590970006203 0.7779345498136523 0
1590970963504 0.7856093002411614 0
1590971874852 0.7877171914528961 0
1590972785567 0.7816547065686082 0
1590973737565 0.7796624036955074 0
1590974649995 0.7852399046610159 0
1590975544474 0.7841504491697344 0
