1590929454478 0.7028338456712233 0
1590930356911 0.7920567282269626 0
1590931263452 0.7449454855499914 0
1590932201982 0.7777286678832982 0
1590933094866 0.7976109405564547 0
1590934012902 0.7821635959634917 0
1590934944058 0.7526799540256534 0
1590935843805 0.7987700718657261 0
1590936765691 0.741063796444731 0
1590937661795 0.798076624281632 0
1590938560596 0.812468004819784 0
1590939498289 0.8033691925883314 0
1590940396316 0.8177773301805807 0
1590941305792 0.8140864615629541 0
1590942245659 0.8115492933574029 0
1590943146618 0.7985662339037959 0
1590944070127 0.8199670655989472 0
1590944999753 0.822988652184758 0
1590945911093 0.825694764714508 0
1590946861277 0.7965719973108047 0
1590947800586 0.8168987622722035 0
1590948710567 0.8311700620531565 0
1590949658612 0.8311779873076827 0
1590950583412 0.8359200807252368 0
1590951485590 0.839551282482704 0
1590952431416 0.8258989996706998 0
1590953357338 0.8350566309313576 0
1590954253707 0.8373150424348779 0
1590955211196 0.8394748742537194 0
1590956137467 0.8435391918086448 0
1590957034050 0.8386083231573367 0
1590957984366 0.8389228240927051 0
1590958906987 0.8383633101001219 0
1590959819580 0.8369591199295239 0
1590960764013 0.8391556012524687 0
1590961690859 0.8406262158737012 0
1590962610160 0.8406041676136957 0
1590963551111 0.8374278088366146 0
1590964462433 0.8412954111976159 0
1590965392002 0.8361358720920128 0
1590966321539 0.8418003055533017 0
1590967233099 0.8395995921129351 0
1590968182609 0.8387470789277024 0
1590969100839 0.841293798278189 0
1590970006195 0.8369230815094616 0
1590970963490 0.8422592460959941 0
1590971874848 0.8427866432635538 0
1590972785563 0.8391051291188931 0
1590973737561 0.8395013616543812 0
1590974649991 0.8415632399785136 0
1590975544468 0.8407596703850286 0
