1590929454488 0.6913903374235567 0
1590930356934 0.7785890109137674 0
1590931263458 0.7304617189976493 0
1590932201987 0.7624218902258398 0
1590933094871 0.7859379596455419 0
1590934012907 0.768753025893346 0
1590934944063 0.7405373842131135 0
1590935843810 0.7866510882857481 0
1590936765697 0.7312407644240014 0
1590937661800 0.7863823723327386 0
1590938560604 0.7989126638131546 0
1590939498294 0.7893351722170627 0
1590940396334 0.8064091909734534 0
1590941305797 0.8026635815520476 0
1590942245664 0.7979852186746491 0
1590943146623 0.7862299549927707 0
1590944070132 0.8078503186152814 0
1590944999758 0.8106111958809524 0
1590945911104 0.8126465445676506 0
1590946861293 0.7824536870847877 0
1590947800591 0.8038572312062637 0
1590948710572 0.8194458829662224 0
1590949658617 0.8187219678687107 0
1590950583417 0.8233158518481999 0
1590951485595 0.826749691798493 0
1590952431426 0.813676361956151 0
1590953357354 0.8217788588872939 0
1590954253719 0.8235417496455774 0
1590955211211 0.827910419892571 0
1590956137478 0.8328676451471814 0
1590957034067 0.8264116559516957 0
1590957984372 0.8251059332866487 0
1590958906993 0.8254003080357347 0
1590959819585 0.8245776437624207 0
1590960764018 0.8265130234773808 0
1590961690865 0.8284697247997509 0
1590962610171 0.8276223436821173 0
1590963551117 0.8253725938692461 0
1590964462438 0.8284330923279796 0
1590965392014 0.8242299415427529 0
1590966321555 0.829564981781718 0
1590967233105 0.8267323579669492 0
1590968182614 0.8268551530514218 0
1590969100848 0.8292187604719762 0
1590970006207 0.8249112024462185 0
1590970963509 0.8304940456747932 0
1590971874853 0.8312080618104564 0
1590972785568 0.826935445393648 0
1590973737566 0.8269167854022461 0
1590974649996 0.8298746066520143 0
1590975544477 0.828914597549777 0
