1590929454501 0.8291398244196513 0
1590930356952 0.8344016175846383 0
1590931263463 0.8251002869828259 0
1590932201995 0.8162377567017229 0
1590933094876 0.8389623475155286 0
1590934012914 0.8466501576858809 0
1590934944070 0.8466365438968704 0
1590935843814 0.8476267333925834 0
1590936765702 0.8250869609019118 0
1590937661809 0.8471661485593541 0
1590938560616 0.852324541130891 0
1590939498300 0.8506182518930611 0
1590940396354 0.8595604774728967 0
1590941305800 0.8582805556356546 0
1590942245670 0.8584389004735096 0
1590943146628 0.8503793126489813 0
1590944070136 0.8567210815911664 0
1590944999765 0.8619107604510381 0
1590945911110 0.8632263547530827 0
1590946861297 0.8362260203441484 0
1590947800595 0.8564474230933298 0
1590948710576 0.8655094523251359 0
1590949658621 0.8671899908484628 0
1590950583422 0.8647309206037772 0
1590951485599 0.8632089156576169 0
1590952431437 0.8636892479708816 0
1590953357358 0.8629550093114379 0
1590954253729 0.860700602218372 0
1590955211223 0.863627862371371 0
1590956137487 0.8673515057412726 0
1590957034082 0.8656571382696363 0
1590957984375 0.8629149767046909 0
1590958906997 0.8597825510591675 0
1590959819593 0.8611963666274445 0
1590960764025 0.8627800790266753 0
1590961690869 0.8602161620220813 0
1590962610180 0.8601127654646761 0
1590963551128 0.8599138287918212 0
1590964462448 0.8583770705695015 0
1590965392020 0.8616556541831776 0
1590966321579 0.8622138887965745 0
1590967233119 0.859620469071154 0
1590968182618 0.862683187166042 0
1590969100852 0.8609455810480495 0
1590970006221 0.8548111441615167 0
1590970963516 0.8606128126526149 0
1590971874859 0.8625600822480104 0
1590972785575 0.8601813485939445 0
1590973737573 0.8565928464774032 0
1590974650005 0.8605090686205866 0
1590975544491 0.8584316813965227 0
