1590929454481 0.6730059956660415 0
1590930356921 0.7560603677625403 0
1590931263455 0.7045373817747783 0
1590932201985 0.736271810455444 0
1590933094869 0.7657271534862151 0
1590934012905 0.7465740899453026 0
1590934944061 0.7218698185032346 0
1590935843807 0.7662375112350471 0
1590936765694 0.715552434152911 0
1590937661798 0.7666250739970448 0
1590938560599 0.7773197105550819 0
1590939498291 0.7675982467863717 0
1590940396322 0.7881617013354515 0
1590941305794 0.784472095544424 0
1590942245662 0.7772347622868908 0
1590943146620 0.7663232532659228 0
1590944070130 0.7879470157768454 0
1590944999755 0.7916931638862374 0
1590945911101 0.7943931131585601 0
1590946861291 0.758912906631095 0
1590947800589 0.7837946673201314 0
1590948710569 0.8016977422763696 0
1590949658614 0.8001714500277727 0
1590950583414 0.804789891690961 0
1590951485592 0.8077307742010168 0
1590952431419 0.7953363406974461 0
1590953357352 0.8023756088961203 0
1590954253712 0.8039976296064933 0
1590955211200 0.8103821968250811 0
1590956137469 0.8163991010795818 0
1590957034055 0.8084679315807122 0
1590957984369 0.8054864075965321 0
1590958906990 0.8058348570528211 0
1590959819583 0.8062983436626276 0
1590960764015 0.8080734136168757 0
1590961690862 0.8106771504968991 0
1590962610168 0.8090570910448442 0
1590963551114 0.8082291712434639 0
1590964462436 0.8108977232015186 0
1590965392004 0.8060027374644665 0
1590966321542 0.8124125583218356 0
1590967233102 0.8088034343541485 0
1590968182611 0.8093690970915715 0
1590969100844 0.8117100744086698 0
1590970006199 0.8066531603914302 0
1590970963498 0.8125132574955152 0
1590971874851 0.8140000216677543 0
1590972785565 0.8093294027829608 0
1590973737564 0.8088780976896801 0
1590974649993 0.8122620178518938 0
1590975544471 0.811314713865813 0
