1590929192674 1.6217781764935686 0
1590930112651 1.4670516668678555 0
1590931060274 1.4243195962977329 0
1590931971423 1.395344357478292 0
1590932870090 1.3830594889156214 0
1590933816022 1.372600813340991 0
1590934726332 1.3552893408272229 0
1590935630070 1.3452426207349657 0
1590936570734 1.3278241552939833 0
1590937467086 1.3263866592657894 0
1590938372532 1.271870282474378 0
1590939289823 1.2648854948724855 0
1590940179767 1.2602139135023163 0
1590941115535 1.2546798917953963 0
1590942014792 1.2447452219288166 0
1590942913170 1.245947447826567 0
1590943855475 1.23303997828774 0
1590944753968 1.2298179262415527 0
1590945659001 1.222422491580452 0
1590946611098 1.2240759219727628 0
1590947532699 1.1984782421229978 0
1590948458539 1.1924306053549187 0
1590949401434 1.182484807910134 0
1590950325701 1.1733686304906357 0
1590951248075 1.166517661391124 0
1590952175077 1.1651205515625065 0
1590953104784 1.1663874046213618 0
1590954025210 1.155671893597738 0
1590954950071 1.1580262794095564 0
1590955884007 1.1578981859915674 0
1590956814952 1.1446824614553963 0
1590957725766 1.1334318702840607 0
1590958649066 1.1307666275063402 0
1590959600084 1.128830935646563 0
1590960503471 1.1237288617792638 0
1590961426682 1.1203826656139808 0
1590962382434 1.1202555102653393 0
1590963286330 1.1148151085142166 0
1590964211605 1.1158049251229318 0
1590965151099 1.110055711866701 0
1590966058719 1.1022924412994488 0
1590966976849 1.0995516336063713 0
1590967933118 1.0971632814821553 0
1590968843166 1.0914074573804067 0
1590969766916 1.0959721516007686 0
1590970699599 1.0935498667736303 0
1590971616467 1.0924427022053924 0
1590972550056 1.0897315214260495 0
1590973476270 1.0924286550483944 0
1590974393951 1.088137371529353 0
1590975322863 1.0837418964477128 0
