1590929192672 0.14994067339796455 0
1590930112650 0.142642678956599 0
1590931060274 0.13997409946910322 0
1590931971419 0.13839228981978272 0
1590932870088 0.13684571343878088 0
1590933816021 0.1367387193591083 0
1590934726331 0.13575617246091637 0
1590935630069 0.13493133514915426 0
1590936570733 0.1337225612372024 0
1590937467082 0.1342374666436622 0
1590938372531 0.130329038811737 0
1590939289822 0.12979297312699498 0
1590940179765 0.1294058130620277 0
1590941115533 0.1288626077478607 0
1590942014789 0.12945636496220006 0
1590942913169 0.12880115455960575 0
1590943855474 0.12805816070197923 0
1590944753967 0.12807197892638647 0
1590945659000 0.12721961918690977 0
1590946611097 0.12734821241468056 0
1590947532697 0.12508161286036718 0
1590948458538 0.12474019080400467 0
1590949401432 0.12506535877239758 0
1590950325700 0.12420349435447013 0
1590951248074 0.12406865422311983 0
1590952175075 0.12343687955375131 0
1590953104783 0.12344895662170023 0
1590954025209 0.1232748793174415 0
1590954950070 0.1231277755474391 0
1590955884006 0.12273597865276141 0
1590956814951 0.12162503744709437 0
1590957725764 0.12128452543322354 0
1590958649065 0.12124244467308533 0
1590959600083 0.12098838610055784 0
1590960503470 0.12046545248937933 0
1590961426681 0.12029909563663344 0
1590962382433 0.12052819496828672 0
1590963286329 0.12073335597572261 0
1590964211604 0.12049415239800601 0
1590965151098 0.12015951091432137 0
1590966058718 0.1190106793217463 0
1590966976848 0.11910349491252202 0
1590967933117 0.11926639501056442 0
1590968843164 0.1186540606155243 0
1590969766915 0.11873082804693479 0
1590970699598 0.11919493520776975 0
1590971616466 0.1191495770767127 0
1590972550055 0.11860083671261186 0
1590973476268 0.1184315533126326 0
1590974393949 0.11884266740246995 0
1590975322861 0.1180430719773519 0
