1595533644476 0.6018931618627981 0
1595535073820 0.6021839266849983 0
1595536506387 0.6187540625572728 0
1595537934105 0.6340591761412718 0
1595539369784 0.6397454481047511 0
1595540810404 0.6449155649892896 0
1595542241808 0.6429177942228033 0
1595543667922 0.6617627691967156 0
1595545097333 0.6727936517324761 0
1595546525881 0.669731305554185 0
1595547950640 0.6467584675879 0
1595549378542 0.6637945804769199 0
1595550798510 0.672089686466855 0
1595552228840 0.687586554237897 0
1595553649020 0.6831922393884073 0
1595555056706 0.6774711829783621 0
1595556471324 0.6741789433544388 0
1595557888558 0.6822885320982887 0
1595559309754 0.672011639038528 0
1595560724791 0.689628366906908 0
1595562136694 0.6854027126225473 0
1595563545125 0.6925967842564206 0
1595564967452 0.6962252176039776 0
1595566384746 0.6940132211546743 0
1595567798008 0.6840254225556375 0
1595569222883 0.6912721013382924 0
