1595533644497 0.7693496323737399 0
1595535073830 0.7908817103068648 0
1595536506396 0.7948011669170838 0
1595537934119 0.8082191981081019 0
1595539369797 0.7939912685906769 0
1595540810413 0.8033435184875669 0
1595542241829 0.805937690124735 0
1595543667935 0.8056324413562781 0
1595545097344 0.8060734058211771 0
1595546525891 0.8068641728957162 0
1595547950654 0.8173954334271045 0
1595549378550 0.8124292732675035 0
1595550798520 0.8134930509140457 0
1595552228868 0.8191601348444855 0
1595553649055 0.8133542890831821 0
1595555056714 0.8162490062707021 0
1595556471351 0.8188373057581843 0
1595557888566 0.8126880668038845 0
1595559309764 0.8190962158156474 0
1595560724809 0.8140291006467457 0
1595562136707 0.82120205326887 0
1595563545133 0.8134610390864676 0
1595564967489 0.8162194966149328 0
1595566384768 0.8225739595590885 0
1595567798018 0.8244400825434047 0
1595569222923 0.8212004033999648 0
