1595533644498 0.760486187367405 0
1595535073833 0.7820044055629914 0
1595536506397 0.7857707161704006 0
1595537934121 0.799837457740556 0
1595539369801 0.7850237327389629 0
1595540810415 0.7949298720083605 0
1595542241830 0.7968244944630657 0
1595543667941 0.7969353962224144 0
1595545097347 0.7978071411363616 0
1595546525893 0.7983212478980765 0
1595547950656 0.8083372587315658 0
1595549378551 0.8030735339291695 0
1595550798521 0.8045032968156136 0
1595552228873 0.8100737201918302 0
1595553649065 0.8053082878552421 0
1595555056715 0.8076232727947276 0
1595556471354 0.8094394873636828 0
1595557888568 0.8034226272431823 0
1595559309767 0.8098715053615431 0
1595560724812 0.8058068242333374 0
1595562136711 0.8119459821208619 0
1595563545135 0.8048706833633053 0
1595564967492 0.80737068080233 0
1595566384771 0.8137749522735885 0
1595567798059 0.8151693828527523 0
1595569222930 0.8118130692626492 0
