1595533358840 0.26113856063338964 0
1595534800691 0.23412713060858426 0
1595536230333 0.2285269258573073 0
1595537656491 0.22330034091687223 0
1595539081023 0.2198682415347568 0
1595540519697 0.2167560951545847 0
1595541950943 0.21620625830282367 0
1595543381510 0.21316742985013298 0
1595544811690 0.21208485117463607 0
1595546229607 0.2121671098542056 0
1595547651985 0.2097519198347969 0
1595549073387 0.21126938736163123 0
1595550488823 0.20927861393187086 0
1595551908373 0.2081063904243496 0
1595553324801 0.2086148750095403 0
1595554736541 0.20521011996574387 0
1595556149629 0.20650369286364903 0
1595557568540 0.20602396779026894 0
1595558986637 0.20386672031648095 0
1595560403371 0.2034738845969408 0
1595561810810 0.2006108571339205 0
1595563223887 0.2026858333464401 0
1595564641611 0.2022594956205858 0
1595566058789 0.20155169323861943 0
1595567476191 0.20101973267993486 0
1595568905368 0.19996851229844853 0
