1595533358843 1.8864992257487567 0
1595534800695 1.8891548155557016 0
1595536230337 1.881926420894563 0
1595537656495 1.8790271751748737 0
1595539081026 1.8745111908231462 0
1595540519700 1.86752642529942 0
1595541950946 1.870012388457748 0
1595543381514 1.8681597777578478 0
1595544811695 1.8702895345026358 0
1595546229611 1.8760933421250712 0
1595547651988 1.8661485335533525 0
1595549073422 1.8717149115120646 0
1595550488828 1.8675374157855966 0
1595551908376 1.879287200856071 0
1595553324804 1.8761701975648408 0
1595554736547 1.871363604393604 0
1595556149632 1.8748509925224877 0
1595557568543 1.8756495662999488 0
1595558986641 1.868184200797959 0
1595560403377 1.8683209025495608 0
1595561810813 1.875534921712269 0
1595563223890 1.8653524293080526 0
1595564641614 1.8696167524150342 0
1595566058793 1.8696786148502844 0
1595567476194 1.869583279706544 0
1595568905372 1.8704832381792644 0
