1595533358838 0.2755628709183755 0
1595534800690 0.24803427192763194 0
1595536230332 0.2413692894575519 0
1595537656490 0.2371647078436234 0
1595539081021 0.23583114718746095 0
1595540519693 0.23138552872751686 0
1595541950941 0.22976345888205937 0
1595543381508 0.22656747785532996 0
1595544811689 0.2251060811278251 0
1595546229605 0.22639948306843627 0
1595547651984 0.22453845248647605 0
1595549073385 0.22338472615579846 0
1595550488822 0.2213962604495536 0
1595551908372 0.22107715290085922 0
1595553324799 0.2206761172113588 0
1595554736540 0.21710067849012568 0
1595556149627 0.219230285085104 0
1595557568538 0.21795753173031757 0
1595558986636 0.21775395233679368 0
1595560403369 0.21620055054284443 0
1595561810808 0.2158580130161479 0
1595563223884 0.21701095155405664 0
1595564641609 0.21459516255349587 0
1595566058788 0.21347545454636968 0
1595567476189 0.21406072151134273 0
1595568905366 0.21327571249101696 0
