1595749863875 0.352347115514287 0
1595751956994 0.35633283199331406 0
1595754029128 0.36493017410121276 0
1595756108980 0.35970627510392883 0
1595758192399 0.3580973459468723 0
1595760273831 0.35845446228492656 0
1595762340960 0.36406245338049403 0
1595764430471 0.3650506410627961 0
1595766502605 0.3614267423585011 0
1595768576601 0.3642984451106483 0
1595770649416 0.37063173189787957 0
1595772712107 0.367908088996705 0
1595774779695 0.3696103667538134 0
1595776863232 0.37218905316568285 0
1595778948524 0.37406081116232104 0
1595781012767 0.3794226431293677 0
1595783083894 0.37486845350493697 0
