1595749863876 0.34785514003642876 0
1595751956996 0.35212072537419803 0
1595754029130 0.36109792320877593 0
1595756108982 0.3568048761014967 0
1595758192411 0.3546007222288883 0
1595760273832 0.355445067670005 0
1595762340962 0.3608204935374935 0
1595764430473 0.3615568854125865 0
1595766502607 0.35832677048827377 0
1595768576602 0.3610200093682575 0
1595770649418 0.3678795726318127 0
1595772712108 0.36497701999823545 0
1595774779696 0.3668036543553125 0
1595776863234 0.3693197040812587 0
1595778948526 0.37126163366143894 0
1595781012769 0.37608989458992365 0
1595783083895 0.37175730406584623 0
