1595749863869 0.35836479353375716 0
1595751956988 0.3618058069826997 0
1595754029121 0.3699365347298034 0
1595756108974 0.3640022849503268 0
1595758192393 0.363099173698874 0
1595760273825 0.36225748910207367 0
1595762340955 0.36796896701001985 0
1595764430466 0.3687404121504907 0
1595766502601 0.36508746510653545 0
1595768576595 0.36803670808749533 0
1595770649410 0.37392895837797197 0
1595772712101 0.37137466088074705 0
1595774779690 0.3734062043451399 0
1595776863227 0.37563633473136926 0
1595778948518 0.3772232924598126 0
1595781012761 0.3832049053012466 0
1595783083888 0.37845704507618755 0
