1595749863882 0.7284308825225302 0
1595751957001 0.7150306379486919 0
1595754029135 0.7323114631370519 0
1595756108987 0.7136607892863435 0
1595758192416 0.7803249099521654 0
1595760273838 0.7113773380318235 0
1595762340967 0.7051995191082621 0
1595764430479 0.7075270741843906 0
1595766502611 0.7710156724578696 0
1595768576608 0.7800771413825659 0
1595770649429 0.727332298850769 0
1595772712116 0.6932286851192347 0
1595774779702 0.7226369630183233 0
1595776863239 0.7775382535394105 0
1595778948537 0.7437941164618856 0
1595781012780 0.7396829853198609 0
1595783083901 0.7641081299951253 0
