1595749863886 0.7205164423670581 0
1595751957008 0.7077830214094639 0
1595754029142 0.7255254367931494 0
1595756108995 0.7072323599028814 0
1595758192431 0.7722781649181719 0
1595760273841 0.7047190736405152 0
1595762340971 0.6994378792369756 0
1595764430483 0.7024124860243086 0
1595766502614 0.7640507043994392 0
1595768576634 0.7724703368438991 0
1595770649438 0.7227100610479213 0
1595772712123 0.6883428117986645 0
1595774779710 0.71706931679935 0
1595776863243 0.7711150403933638 0
1595778948546 0.7391042529900026 0
1595781012785 0.7339273530496042 0
1595783083904 0.7571202101913792 0
