1595749863894 0.7109114886276346 0
1595751957023 0.700733693837254 0
1595754029158 0.7179255390535468 0
1595756109009 0.7004497258504787 0
1595758192438 0.7629437189505075 0
1595760273848 0.6981469654659461 0
1595762340984 0.6920841713246947 0
1595764430491 0.6959805340006219 0
1595766502619 0.755290981299455 0
1595768576656 0.7635340596995602 0
1595770649450 0.7159732646670715 0
1595772712136 0.6817606277346214 0
1595774779733 0.7104977580084163 0
1595776863250 0.7636505923031366 0
1595778948565 0.7319461704023219 0
1595781012803 0.7271623205327936 0
1595783083912 0.7502320204134176 0
