1595749863872 0.35514053046671334 0
1595751956992 0.3587498533311452 0
1595754029126 0.3671210663921218 0
1595756108978 0.3616979035198033 0
1595758192397 0.3603536792482483 0
1595760273828 0.3604864408896925 0
1595762340958 0.3659307655049067 0
1595764430469 0.3667446654957493 0
1595766502604 0.3632222069776797 0
1595768576599 0.3662003438887473 0
1595770649414 0.37229387186260493 0
1595772712105 0.36972991460956334 0
1595774779693 0.37165909455724533 0
1595776863230 0.37387515553716 0
1595778948522 0.37572024970251217 0
1595781012765 0.3813059054410098 0
1595783083892 0.37653224966848625 0
