1595749498989 1.1010642892524345 0
1595751578224 0.45374088578086325 0
1595753644557 0.4333088502033805 0
1595755701249 0.4209423309745746 0
1595757769574 0.41310232661228163 0
1595759843991 0.4055658061142936 0
1595761901946 0.3989876040579921 0
1595763984519 0.39323392215483804 0
1595766056497 0.3841418881076985 0
1595768129399 0.38414296280286153 0
1595770206709 0.36321211373744144 0
1595772277632 0.35381610556785226 0
1595774358274 0.3472512790103415 0
1595776429170 0.3450446544398724 0
1595778511388 0.3391934949946103 0
1595780563217 0.3266978990355627 0
1595782624822 0.3208048327089328 0
