1592742899508 0.5930613807471355 0
1592743532891 0.6121995409312064 0
1592744166794 0.5788088029434698 0
1592744800320 0.6429512110131089 0
1592745433493 0.6136275964527524 0
1592746066671 0.6666511413424837 0
1592746701180 0.6681149033841255 0
1592747336947 0.6312850318982566 0
1592747970093 0.7022368869238327 0
1592748603479 0.6396575261027081 0
1592749235734 0.6944624038196633 0
1592749868066 0.726904295351912 0
1592750498808 0.7124788919202792 0
1592751131662 0.7376038423592733 0
1592751764455 0.6984358894783623 0
1592752396698 0.7101005170068725 0
1592753029625 0.703145676297278 0
1592753664212 0.7194898544533155 0
1592754296297 0.6997793403858269 0
1592754930586 0.7178062391857095 0
1592755562325 0.7126373660430309 0
1592756194486 0.7278992726817184 0
1592756825216 0.7442406319553293 0
1592757459511 0.7453413850269376 0
1592758092651 0.7319341993232577 0
1592758723216 0.744156666160738 0
1592759355437 0.7423510211155553 0
1592759989320 0.7506270321594678 0
1592760619913 0.7413152784976913 0
1592761252656 0.7458312278883801 0
1592761886547 0.7418261269717178 0
1592762518853 0.745988041409504 0
1592763149443 0.7462272290573346 0
1592763782208 0.750156205240228 0
1592764414000 0.7523081611790602 0
1592765048745 0.738102466380878 0
1592765680625 0.7526840053449408 0
1592766314080 0.7477196107699454 0
1592766944248 0.7523048542651011 0
1592767579152 0.7559530791617005 0
1592768212567 0.7506374307564685 0
1592768844924 0.7445130382845755 0
1592769478300 0.7486006757800031 0
1592770110991 0.7433271489563736 0
1592770742069 0.7621649427825332 0
1592771376664 0.7643607157304314 0
1592772008005 0.7531641410013848 0
1592772642157 0.7477933102874709 0
1592773275281 0.7470854335625012 0
1592773906288 0.7554258170235242 0
1592774537676 0.7604028993710595 0
