1592742899506 0.5929637709889642 0
1592743532888 0.6128714697436938 0
1592744166791 0.5795443330115522 0
1592744800317 0.6436855675844534 0
1592745433491 0.614726860776597 0
1592746066669 0.6673363818267163 0
1592746701178 0.6686567690863081 0
1592747336944 0.6313895003600476 0
1592747970091 0.702881204653 0
1592748603476 0.6404527212381185 0
1592749235732 0.6957309520739353 0
1592749868064 0.7275823420168761 0
1592750498806 0.7132550966791598 0
1592751131659 0.7388874896131519 0
1592751764452 0.6995011162356997 0
1592752396695 0.7108262729455421 0
1592753029622 0.7036847975522116 0
1592753664210 0.7204976293499459 0
1592754296295 0.7005899659767325 0
1592754930584 0.7185796592415228 0
1592755562323 0.7137672213486604 0
1592756194483 0.7291696723253915 0
1592756825214 0.7458067437132575 0
1592757459509 0.7458251501956279 0
1592758092649 0.7334799980465433 0
1592758723214 0.7455837309179019 0
1592759355434 0.743502351854284 0
1592759989318 0.7526084130730282 0
1592760619910 0.7431630495700172 0
1592761252654 0.7470074108052677 0
1592761886545 0.7424562568806183 0
1592762518851 0.7466302402196211 0
1592763149441 0.7475475373457646 0
1592763782206 0.7512136902322557 0
1592764413997 0.7533151196848596 0
1592765048743 0.7391156922246436 0
1592765680623 0.7537773661623376 0
1592766314078 0.7490971189340863 0
1592766944246 0.7534676520888962 0
1592767579150 0.7572335842113999 0
1592768212564 0.7515817193753278 0
1592768844921 0.7462356101775981 0
1592769478298 0.7499058470498676 0
1592770110988 0.7446293172648024 0
1592770742067 0.7633075731402087 0
1592771376662 0.7655948528486873 0
1592772008003 0.7541094230527882 0
1592772642155 0.7490508514042385 0
1592773275279 0.7483674712056368 0
1592773906286 0.757489661438673 0
1592774537674 0.7617256794140251 0
