1592742899510 0.7686341132597876 0
1592743532893 0.7556189372734654 0
1592744166797 0.729246134098036 0
1592744800322 0.7883009690828628 0
1592745433495 0.7854299719955179 0
1592746066673 0.8025643508970757 0
1592746701183 0.8009980395204759 0
1592747336950 0.7834824656246802 0
1592747970095 0.8128110817302009 0
1592748603482 0.7845787553722865 0
1592749235736 0.8086978366395501 0
1592749868068 0.8360991118651032 0
1592750498810 0.8253717890200346 0
1592751131665 0.8387627238756286 0
1592751764457 0.8138704513158826 0
1592752396700 0.8164865175500207 0
1592753029628 0.8085455185271693 0
1592753664214 0.8249000722836991 0
1592754296299 0.8173405085458694 0
1592754930588 0.8109966752034012 0
1592755562327 0.8171618373526874 0
1592756194488 0.8256168400175534 0
1592756825218 0.835592138122438 0
1592757459513 0.8360658941934632 0
1592758092653 0.8243353537278182 0
1592758723218 0.8338331083903143 0
1592759355439 0.8334758176675434 0
1592759989322 0.8453769799348078 0
1592760619915 0.8314328739320854 0
1592761252658 0.8322963735947188 0
1592761886549 0.8322299134189279 0
1592762518856 0.8317478363692907 0
1592763149445 0.8361561679436372 0
1592763782210 0.8315727455151569 0
1592764414002 0.8417604695157661 0
1592765048748 0.8326613700271946 0
1592765680628 0.8372493150688044 0
1592766314082 0.8291509583822089 0
1592766944250 0.8395739704835383 0
1592767579154 0.8381555397002476 0
1592768212570 0.8345587464708725 0
1592768844926 0.8326308045427459 0
1592769478303 0.8367309837324957 0
1592770110993 0.831794703929 0
1592770742072 0.8374512129801263 0
1592771376666 0.8415887294451827 0
1592772008007 0.8372366313583238 0
1592772642159 0.8365070023454798 0
1592773275283 0.8372151335534643 0
1592773906291 0.8384504939669543 0
1592774537678 0.8403583262603986 0
