1592742789028 0.2982051122519705 0
1592743424602 0.26412074168523153 0
1592744058553 0.2510044281019105 0
1592744692772 0.24234465413623385 0
1592745325691 0.23641969753636255 0
1592745959029 0.2330570051405165 0
1592746593156 0.22830487019485898 0
1592747228932 0.22670944545004104 0
1592747861991 0.22432403441932466 0
1592748495681 0.21854268100526597 0
1592749127909 0.20761916667222977 0
1592749760460 0.20168478031953177 0
1592750391115 0.20149887849887213 0
1592751023928 0.19759276986122132 0
1592751656579 0.19896108802821902 0
1592752289015 0.19700015568070942 0
1592752921876 0.19629533658425014 0
1592753556496 0.1927894631690449 0
1592754188521 0.19195630808671316 0
1592754822809 0.19205632163418665 0
1592755454423 0.18523197816477882 0
1592756086792 0.18141853312651315 0
1592756717405 0.18210530446635353 0
1592757351919 0.18162974178791047 0
1592757984785 0.1806316520108117 0
1592758615544 0.17830685706602203 0
1592759247684 0.1774281962050332 0
1592759881827 0.17529947217967776 0
1592760512174 0.17566680351893108 0
1592761145273 0.17481132197711202 0
1592761778642 0.17095756929781702 0
1592762411336 0.1706171584626039 0
1592763041756 0.16979156121611594 0
1592763674116 0.16952905929750867 0
1592764306346 0.1691438797944122 0
1592764941110 0.16842910948726866 0
1592765573020 0.16550620714823405 0
1592766206418 0.16593441070781814 0
1592766836497 0.1645457123219967 0
1592767471500 0.16441613738735517 0
1592768104571 0.16300220092137654 0
1592768737324 0.1651392744315995 0
1592769370649 0.16241690759857497 0
1592770003397 0.16299474202924305 0
1592770634382 0.15999951384133762 0
1592771269056 0.1609712050192886 0
1592771900184 0.16036727267834874 0
1592772534441 0.16117868587374687 0
1592773167538 0.16025021231836742 0
1592773798711 0.16029716442028683 0
1592774429779 0.15963352024555205 0
