1592742789035 0.8528766595986155 0
1592743424605 0.742775545782513 0
1592744058556 0.7072418050136831 0
1592744692780 0.6808297921137677 0
1592745325698 0.6672605807665322 0
1592745959035 0.6552065721568134 0
1592746593161 0.6460840085686909 0
1592747228936 0.6339158663402001 0
1592747861996 0.6290482628469666 0
1592748495684 0.6151248555878798 0
1592749127912 0.5834626651265555 0
1592749760464 0.5700055862632063 0
1592750391119 0.5664599709999231 0
1592751023935 0.5590268392115831 0
1592751656583 0.5612110031561719 0
1592752289018 0.55172255354623 0
1592752921880 0.5503020815716849 0
1592753556500 0.541530117628475 0
1592754188525 0.5378320945219861 0
1592754822816 0.5356034616691371 0
1592755454426 0.5180788073688746 0
1592756086799 0.5095861879901753 0
1592756717409 0.5085263654465476 0
1592757351923 0.5054332810060845 0
1592757984790 0.5026344247990184 0
1592758615549 0.4963165530893538 0
1592759247690 0.4941575637894372 0
1592759881830 0.49034582088804907 0
1592760512179 0.4895017919441064 0
1592761145278 0.48561215770741306 0
1592761778645 0.47578102859978877 0
1592762411340 0.47453661491577 0
1592763041759 0.47098232123793826 0
1592763674119 0.4699369680653844 0
1592764306350 0.46786215883162285 0
1592764941114 0.46550363814665213 0
1592765573024 0.46141937889779605 0
1592766206422 0.4626896282326844 0
1592766836504 0.4587530416415797 0
1592767471504 0.4575853133201599 0
1592768104575 0.4534358112783068 0
1592768737328 0.4561005272695588 0
1592769370657 0.44842882110426824 0
1592770003403 0.4507692344693674 0
1592770634389 0.44662482745945453 0
1592771269060 0.4460539129604068 0
1592771900191 0.4450728770842155 0
1592772534444 0.4464145578588877 0
1592773167541 0.4440718172687209 0
1592773798715 0.44461700938435067 0
1592774429783 0.4417878831840224 0
