1592742789034 0.16192603915929793 0
1592743424604 0.14978730069266424 0
1592744058555 0.14564668811029857 0
1592744692779 0.14245649410618677 0
1592745325697 0.1404223644402292 0
1592745959034 0.13896204796102313 0
1592746593160 0.1373880502416028 0
1592747228935 0.13496273568934863 0
1592747861995 0.13477073293593195 0
1592748495684 0.13330394085910585 0
1592749127911 0.12762456859151522 0
1592749760463 0.12588347494602203 0
1592750391118 0.1257751017808914 0
1592751023933 0.12461713731288909 0
1592751656582 0.12464220876495044 0
1592752289018 0.1229118980301751 0
1592752921879 0.1226316340929932 0
1592753556499 0.12156855752070744 0
1592754188524 0.1200760232243273 0
1592754822815 0.12006690445873472 0
1592755454426 0.11722889060775439 0
1592756086798 0.1165694838265578 0
1592756717408 0.11549370083543989 0
1592757351922 0.11578622882564862 0
1592757984789 0.11489389073517588 0
1592758615548 0.11426633281840218 0
1592759247688 0.11384831180175145 0
1592759881829 0.11296659474571547 0
1592760512178 0.1125616909397973 0
1592761145278 0.11173924754063289 0
1592761778645 0.11035254942046271 0
1592762411339 0.1104246100783348 0
1592763041759 0.10974154384599792 0
1592763674119 0.10945195764303207 0
1592764306349 0.10932137630052037 0
1592764941113 0.1090994648138682 0
1592765573024 0.10902671527531411 0
1592766206421 0.10837349916497867 0
1592766836503 0.10766236510541705 0
1592767471503 0.10681970839699109 0
1592768104574 0.10731208033031887 0
1592768737327 0.10670382069216834 0
1592769370656 0.10541003722283575 0
1592770003402 0.10653522479037444 0
1592770634388 0.1059640549785561 0
1592771269059 0.10544140458106994 0
1592771900189 0.10544709400998221 0
1592772534444 0.10551590649618042 0
1592773167541 0.1055450464040041 0
1592773798714 0.10549972120258544 0
1592774429782 0.10471294759048357 0
