1595245584067 0.5232245598727177 0
1595247029367 0.5242929291080197 0
1595248451643 0.5232647576737243 0
1595249882205 0.5007786363706566 0
1595251296968 0.5329222435345267 0
1595252709329 0.5263194713594231 0
1595254114913 0.5265795423248354 0
1595255539573 0.5503861721000038 0
1595256958737 0.5416427062004329 0
1595258390115 0.5499563042177883 0
1595259822973 0.5277579194623044 0
1595261253175 0.5276780995576535 0
1595262687218 0.5219636466896739 0
1595264115814 0.5446120434192637 0
1595265552172 0.5439201585189641 0
1595266987405 0.5611319876190435 0
1595268423817 0.5615208913879434 0
1595269868086 0.582134369006579 0
1595271310495 0.5759962503385032 0
1595272748074 0.592326153247033 0
1595274186635 0.5843010741158439 0
1595275621515 0.5772576769993794 0
1595277055428 0.5801906365769931 0
1595278480102 0.5918272397327716 0
1595279915950 0.5931558667065062 0
1595281338388 0.5814447866554395 0
1595282773111 0.5905914760950534 0
1595284212977 0.5871700873321025 0
1595285661039 0.5754537693740363 0
1595287109321 0.5856621123719885 0
1595288576340 0.5856304159202744 0
1595290041773 0.5841650638854814 0
1595291515401 0.5926108471610936 0
1595292995358 0.5922939398969256 0
1595294472627 0.5906754790849396 0
1595295943253 0.5859404173840052 0
1595297400046 0.5837088700492608 0
1595298850664 0.5827907711909153 0
1595300308550 0.5843135874197971 0
1595301762012 0.584168490596839 0
1595303209153 0.5896099587737484 0
1595304642733 0.5863073777660818 0
1595306070131 0.5900747730672252 0
1595307500491 0.5899379217871635 0
1595308924537 0.5873033016668441 0
1595310358715 0.5889964866131098 0
1595311794882 0.5904871655835052 0
