1595245584134 0.737899267255717 0
1595247029492 0.7286347625802156 0
1595248451680 0.7381140866167613 0
1595249882256 0.5838535687114937 0
1595251297018 0.7607815875195755 0
1595252709343 0.7524658307210232 0
1595254114955 0.742472517781823 0
1595255539663 0.7454476194064322 0
1595256958822 0.7685447747436619 0
1595258390178 0.7524583987232099 0
1595259823009 0.7397276728779215 0
1595261253203 0.7417437579892533 0
1595262687316 0.6918262282333161 0
1595264115869 0.7483706293980427 0
1595265552205 0.7574867177893803 0
1595266987478 0.77227481179515 0
1595268423840 0.7699845915714888 0
1595269868126 0.7902149779073759 0
1595271310540 0.795989750325871 0
1595272748124 0.7953318066970491 0
1595274186659 0.7960114393947129 0
1595275621560 0.7952262856777818 0
1595277055464 0.7941367243865503 0
1595278480113 0.7930945492727629 0
1595279915975 0.7979573681601791 0
1595281338479 0.8049328273925445 0
1595282773192 0.8061633591952582 0
1595284213088 0.8048639334672035 0
1595285661100 0.8024579101981989 0
1595287109368 0.8070847426712452 0
1595288576388 0.803457875760023 0
1595290041834 0.8054440717312291 0
1595291515444 0.8100319662062815 0
1595292995418 0.8112837701268287 0
1595294472692 0.8104408391181952 0
1595295943284 0.8105374150061179 0
1595297400104 0.8099827196284923 0
1595298850739 0.8125049662860913 0
1595300308634 0.8121150421280501 0
1595301762024 0.809286400497651 0
1595303209211 0.8139530523920437 0
1595304642766 0.8108587584333503 0
1595306070151 0.8113148784335633 0
1595307500515 0.8088706119193461 0
1595308924606 0.8121746915464841 0
1595310358727 0.8111345827770778 0
1595311794981 0.8122522042724242 0
