1595245584267 0.7099211767764375 0
1595247029546 0.7050670175429333 0
1595248451719 0.709566177639937 0
1595249882308 0.5568285485592499 0
1595251297067 0.7352067650072134 0
1595252709357 0.7272263122179133 0
1595254114993 0.7196009857093166 0
1595255539740 0.7224826049613103 0
1595256958898 0.7437006809329215 0
1595258390276 0.7305163192244416 0
1595259823021 0.7136989192826363 0
1595261253226 0.7167705161895331 0
1595262687387 0.6689006252708488 0
1595264115924 0.7238454294279046 0
1595265552231 0.734619582032744 0
1595266987539 0.7506680384270324 0
1595268423877 0.7453621146179913 0
1595269868164 0.7669800662272062 0
1595271310584 0.7724783666515124 0
1595272748193 0.7716772760401014 0
1595274186700 0.7732911365576762 0
1595275621603 0.7707164173430329 0
1595277055503 0.7707244461473802 0
1595278480133 0.7703849614895698 0
1595279916000 0.7750601937456599 0
1595281338553 0.7813326932801624 0
1595282773291 0.7822201090799519 0
1595284213154 0.7810935807945483 0
1595285661112 0.7782747964324771 0
1595287109482 0.7831629532057849 0
1595288576467 0.780078115200102 0
1595290041969 0.7818252772688755 0
1595291515482 0.7858449845111833 0
1595292995539 0.7878196002978356 0
1595294472723 0.7873120294681261 0
1595295943314 0.7869124958628354 0
1595297400150 0.7861236079738116 0
1595298850809 0.7875057808427061 0
1595300308646 0.7882684203819856 0
1595301762038 0.7860300657174282 0
1595303209257 0.7904588223528771 0
1595304642793 0.7867740626806495 0
1595306070177 0.7877734358524044 0
1595307500538 0.7851177487446607 0
1595308924665 0.7880563626320503 0
1595310358738 0.7875068811879649 0
1595311795065 0.788638910532314 0
