1595245584127 0.74996169339328 0
1595247029483 0.7394119127278161 0
1595248451673 0.7503102962318825 0
1595249882249 0.597852597782193 0
1595251297007 0.7706760636323766 0
1595252709341 0.7626607913224116 0
1595254114947 0.7509422486758215 0
1595255539660 0.7542427433588881 0
1595256958804 0.77764528921065 0
1595258390163 0.7609514686968604 0
1595259822982 0.7500011330809071 0
1595261253196 0.7532061897699689 0
1595262687300 0.7035293395209293 0
1595264115862 0.7572792355188496 0
1595265552202 0.7669268046533387 0
1595266987465 0.7803629428058859 0
1595268423837 0.7797558381709557 0
1595269868121 0.7977310018093433 0
1595271310535 0.805207149255075 0
1595272748115 0.8037073819486232 0
1595274186654 0.8038217432041134 0
1595275621544 0.8031472353347006 0
1595277055457 0.8023807626389576 0
1595278480111 0.8012545130411857 0
1595279915970 0.8058243584443093 0
1595281338470 0.813369654434072 0
1595282773177 0.8139940009573812 0
1595284213008 0.8125844194343534 0
1595285661097 0.8106664039556573 0
1595287109363 0.8141974378587404 0
1595288576384 0.8101423328838997 0
1595290041822 0.8133641237961502 0
1595291515437 0.8177535287134291 0
1595292995410 0.8193074799823215 0
1595294472681 0.8189219926724927 0
1595295943277 0.8181782238349194 0
1595297400094 0.8170079281271919 0
1595298850728 0.8200750681856249 0
1595300308631 0.8201104194761162 0
1595301762022 0.8174375495233214 0
1595303209199 0.8214235367997351 0
1595304642763 0.8191805036498476 0
1595306070148 0.8191402525254142 0
1595307500510 0.8165551996944824 0
1595308924556 0.820014247728496 0
1595310358724 0.8188886879090446 0
1595311794944 0.8197865499336496 0
