1595245584033 0.5500189666965686 0
1595247029347 0.5507659068958999 0
1595248451617 0.552399156820621 0
1595249882171 0.5371091049267648 0
1595251296896 0.5581815783777504 0
1595252709322 0.5529014305835526 0
1595254114887 0.5533798294382515 0
1595255539484 0.5765358592604198 0
1595256958685 0.5666989594564762 0
1595258390099 0.5770017660265113 0
1595259822964 0.5569904440774177 0
1595261253147 0.5542675796622168 0
1595262687200 0.5492102506124948 0
1595264115771 0.57174988017389 0
1595265552150 0.5708299939189047 0
1595266987391 0.5858781785048249 0
1595268423801 0.5905057167067318 0
1595269868065 0.608623006553424 0
1595271310464 0.6008984703865681 0
1595272748060 0.6194914075817615 0
1595274186623 0.6104573589635903 0
1595275621497 0.6026184221459875 0
1595277055409 0.6056360734897941 0
1595278480095 0.6171308177950514 0
1595279915922 0.6178589614557125 0
1595281338323 0.6055953870540625 0
1595282773001 0.6153097766113278 0
1595284212956 0.6102018557776518 0
1595285660985 0.6004772797393619 0
1595287109275 0.6106432118132678 0
1595288576284 0.610078222742719 0
1595290041736 0.6081329891496584 0
1595291515373 0.6165731616435212 0
1595292995305 0.6162167929815131 0
1595294472593 0.6149286731768122 0
1595295943238 0.6091721752225409 0
1595297400007 0.6074987487521014 0
1595298850610 0.6068249476517592 0
1595300308507 0.6084412075686106 0
1595301762005 0.6080442062404329 0
1595303209024 0.6137727919700445 0
1595304642696 0.6102992402411759 0
1595306070119 0.6151671814045292 0
1595307500479 0.6150144114049105 0
1595308924522 0.6118577024349847 0
1595310358708 0.613703799597694 0
1595311794825 0.6151259227301211 0
