1595245584156 0.7074612560862228 0
1595247029515 0.7028109436262753 0
1595248451696 0.707145337044477 0
1595249882280 0.5504869514924452 0
1595251297038 0.7327387271127674 0
1595252709348 0.7255970819582396 0
1595254114971 0.7182817592741707 0
1595255539703 0.721171846438168 0
1595256958857 0.7416045758527623 0
1595258390229 0.7293745919208323 0
1595259823014 0.7111939394566978 0
1595261253213 0.7140109663638468 0
1595262687345 0.6655039192704393 0
1595264115896 0.723057014631316 0
1595265552217 0.7332182615170838 0
1595266987499 0.7500381810537663 0
1595268423857 0.7448872099490877 0
1595269868142 0.7668187521411904 0
1595271310554 0.7724479548560121 0
1595272748151 0.7703586686508999 0
1595274186668 0.7727176791976356 0
1595275621566 0.7698138335078801 0
1595277055480 0.7712344459489249 0
1595278480118 0.770340240121709 0
1595279915985 0.7747403579377553 0
1595281338517 0.7802453828972952 0
1595282773231 0.7818778242570268 0
1595284213113 0.7800514396718422 0
1595285661104 0.7780247274090457 0
1595287109440 0.7822977302890147 0
1595288576401 0.7797765281869589 0
1595290041912 0.7811088609998939 0
1595291515458 0.7853941939524609 0
1595292995462 0.7878164670826787 0
1595294472712 0.7869588972083197 0
1595295943294 0.7859808392974847 0
1595297400122 0.785087262832675 0
1595298850770 0.7863621315660418 0
1595300308638 0.7874191417163118 0
1595301762029 0.785545797727407 0
1595303209230 0.7899624532172969 0
1595304642776 0.7863317931999964 0
1595306070170 0.7866872798967701 0
1595307500524 0.7836786004964584 0
1595308924628 0.7871869806802976 0
1595310358731 0.7871703649614925 0
1595311794992 0.7880714132039264 0
