1595245584167 0.6851397403515177 0
1595247029526 0.6841436986711378 0
1595248451704 0.6844222117137221 0
1595249882287 0.5314549439062156 0
1595251297047 0.713957218301969 0
1595252709350 0.7060136170235051 0
1595254114979 0.7004967852246364 0
1595255539716 0.7032631157943263 0
1595256958870 0.7235321588220914 0
1595258390246 0.7123193844387479 0
1595259823016 0.6915385157619067 0
1595261253216 0.6954940753429933 0
1595262687364 0.6484721047565021 0
1595264115908 0.7029978635799704 0
1595265552222 0.7150970095026552 0
1595266987509 0.7330165998404256 0
1595268423862 0.7238405948112012 0
1595269868150 0.747690568034043 0
1595271310563 0.7529893342071342 0
1595272748166 0.7526931278913865 0
1595274186673 0.7548715054913306 0
1595275621570 0.7506921948959338 0
1595277055486 0.7510816309992077 0
1595278480120 0.7514481235937347 0
1595279915990 0.7567479930182608 0
1595281338541 0.7621888783308852 0
1595282773244 0.7628548147899238 0
1595284213128 0.7628241487908468 0
1595285661107 0.7586494686415418 0
1595287109442 0.7641645206327301 0
1595288576411 0.7617498861789554 0
1595290041933 0.7627325630711165 0
1595291515466 0.7659110696658518 0
1595292995478 0.7683519089494756 0
1595294472715 0.7682553401756849 0
1595295943298 0.7686425836740787 0
1595297400131 0.7676521375012947 0
1595298850782 0.767307801112571 0
1595300308640 0.769549205562386 0
1595301762032 0.7672585662028303 0
1595303209241 0.7712335614227199 0
1595304642783 0.7668252191609711 0
1595306070172 0.7692722148159755 0
1595307500529 0.7666130382758953 0
1595308924641 0.769130041450089 0
1595310358734 0.7688408886479827 0
1595311795036 0.7702302034536227 0
