1595245584056 0.5431768495426159 0
1595247029357 0.5434901210889876 0
1595248451619 0.5454821643231194 0
1595249882182 0.5277915942585168 0
1595251296900 0.552108594844413 0
1595252709324 0.5455836781924263 0
1595254114895 0.5462265132514813 0
1595255539517 0.5695341764132531 0
1595256958699 0.560669352093426 0
1595258390107 0.5698148369605853 0
1595259822967 0.5493571950802614 0
1595261253160 0.5471381070373326 0
1595262687204 0.5417932488457713 0
1595264115790 0.5647475488805462 0
1595265552155 0.563545048933565 0
1595266987400 0.579476680557647 0
1595268423803 0.5829562338539832 0
1595269868071 0.6018890797186007 0
1595271310479 0.5942434352892182 0
1595272748065 0.6122622082098026 0
1595274186626 0.6036892347963313 0
1595275621500 0.5964078472720159 0
1595277055413 0.5989687474299463 0
1595278480097 0.6109228177208668 0
1595279915932 0.6116564357237416 0
1595281338326 0.599402270095399 0
1595282773012 0.6094629101469562 0
1595284212960 0.6047567833758125 0
1595285661002 0.5947497906588617 0
1595287109293 0.6053261000761961 0
1595288576293 0.6043228851801778 0
1595290041750 0.602467411498624 0
1595291515386 0.6107568110002988 0
1595292995308 0.610624031458988 0
1595294472596 0.6089619229399702 0
1595295943245 0.6038678331640481 0
1595297400021 0.6021658207557484 0
1595298850617 0.6015848164775531 0
1595300308520 0.6030149014106665 0
1595301762007 0.6025810205636775 0
1595303209029 0.6083093201734044 0
1595304642704 0.6046080359121546 0
1595306070121 0.6093841508185749 0
1595307500482 0.6091591696155624 0
1595308924524 0.606114792356605 0
1595310358710 0.6079605329805532 0
1595311794839 0.6092560934128223 0
