1595245584099 0.485214919025435 0
1595247029429 0.4928498922977436 0
1595248451658 0.48479523556203247 0
1595249882226 0.4611270145878144 0
1595251296987 0.49841284873241887 0
1595252709335 0.49097018215232674 0
1595254114929 0.4918056724895076 0
1595255539628 0.5160566524549252 0
1595256958756 0.5071753703469731 0
1595258390152 0.5153774141895099 0
1595259822977 0.48951082505170446 0
1595261253186 0.4921368186702203 0
1595262687232 0.4891155407652326 0
1595264115840 0.5075129412173126 0
1595265552186 0.5087036071731832 0
1595266987429 0.5269410246847568 0
1595268423827 0.5223169975235714 0
1595269868102 0.5462815195466948 0
1595271310518 0.5410143453545365 0
1595272748084 0.5553044930058648 0
1595274186645 0.5497933909057023 0
1595275621529 0.54170498716318 0
1595277055443 0.544661093587484 0
1595278480106 0.5556550859119141 0
1595279915962 0.557339382388828 0
1595281338430 0.547164160116577 0
1595282773134 0.5557850970094302 0
1595284212991 0.5532931300224856 0
1595285661075 0.540901479913743 0
1595287109353 0.5514543922438918 0
1595288576379 0.5516866137300275 0
1595290041784 0.5504504674609544 0
1595291515405 0.5581733559626572 0
1595292995374 0.5576081459121484 0
1595294472648 0.5581799236840125 0
1595295943265 0.5525781117581048 0
1595297400070 0.5503047531699858 0
1595298850691 0.5479246032973512 0
1595300308621 0.5512139859027444 0
1595301762017 0.5507590019030221 0
1595303209177 0.556332749442715 0
1595304642753 0.5527677033184255 0
1595306070139 0.5567038203203293 0
1595307500501 0.5552590926791234 0
1595308924547 0.5530424178198419 0
1595310358720 0.5543011355707235 0
1595311794916 0.5563359302876925 0
