1595245183829 0.2477157481943744 0
1595246655253 0.23563254262535263 0
1595248093985 0.23697721251862586 0
1595249530123 0.24024811459660628 0
1595250963607 0.23550494603388178 0
1595252388548 0.22757181464936693 0
1595253808046 0.23933637676826694 0
1595255235937 0.22867030854637618 0
1595256656652 0.22251321327996393 0
1595258079294 0.2287176268330593 0
1595259497560 0.22389115429768672 0
1595260913021 0.2299438267577098 0
1595262338640 0.2419195991350933 0
1595263758861 0.2260015373211277 0
1595265180876 0.21475101157124626 0
1595266615569 0.21347964572867117 0
1595268033814 0.21246379694780665 0
1595269469596 0.2109545412066552 0
1595270901394 0.20961297099793086 0
1595272341737 0.20789740125100342 0
1595273772019 0.20643821046753033 0
1595275203546 0.20343580035435868 0
1595276641005 0.20400710711540218 0
1595278067621 0.2030560786349039 0
1595279500001 0.20232772447544126 0
1595280926570 0.2012462446036957 0
1595282354313 0.20060388712500068 0
1595283785321 0.19977221023645114 0
1595285215827 0.2003287493468906 0
1595286655906 0.19997513455413374 0
1595288101015 0.19895863894167073 0
1595289558300 0.19745548664416093 0
1595291036623 0.19790259792379464 0
1595292507325 0.1972204928465563 0
1595293992522 0.1970904604289573 0
1595295464952 0.1954264795233847 0
1595296928172 0.1963786352256622 0
1595298382228 0.19624492311334926 0
1595299846398 0.196266282439035 0
1595301303135 0.19586172228652912 0
1595302767948 0.1962979863821525 0
1595304212715 0.1953907026167156 0
1595305654920 0.1959678233469645 0
1595307086297 0.19539370763397826 0
1595308507572 0.19541935430736604 0
1595309938595 0.19480879595587808 0
1595311366384 0.19522955736205364 0
1595312801854 0.1945847289607507 0
