1592909350912 0.4898563859957148 0
1592909779269 0.6306645707457017 0
1592910207464 0.6059101938972313 0
1592910637601 0.660233100374857 0
1592911067077 0.5959401548186665 0
1592911496903 0.6279742333604528 0
1592911925671 0.6271125494285958 0
1592912356505 0.610486970899554 0
1592912787175 0.12381485398283062 0
1592913217107 0.675503832306255 0
1592913645761 0.5952322301854077 0
1592914076229 0.6548004170366595 0
1592914506397 0.6480186938500643 0
1592914936155 0.6741711843202165 0
1592915365583 0.6455532154488878 0
1592915795557 0.6535966236667184 0
1592916224699 0.677999966229954 0
1592916654752 0.6753169077372394 0
1592917083424 0.6803042084934231 0
1592917514991 0.6746940711848757 0
1592917946757 0.663472959060104 0
1592918379120 0.6890093084211728 0
1592918810288 0.6773246619404827 0
1592919242337 0.6694455220784986 0
1592919673851 0.6848149655636118 0
1592920106351 0.7059088714484678 0
1592920538016 0.6929361174883266 0
1592920970519 0.6844764911200771 0
1592921402229 0.6901209752355957 0
1592921834258 0.6897681772779599 0
1592922265695 0.6897592322872147 0
