1592909350882 0.20617193900148054 0
1592909779246 0.348005917730154 0
1592910207437 0.2665371638395429 0
1592910637565 0.48994190971065776 0
1592911067046 0.34412956152488927 0
1592911496877 0.26825083852112525 0
1592911925643 0.2918245407982596 0
1592912356480 0.24921127598596216 0
1592912787151 0.17693746505607855 0
1592913217080 0.4509980661899106 0
1592913645723 0.5155577315627933 0
1592914076201 0.4688263024582076 0
1592914506367 0.30199117421127214 0
1592914936133 0.4761558987593118 0
1592915365557 0.3681623067849781 0
1592915795535 0.41511823765692146 0
1592916224674 0.4217210823722525 0
1592916654727 0.4567412086930785 0
1592917083394 0.4375312063597442 0
1592917514968 0.5213557231175856 0
1592917946733 0.44425335740677546 0
1592918379094 0.5343879839809116 0
1592918810261 0.5147166237853418 0
1592919242314 0.4769053920801704 0
1592919673826 0.5170248861397025 0
1592920106323 0.5545337964775495 0
1592920537982 0.5100401006568964 0
1592920970493 0.5124130444546651 0
1592921402205 0.5031908111888871 0
1592921834234 0.5060615028680374 0
1592922265666 0.502320284235025 0
