1592909350894 0.1960808001332122 0
1592909779254 0.32743339040828634 0
1592910207446 0.2543916196241473 0
1592910637576 0.4541246759365792 0
1592911067057 0.31981420368419383 0
1592911496887 0.25463018038195423 0
1592911925651 0.2772169869709696 0
1592912356489 0.2383234695135222 0
1592912787160 0.11638057684658505 0
1592913217091 0.4247133568334293 0
1592913645734 0.4699305101610445 0
1592914076214 0.4321656004497465 0
1592914506379 0.2877863860909953 0
1592914936140 0.4430631664655963 0
1592915365567 0.34822782008745007 0
1592915795542 0.38920943162161536 0
1592916224682 0.3980146503229987 0
1592916654735 0.4272196071443268 0
1592917083407 0.4109984216572091 0
1592917514976 0.48460298925291834 0
1592917946741 0.4176567516852053 0
1592918379104 0.49609254347193193 0
1592918810270 0.479768688416143 0
1592919242321 0.4461100045353905 0
1592919673834 0.48205446037660027 0
1592920106331 0.5153269409205604 0
1592920537992 0.4750445270367887 0
1592920970502 0.4771347188736609 0
1592921402214 0.4679290279027093 0
1592921834242 0.47021698153460606 0
1592922265677 0.46721733478648414 0
