1592909350899 0.19970697987815286 0
1592909779258 0.3349584336412113 0
1592910207451 0.25919435055619305 0
1592910637585 0.46760165185155894 0
1592911067065 0.32936169470634674 0
1592911496891 0.26006615656001536 0
1592911925655 0.28284950775130807 0
1592912356493 0.2428268836483319 0
1592912787164 0.1400740513869627 0
1592913217095 0.4358010894054827 0
1592913645744 0.4884707240403034 0
1592914076218 0.4464533787736919 0
1592914506384 0.2933936569245004 0
1592914936144 0.45676359196568433 0
1592915365571 0.356209816617391 0
1592915795546 0.39925316411949324 0
1592916224687 0.4070969562885309 0
1592916654739 0.43900486244990006 0
1592917083412 0.4213499783262055 0
1592917514979 0.4994309073412992 0
1592917946745 0.42849958554410983 0
1592918379108 0.5116948005939926 0
1592918810274 0.4934105756864424 0
1592919242325 0.45801259967990055 0
1592919673838 0.49617879531545844 0
1592920106338 0.5322943097668358 0
1592920538000 0.48952694074779624 0
1592920970506 0.4919768422328025 0
1592921402218 0.4826735813441862 0
1592921834246 0.4855018483533144 0
1592922265681 0.4821286773402977 0
