1592909350914 0.5539412497576293 0
1592909779271 0.6960774754992499 0
1592910207466 0.6754726882119783 0
1592910637603 0.7371210126454457 0
1592911067080 0.6820291585474166 0
1592911496905 0.6905851793852199 0
1592911925673 0.6907506034433363 0
1592912356507 0.6750373362265799 0
1592912787177 0.19132107612191304 0
1592913217109 0.7401276050226602 0
1592913645763 0.655983081568664 0
1592914076231 0.7324384943885619 0
1592914506398 0.7107499583348632 0
1592914936157 0.7433153081170821 0
1592915365586 0.7146352069721839 0
1592915795559 0.72428396926218 0
1592916224701 0.7450998871646219 0
1592916654754 0.7438605566879314 0
1592917083427 0.7481747195214226 0
1592917514993 0.7475629456771579 0
1592917946759 0.7290117306658844 0
1592918379122 0.7608484855979518 0
1592918810290 0.7512799071538055 0
1592919242338 0.7417721927959658 0
1592919673853 0.7532828105901936 0
1592920106353 0.7717521741105943 0
1592920538019 0.7619992289882508 0
1592920970521 0.7549359859844621 0
1592921402231 0.7591871647823932 0
1592921834260 0.7587588793770847 0
1592922265697 0.7591337125728411 0
