1592909350897 0.1867468221026768 0
1592909779256 0.31383509975922846 0
1592910207449 0.2445961202157538 0
1592910637581 0.42871234740932107 0
1592911067061 0.30459090869624356 0
1592911496889 0.24534815403395488 0
1592911925653 0.26619251271495714 0
1592912356491 0.22989829690527902 0
1592912787162 0.09680345076155937 0
1592913217093 0.40915789438431716 0
1592913645740 0.4457066212967538 0
1592914076216 0.4108548738861663 0
1592914506382 0.2778420512302207 0
1592914936142 0.424382412961388 0
1592915365569 0.3339451790147998 0
1592915795544 0.3712435481491916 0
1592916224684 0.38055577920282274 0
1592916654737 0.4091438254080602 0
1592917083410 0.39340255859691053 0
1592917514977 0.46185011548172755 0
1592917946743 0.4000979034809599 0
1592918379106 0.4715097159964269 0
1592918810272 0.4560821101797902 0
1592919242323 0.42495543726824564 0
1592919673836 0.4605269757037753 0
1592920106334 0.49514186696099116 0
1592920537996 0.45441886901793377 0
1592920970504 0.45743004362980455 0
1592921402216 0.44883306668696704 0
1592921834244 0.4506023406218393 0
1592922265679 0.4476365815660356 0
