1592909320976 1.0355245528615993 0
1592909754756 0.8892261491295522 0
1592910182779 0.8514875832954492 0
1592910613275 0.8214946043131033 0
1592911042541 0.8074453226114701 0
1592911472295 0.7964412244013335 0
1592911900929 0.7746533772131659 0
1592912331637 0.7675157538345388 0
1592912762035 0.7505722479139377 0
1592913192870 0.7689097677674191 0
1592913621408 0.728389929712607 0
1592914051955 0.720947897146158 0
1592914481745 0.7087002962414803 0
1592914911918 0.6987480553200173 0
1592915341220 0.6935416534355365 0
1592915771303 0.6823568611267382 0
1592916200343 0.6782951070188125 0
1592916630510 0.6667694467816605 0
1592917059029 0.6577119137716458 0
1592917490409 0.6476773254676564 0
1592917921963 0.6370058948073245 0
1592918354605 0.6348516017067192 0
1592918785597 0.6281130597211176 0
1592919217755 0.6219485216218068 0
1592919649294 0.614465045970243 0
1592920081755 0.6117901850388543 0
1592920513336 0.608608922285382 0
1592920945867 0.606416934097106 0
1592921377581 0.6070716690872643 0
1592921809723 0.6060022171962096 0
1592922241037 0.6055906152479369 0
