1592806654176 0.6278541857983094 0
1592807084143 0.6653815678028712 0
1592807513742 0.6930089900629491 0
1592807944872 0.6601768994933558 0
1592808374276 0.7309301366329751 0
1592808805383 0.7510874695551745 0
1592809234568 0.7286104393702709 0
1592809665332 0.7386644141345482 0
1592810095015 0.7176744119785273 0
1592810525458 0.6397331113687098 0
1592810955825 0.3826256600772739 0
1592811386461 0.6492614076470011 0
1592811816392 0.7054505662538119 0
1592812246704 0.6154559975937492 0
1592812676273 0.7026843515759558 0
1592813107340 0.6620640784183198 0
1592813537572 0.7157269663648675 0
1592813968474 0.7323458942538051 0
1592814399236 0.7400179883233383 0
1592814830370 0.7531826340138811 0
1592815260237 0.7721020635755053 0
1592815690834 0.7244459182644317 0
1592816120982 0.7256628118490324 0
1592816551711 0.7814725357703821 0
1592816980739 0.7678519873329469 0
1592817411688 0.6204763252342301 0
1592817841639 0.7157197095470319 0
1592818272676 0.7824809065319039 0
1592818702267 0.699303173207793 0
1592819133458 0.5646771818523186 0
1592819563471 0.7754575922881954 0
1592819994139 0.7490647476826859 0
1592820423343 0.7689462809760615 0
1592820853727 0.7758723185940738 0
1592821283542 0.7591144518612291 0
1592821714041 0.7413473507143072 0
1592822143727 0.7379428624350488 0
1592822575098 0.7476184334226402 0
1592823004374 0.7676236857570151 0
1592823434272 0.7682288557962669 0
1592823863950 0.7664972808153474 0
1592824294181 0.7765712807719356 0
1592824724415 0.7754204277258911 0
1592825155464 0.7720773915776418 0
1592825584830 0.7714387465512306 0
1592826014669 0.779496557713843 0
1592826444234 0.7792720034148258 0
1592826874270 0.777000489943431 0
1592827303047 0.7749626491471637 0
1592827729736 0.7747387886254322 0
