1592806654168 0.24557150495102323 0
1592807084135 0.2857231156015279 0
1592807513731 0.3063501537184306 0
1592807944864 0.23313328594133892 0
1592808374269 0.37360249213778096 0
1592808805375 0.39581599307187515 0
1592809234559 0.3495270459983029 0
1592809665324 0.3344296804516752 0
1592810095007 0.32463976588681265 0
1592810525447 0.30654457348640285 0
1592810955811 0.1812755200316097 0
1592811386451 0.27413356504653463 0
1592811816384 0.27664090596255264 0
1592812246695 0.4697504562084097 0
1592812676260 0.3613410597743733 0
1592813107333 0.3078604118963328 0
1592813537562 0.3005293152400777 0
1592813968464 0.32888225739632937 0
1592814399229 0.34646404719345375 0
1592814830362 0.40368922571056165 0
1592815260229 0.4622535180884286 0
1592815690825 0.3477383925351369 0
1592816120968 0.3526100514528917 0
1592816551704 0.44329352239868375 0
1592816980730 0.4570740741284229 0
1592817411679 0.28210143696135004 0
1592817841626 0.3645695928679828 0
1592818272666 0.5134143150154505 0
1592818702257 0.36333993967510403 0
1592819133445 0.23420860128500248 0
1592819563463 0.4897500102326397 0
1592819994129 0.43943644534881054 0
1592820423335 0.461915539897213 0
1592820853719 0.4524626623979886 0
1592821283531 0.42361839660160944 0
1592821714030 0.3962600523719823 0
1592822143716 0.4202357349696338 0
1592822575089 0.4191874158219413 0
1592823004365 0.45589095415492953 0
1592823434265 0.4335293272320962 0
1592823863937 0.41293038015411626 0
1592824294173 0.45814237522256657 0
1592824724408 0.4597507267839417 0
1592825155456 0.456328167800365 0
1592825584822 0.44497156763326273 0
1592826014661 0.46243072854492645 0
1592826444226 0.4684188213496 0
1592826874262 0.46769819385878175 0
1592827303039 0.46786044282973854 0
1592827729729 0.4650102997934952 0
