1592806654163 0.264228509427406 0
1592807084131 0.30365033486480575 0
1592807513726 0.33215647618816985 0
1592807944859 0.25067220469904733 0
1592808374265 0.4123424519108216 0
1592808805370 0.4366220152946372 0
1592809234555 0.3738845035936901 0
1592809665320 0.36226960037633543 0
1592810095003 0.34859825950370926 0
1592810525439 0.3292476033477565 0
1592810955804 0.19390441148046914 0
1592811386445 0.2929720195474221 0
1592811816380 0.29721694924625325 0
1592812246692 0.5245471242765131 0
1592812676253 0.40758723674338165 0
1592813107329 0.3335584588365598 0
1592813537558 0.32692626424994875 0
1592813968456 0.353296828860349 0
1592814399225 0.3692666641477012 0
1592814830358 0.4371182625244205 0
1592815260225 0.5084542055445249 0
1592815690821 0.37872741365048546 0
1592816120964 0.37782882080622626 0
1592816551700 0.48477984297026366 0
1592816980726 0.4938670825405642 0
1592817411675 0.30202086405767015 0
1592817841617 0.39764722663574126 0
1592818272661 0.5651575515563101 0
1592818702253 0.3910528541601735 0
1592819133441 0.25394557398689543 0
1592819563458 0.5407165298182749 0
1592819994124 0.4843400331473022 0
1592820423331 0.5039904491809817 0
1592820853715 0.49054326196663955 0
1592821283524 0.4563651706218035 0
1592821714025 0.4276914424154441 0
1592822143711 0.4543171915203691 0
1592822575085 0.45224083225498624 0
1592823004361 0.4927960816150813 0
1592823434259 0.46900645309189615 0
1592823863932 0.44426507761991396 0
1592824294166 0.4963873541470323 0
1592824724404 0.49394669476977643 0
1592825155452 0.4916232462278434 0
1592825584818 0.47959809864214037 0
1592826014658 0.5009855689692461 0
1592826444222 0.5072799581216915 0
1592826874257 0.506471419163584 0
1592827303035 0.5060383620356241 0
1592827729725 0.5032826755560689 0
