1592806654161 0.2685513171287441 0
1592807084129 0.30806414485543343 0
1592807513724 0.338842458333697 0
1592807944857 0.2548943055251491 0
1592808374263 0.42185627779896734 0
1592808805367 0.44738109884712696 0
1592809234552 0.38189523810171944 0
1592809665318 0.36922488224364475 0
1592810095000 0.3544888220218478 0
1592810525437 0.33604788679283254 0
1592810955800 0.19774132320996507 0
1592811386442 0.2990408897896674 0
1592811816379 0.3034469540118656 0
1592812246690 0.5427918796859749 0
1592812676251 0.4219318279838426 0
1592813107327 0.33989073111452167 0
1592813537556 0.3355469267246616 0
1592813968453 0.3620214162923098 0
1592814399223 0.37519659893048307 0
1592814830356 0.4473095753477271 0
1592815260223 0.5228466528286063 0
1592815690818 0.3866007753003436 0
1592816120962 0.38471117206055966 0
1592816551698 0.4963144447720794 0
1592816980725 0.5064479774443464 0
1592817411673 0.30767442391698013 0
1592817841615 0.4040859167116251 0
1592818272658 0.5783726949942948 0
1592818702250 0.39793914811059666 0
1592819133439 0.2588023586042158 0
1592819563456 0.5558418665281637 0
1592819994122 0.49444918208681954 0
1592820423329 0.5142059305300856 0
1592820853713 0.5003315179599926 0
1592821283522 0.46658321661171287 0
1592821714023 0.43553438198806604 0
1592822143709 0.4627984374212767 0
1592822575082 0.4590680760505415 0
1592823004359 0.5017852421908633 0
1592823434256 0.47957650433023263 0
1592823863930 0.45226287269433474 0
1592824294164 0.5061307976732158 0
1592824724402 0.5052179184285126 0
1592825155450 0.502168004483669 0
1592825584816 0.4894972999076661 0
1592826014655 0.5117060025406358 0
1592826444220 0.5180018287108481 0
1592826874255 0.515652128801141 0
1592827303033 0.5143297626367641 0
1592827729723 0.5122131046130293 0
