1592806624386 0.1780932073009855 0
1592807059551 0.11622908253044416 0
1592807489241 0.10559359192379025 0
1592807919898 0.09872097316519439 0
1592808349957 0.09457371954428459 0
1592808781066 0.08915803054117737 0
1592809210163 0.08558048850737081 0
1592809640860 0.08344183673598904 0
1592810070565 0.08131332004850998 0
1592810500995 0.08097551708632812 0
1592810930496 0.07731277472163628 0
1592811361781 0.07662014605979475 0
1592811791834 0.07266704958185591 0
1592812222576 0.0711181384865523 0
1592812651888 0.0683623790900488 0
1592813082769 0.06734124539180726 0
1592813513135 0.0645742867639293 0
1592813943985 0.0639434930509524 0
1592814374646 0.06122165152648234 0
1592814805952 0.060211238845413365 0
1592815235852 0.05968009633474258 0
1592815666391 0.05744084847301611 0
1592816096408 0.057638453684456324 0
1592816527524 0.05619806798658233 0
1592816956618 0.054141690288330206 0
1592817387090 0.053019252242121645 0
1592817817194 0.05299399445485558 0
1592818248515 0.051630996786977544 0
1592818677891 0.05009985423320787 0
1592819108662 0.04893876958910554 0
1592819539143 0.04924045206148468 0
1592819969855 0.04752906790045407 0
1592820399129 0.04706963740045238 0
1592820829635 0.045594183108781085 0
1592821259401 0.04637352984764564 0
1592821689788 0.044433609265787176 0
1592822119390 0.04341392968347301 0
1592822550606 0.043007717418580574 0
1592822980062 0.04260873522900364 0
1592823409916 0.042664812249072856 0
1592823839425 0.04195922569510168 0
1592824269924 0.04129706110432275 0
1592824699999 0.04132739392106869 0
1592825131162 0.0405370427215805 0
1592825560607 0.04027997699310482 0
1592825990482 0.040202625431308064 0
1592826419923 0.04121883419959311 0
1592826850059 0.04002560440847364 0
1592827279094 0.04025943670304544 0
1592827705635 0.04027570451677821 0
