1592806624378 0.2783469112979375 0
1592807059543 0.23137587440254107 0
1592807489229 0.21837103948635178 0
1592807919892 0.20839552423665747 0
1592808349952 0.2044941155376002 0
1592808781060 0.20035288983988822 0
1592809210156 0.19579768034462966 0
1592809640856 0.1943260052567465 0
1592810070553 0.19344157442187782 0
1592810500985 0.19195152545155447 0
1592810930487 0.1921135957730507 0
1592811361769 0.18992107378445586 0
1592811791823 0.1877861101396138 0
1592812222571 0.1850025703759878 0
1592812651881 0.18322530355051123 0
1592813082765 0.17958256713013804 0
1592813513127 0.17815891932930694 0
1592813943974 0.17723635661061524 0
1592814374639 0.17199692434117536 0
1592814805944 0.17177068704847123 0
1592815235845 0.16793996696207925 0
1592815666381 0.16663532129838424 0
1592816096400 0.16444470130976863 0
1592816527516 0.1644091360102072 0
1592816956609 0.1635168540650411 0
1592817387083 0.1595487177409513 0
1592817817186 0.15822537969657097 0
1592818248503 0.15648868923973977 0
1592818677881 0.1550054609475268 0
1592819108653 0.15490635561402558 0
1592819539133 0.1544435673794458 0
1592819969848 0.15148006646098658 0
1592820399114 0.14949761216601437 0
1592820829629 0.14623019677265464 0
1592821259394 0.14538644969238143 0
1592821689783 0.1431320933648561 0
1592822119381 0.14319463982540054 0
1592822550595 0.1429163720317992 0
1592822980049 0.14010592501244556 0
1592823409908 0.13855667949023115 0
1592823839411 0.1375419147481546 0
1592824269918 0.13716948905054208 0
1592824699992 0.13642771061631834 0
1592825131155 0.13626038908057608 0
1592825560598 0.13572296156766134 0
1592825990474 0.13552341814755792 0
1592826419913 0.13457830875211158 0
1592826850050 0.1331220482773985 0
1592827279088 0.13282447788742388 0
1592827705628 0.1339394245812815 0
