1590490099206 0.1184474208348653 0
1590491332295 0.25790011833426396 0
1590492353758 0.2958021659049398 0
1590493582315 0.3166563654120239 0
1590494767261 0.32599292298530136 0
1590495963417 0.3301540276831409 0
1590497147598 0.33365049960430126 0
1590498338300 0.3368775911852587 0
1590499550445 0.33983091883972116 0
1590500743760 0.33955919495712916 0
1590501891023 0.34392004198945103 0
1590503022632 0.3424687219490983 0
1590504236956 0.34272577680780714 0
1590505417284 0.3453089987151825 0
1590506607968 0.34410474554763143 0
1590507807983 0.3458281293233619 0
1590509039571 0.34710214204966994 0
1590510217795 0.34851523554900016 0
1590511381441 0.35021081514497593 0
1590512575271 0.3459031687458394 0
1590513829784 0.3482860934596494 0
1590515185398 0.35001070694728276 0
1590516438438 0.3498627381727782 0
1590518071878 0.3504520934186391 0
1590519997086 0.3499106820285269 0
1590521981466 0.34989037477741897 0
1590523924269 0.3499323373482411 0
1590525893062 0.3510655347588604 0
1590527902639 0.3521607842514802 0
1590529350532 0.3512775358518915 0
1590530322775 0.3526895377800738 0
1590531290131 0.351152750208839 0
1590532263071 0.35104634825498976 0
1590533237250 0.3511305002025159 0
1590534132691 0.35092090570516066 0
1590534845183 0.3515159371466625 0
1590535552630 0.3526946038048593 0
1590536258844 0.35218738218155815 0
1590536964747 0.3531055124118667 0
1590537670654 0.3528614244794891 0
1590538376700 0.3516835106814856 0
1590539082608 0.35315851114911767 0
1590539788611 0.35174259504354244 0
1590540494755 0.35320154898352524 0
1590541200138 0.3532635797484836 0
1590541905787 0.35206996632527826 0
1590542630414 0.3521082201986285 0
1590543485387 0.3524294234824069 0
1590544494289 0.352674020058825 0
1590545488207 0.3529683759588531 0
1590546204579 0.3534918181673434 0
