1590490099215 0.09612701966068961 0
1590491332303 0.2987000101576207 0
1590492353766 0.4405792025767961 0
1590493582327 0.4656329159110234 0
1590494767270 0.48223298980616486 0
1590495963426 0.4938462321823203 0
1590497147608 0.564757739376588 0
1590498338313 0.5274494381553976 0
1590499550455 0.5745296173093675 0
1590500743776 0.5779298715422272 0
1590501891029 0.5727826139423663 0
1590503022641 0.5615856434449304 0
1590504236966 0.5883829048187169 0
1590505417296 0.6066390669975101 0
1590506607981 0.6019218930358362 0
1590507807989 0.5997032600775076 0
1590509039581 0.6339487188625573 0
1590510217804 0.6055876307003011 0
1590511381460 0.6131945530772593 0
1590512575281 0.616962887244625 0
1590513829794 0.6439361834717401 0
1590515185408 0.6502073524872093 0
1590516438448 0.6253870568094567 0
1590518071890 0.6487198893291679 0
1590519997097 0.6587227792023017 0
1590521981482 0.6562318198674805 0
1590523924276 0.6369365340296338 0
1590525893072 0.6576620500576797 0
1590527902649 0.6725758833153896 0
1590529350542 0.6680696853920065 0
1590530322782 0.6680550042173492 0
1590531290138 0.6672100027550175 0
1590532263083 0.6789085390388794 0
1590533237260 0.6831954660374868 0
1590534132699 0.6789579527073799 0
1590534845191 0.6716709787192217 0
1590535552637 0.6811180540457276 0
1590536258852 0.6688225784003937 0
1590536964758 0.6876884769489183 0
1590537670661 0.6754681594354291 0
1590538376708 0.6750960700308359 0
1590539082615 0.6736003819360461 0
1590539788619 0.6617924760393938 0
1590540494761 0.6707328168199872 0
1590541200145 0.6686242379146783 0
1590541905794 0.6725735276384673 0
1590542630422 0.6735497224729114 0
1590543485396 0.6776077905416473 0
1590544494299 0.66537986847138 0
1590545488217 0.672897537988134 0
1590546204589 0.6695261571249812 0
