1590490099213 0.12492092883200913 0
1590491332302 0.3340018319994605 0
1590492353764 0.47847780698885123 0
1590493582324 0.49469802904348364 0
1590494767268 0.5082989042585709 0
1590495963423 0.5192610348742576 0
1590497147606 0.592327279371223 0
1590498338310 0.5541758623128596 0
1590499550452 0.6011167621189436 0
1590500743774 0.6031908274712675 0
1590501891028 0.5956745064491556 0
1590503022639 0.5822012792103322 0
1590504236964 0.6095018843891802 0
1590505417293 0.6301335264289627 0
1590506607975 0.6238736326451646 0
1590507807988 0.6201329407743243 0
1590509039578 0.6564886898223806 0
1590510217801 0.6241254812757522 0
1590511381458 0.6323452957356692 0
1590512575278 0.6387240741667679 0
1590513829791 0.6638682269124652 0
1590515185405 0.6718155363058517 0
1590516438445 0.644479280107807 0
1590518071886 0.6691988169227602 0
1590519997093 0.6806987115176875 0
1590521981474 0.6757978103630272 0
1590523924274 0.6566124994518696 0
1590525893069 0.6794093756719469 0
1590527902646 0.6953127086100469 0
1590529350540 0.689310424108047 0
1590530322780 0.690488069279723 0
1590531290136 0.6890113203563213 0
1590532263080 0.7005122008728732 0
1590533237258 0.7041748160280227 0
1590534132697 0.7004319588637975 0
1590534845189 0.6932617019634577 0
1590535552635 0.702044264802054 0
1590536258850 0.6901305877945556 0
1590536964756 0.7075544594635088 0
1590537670659 0.695014701693764 0
1590538376706 0.6963958833250725 0
1590539082613 0.6943372951447224 0
1590539788616 0.6823549185807084 0
1590540494760 0.6898887420135726 0
1590541200143 0.6882767020277467 0
1590541905792 0.6932681505672076 0
1590542630419 0.6943461268498857 0
1590543485394 0.6980881856549829 0
1590544494296 0.6854978048310704 0
1590545488215 0.6922623957051073 0
1590546204587 0.6895996560884325 0
