1590490099209 0.07482152046282423 0
1590491332299 0.21257212098403247 0
1590492353761 0.25846258322627874 0
1590493582321 0.28633170567798505 0
1590494767264 0.29797871901401063 0
1590495963420 0.3043937970934657 0
1590497147602 0.31008321384290083 0
1590498338305 0.31144617767531757 0
1590499550448 0.3172784792054817 0
1590500743769 0.3186495508384658 0
1590501891026 0.3252614902224771 0
1590503022636 0.32375490697746545 0
1590504236959 0.3250885651972058 0
1590505417287 0.3267961483149032 0
1590506607971 0.327049021539927 0
1590507807985 0.32882947407464796 0
1590509039575 0.33031337358870183 0
1590510217798 0.3312707858056345 0
1590511381444 0.3341737374441583 0
1590512575275 0.3296804063792064 0
1590513829788 0.3330594814110074 0
1590515185402 0.3343797126925488 0
1590516438442 0.33475590865769034 0
1590518071882 0.33471400267215823 0
1590519997089 0.33472230560053834 0
1590521981471 0.3349034598454343 0
1590523924272 0.33453961153427725 0
1590525893066 0.3354655151072504 0
1590527902643 0.3368554321366155 0
1590529350537 0.33669765500144533 0
1590530322777 0.3378952238075467 0
1590531290134 0.3367388424848569 0
1590532263075 0.33559834578922004 0
1590533237255 0.3367895386741559 0
1590534132694 0.33529132930998523 0
1590534845186 0.33678253390330787 0
1590535552633 0.3376426601769916 0
1590536258847 0.33675495812290823 0
1590536964752 0.3385613342838635 0
1590537670657 0.3382713779744751 0
1590538376703 0.33695184929215666 0
1590539082611 0.338593385916184 0
1590539788614 0.33687149555907175 0
1590540494757 0.3387469335327052 0
1590541200140 0.33876112332690356 0
1590541905789 0.3378892900606073 0
1590542630417 0.3377909686978202 0
1590543485391 0.3380886740083383 0
1590544494292 0.338173000232466 0
1590545488211 0.3386091378616718 0
1590546204583 0.3391941797980312 0
