1590490099231 0.08992242863292904 0
1590491332307 0.2878703039386376 0
1590492353770 0.42769408572098827 0
1590493582333 0.45242913132379997 0
1590494767286 0.46910018161723205 0
1590495963436 0.4813570330961758 0
1590497147613 0.5500690138372852 0
1590498338318 0.5126568607063539 0
1590499550459 0.5601284637452529 0
1590500743783 0.5653999770530314 0
1590501891033 0.561720577657823 0
1590503022646 0.5502888520912489 0
1590504236972 0.5758007978741192 0
1590505417307 0.5956177697334316 0
1590506608014 0.5897818690418115 0
1590507807993 0.5885011762139399 0
1590509039585 0.6218947465200616 0
1590510217809 0.5930210064667757 0
1590511381465 0.602146500496512 0
1590512575286 0.6060375927255978 0
1590513829799 0.6317501191455583 0
1590515185412 0.6392778508809634 0
1590516438454 0.6145081213376811 0
1590518071897 0.6376814894790038 0
1590519997118 0.6470716925202298 0
1590521981492 0.6440268598811433 0
1590523924279 0.6263217577532879 0
1590525893085 0.6453749781375212 0
1590527902655 0.6606189491249671 0
1590529350550 0.6565578698635349 0
1590530322786 0.6575741754866553 0
1590531290143 0.6561331397828132 0
1590532263087 0.6671645948350894 0
1590533237264 0.6711187282110593 0
1590534132702 0.6676976062317171 0
1590534845195 0.6609073201541734 0
1590535552640 0.6696422205650571 0
1590536258856 0.6581925567233652 0
1590536964761 0.6754662180756604 0
1590537670664 0.6640002408505862 0
1590538376713 0.6642194434186072 0
1590539082618 0.662584447843502 0
1590539788627 0.6511203477918567 0
1590540494765 0.6589401578704929 0
1590541200148 0.657234664306901 0
1590541905797 0.6610542393105926 0
1590542630426 0.6633777186982436 0
1590543485402 0.6664509107545832 0
1590544494304 0.6545812413309892 0
1590545488222 0.6621312692676858 0
1590546204594 0.658772280560624 0
