1590490099212 0.09691003730728694 0
1590491332301 0.23499036139857807 0
1590492353763 0.2767125358500951 0
1590493582323 0.30065864001144726 0
1590494767267 0.31100370534578076 0
1590495963422 0.31646506262342666 0
1590497147604 0.3210391393497472 0
1590498338309 0.32310283752423347 0
1590499550451 0.3279474825571019 0
1590500743772 0.3284775476456879 0
1590501891027 0.33407898552591186 0
1590503022638 0.33234677611493396 0
1590504236963 0.3333017073343724 0
1590505417291 0.3352037231554256 0
1590506607974 0.3350038327172509 0
1590507807987 0.3367845041545094 0
1590509039577 0.3380297892804027 0
1590510217800 0.33907395121021633 0
1590511381447 0.34156851568768515 0
1590512575277 0.33711720892956293 0
1590513829790 0.34000641424291816 0
1590515185404 0.34148464633102504 0
1590516438444 0.3414927776210155 0
1590518071885 0.3421079703270791 0
1590519997092 0.34178872614044487 0
1590521981473 0.3416815273682445 0
1590523924273 0.34164169699728736 0
1590525893068 0.34254112564459477 0
1590527902645 0.34386142399420333 0
1590529350539 0.3433766675793843 0
1590530322779 0.3445715726743388 0
1590531290135 0.3431514534203312 0
1590532263079 0.3427191965318248 0
1590533237258 0.34329852375507025 0
1590534132696 0.34238958899305144 0
1590534845188 0.3434117445451355 0
1590535552634 0.3445092487588524 0
1590536258849 0.3438298759746168 0
1590536964755 0.34539718444593887 0
1590537670658 0.3450060229226861 0
1590538376705 0.34375250707981203 0
1590539082612 0.345275539746507 0
1590539788615 0.34373587745413053 0
1590540494759 0.34555193908734383 0
1590541200142 0.34559132464396614 0
1590541905791 0.3444910044679364 0
1590542630419 0.3443000778682415 0
1590543485393 0.344896985443998 0
1590544494295 0.34492024061664045 0
1590545488214 0.3452705838996741 0
1590546204586 0.345890372320351 0
