1592595883588 0.6868870470127273 0
1592596806234 0.7037794118241872 0
1592597725176 0.6664860989496308 0
1592598661582 0.6587523888746272 0
1592599368782 0.7043357683862118 0
1592600001618 0.7106090951262782 0
1592600633986 0.7282334359195872 0
1592601267701 0.7497399468352831 0
1592601899746 0.764550781932077 0
1592602534159 0.6710540934595133 0
1592603168072 0.7518540912675568 0
1592603801022 0.7499457628491785 0
1592604434067 0.7451836347315561 0
1592605067878 0.7505315793945778 0
1592605700414 0.748826510465304 0
1592606332812 0.7554104249148647 0
1592606964910 0.7495011898949149 0
1592607597425 0.7363571591864451 0
1592608230073 0.7444442642796435 0
1592608862552 0.7502063877400861 0
1592609494959 0.7594611752871637 0
1592610127489 0.7703952171433169 0
1592610759731 0.7599591303648706 0
1592611393475 0.7552712333923108 0
1592612026673 0.747168838464815 0
1592612659897 0.7648401586477223 0
1592613291622 0.7529407781243476 0
1592613924278 0.7597573931377092 0
1592614556726 0.7525506982243715 0
1592615191105 0.7637940104444271 0
1592615823827 0.7682040109152483 0
1592616457169 0.7653414975502649 0
1592617087309 0.7601239235291634 0
1592617721459 0.773105126241592 0
1592618355341 0.7725987726578123 0
1592618988451 0.7576805389146377 0
1592619621996 0.7588166600676091 0
1592620253709 0.7600146072311038 0
1592620887285 0.7656449430825323 0
1592621519566 0.7692385799342742 0
1592622153884 0.7676225083628347 0
1592622788488 0.768470107996916 0
1592623419911 0.7646940262615384 0
1592624053355 0.7693230243952017 0
1592624683500 0.7685561527595332 0
1592625318496 0.7713454321530703 0
1592625950573 0.7675221044191597 0
1592626581969 0.7651903141416111 0
1592627214098 0.7723130787974265 0
1592627846425 0.7641395607818838 0
1592628477027 0.7671061983935938 0
1592629332203 0.7724118239444007 0
1592630239432 0.7669663309206903 0
1592631158774 0.7672227558335891 0
1592632076962 0.7723028955040554 0
1592632995761 0.7692743327688477 0
1592633915235 0.7709956647553493 0
1592634834163 0.7713747460824197 0
1592635754952 0.7698579960561627 0
1592636688600 0.7699696020976734 0
1592637608068 0.7688531944663051 0
1592638530205 0.7697264296786115 0
1592639438463 0.7684240104118403 0
1592640355207 0.7682109435366165 0
1592641272382 0.7669406049033541 0
1592642190748 0.7724425043504521 0
1592643102637 0.7693000821743423 0
1592644024562 0.7698086653639097 0
1592644940676 0.769048617404343 0
1592645862311 0.7691606993708324 0
1592646778964 0.7703724205928992 0
1592647719493 0.7674013478161541 0
1592648632921 0.7687381498532564 0
1592649575794 0.7686758745150395 0
1592650504137 0.7676732203634034 0
1592651441737 0.7701211994593592 0
1592652376551 0.7683856985272047 0
1592653322162 0.7733218654534573 0
1592654260689 0.770712649914405 0
1592655220932 0.7692797268099602 0
1592656166392 0.7687799650805145 0
1592657097981 0.7693570901866532 0
1592658028117 0.7719014478533585 0
1592658985409 0.7702962912312739 0
1592659916577 0.7688862140377892 0
1592660845230 0.7673230022017655 0
1592661784951 0.7688236418306653 0
1592662737332 0.7692669209607763 0
1592663672400 0.7692408855808571 0
1592664608698 0.7708698027749061 0
1592665543297 0.7703034458828283 0
1592666486700 0.7705951902938173 0
1592667415572 0.7706757768380489 0
1592668373547 0.771327663664584 0
1592669308828 0.7713421838764857 0
1592670244037 0.7714620718100706 0
1592671174272 0.7706768588188496 0
1592672110794 0.7706156182307999 0
1592673044272 0.7695847483272739 0
1592673975051 0.7695184230352373 0
1592674902677 0.7688375562888662 0
