1592595883591 0.7190240312729922 0
1592596806237 0.7403913459735199 0
1592597725178 0.6994421481584349 0
1592598661583 0.6910229138974086 0
1592599368783 0.7357529502898964 0
1592600001619 0.744856580598752 0
1592600633986 0.7630289076677804 0
1592601267702 0.7886760669137788 0
1592601899747 0.8030595825861794 0
1592602534160 0.7010825990841806 0
1592603168072 0.7885888805823095 0
1592603801023 0.7874761118997385 0
1592604434068 0.7821374629070478 0
1592605067879 0.7867650034993273 0
1592605700414 0.7847972977169865 0
1592606332813 0.79755493843125 0
1592606964911 0.788052664464999 0
1592607597425 0.7747871748621825 0
1592608230074 0.7823672624544131 0
1592608862552 0.7877072074458716 0
1592609494960 0.7968133221233042 0
1592610127489 0.807376135802901 0
1592610759732 0.7984821056492701 0
1592611393476 0.7926889023506796 0
1592612026673 0.7861071592550654 0
1592612659898 0.8034964729014812 0
1592613291623 0.7911065699590908 0
1592613924279 0.7986590246417725 0
1592614556727 0.7879616372713268 0
1592615191105 0.8004831899636379 0
1592615823828 0.807430770611881 0
1592616457170 0.8043411833254216 0
1592617087310 0.7995961628407312 0
1592617721460 0.8135948368911844 0
1592618355342 0.8119640875106503 0
1592618988452 0.7947855677653862 0
1592619621997 0.7993293904703078 0
1592620253709 0.7981575246043958 0
1592620887286 0.8064685791401084 0
1592621519567 0.808216155311238 0
1592622153885 0.8062334163408647 0
1592622788488 0.8073061422059625 0
1592623419912 0.8038688629511621 0
1592624053355 0.8074633737985731 0
1592624683500 0.8069113574556459 0
1592625318497 0.8111132336598185 0
1592625950573 0.8072438100535483 0
1592626581970 0.8051320698831438 0
1592627214099 0.8118922353208259 0
1592627846425 0.8040963871166796 0
1592628477028 0.8069983684856274 0
1592629332204 0.811275842625136 0
1592630239433 0.8065850707684721 0
1592631158776 0.8069295610044391 0
1592632076964 0.8109190565404064 0
1592632995764 0.8082326628188724 0
1592633915237 0.810476088285617 0
1592634834172 0.8108975853421244 0
1592635754955 0.8098141615661777 0
1592636688605 0.8105936386610701 0
1592637608070 0.8083308033274293 0
1592638530207 0.8096165150130888 0
1592639438466 0.8095847781886194 0
1592640355208 0.8082326601405477 0
1592641272384 0.807022939218904 0
1592642190751 0.812138602719266 0
1592643102639 0.8096177009770712 0
1592644024564 0.8098944642532118 0
1592644940677 0.8083462941545693 0
1592645862312 0.8086997839775898 0
1592646778966 0.8099464123797061 0
1592647719496 0.8069896624358327 0
1592648632924 0.8089084486152744 0
1592649575795 0.8085557644925915 0
1592650504140 0.8075845098242936 0
1592651441739 0.80908226918665 0
1592652376552 0.8083981506697736 0
1592653322165 0.8121384765528745 0
1592654260692 0.8096699010599867 0
1592655220933 0.8087693747803026 0
1592656166393 0.8083780937031918 0
1592657097983 0.8088202168369669 0
1592658028119 0.8108592834394197 0
1592658985410 0.8092989555448945 0
1592659916580 0.8084570040460868 0
1592660845233 0.8072695624187124 0
1592661784952 0.8082027147453957 0
1592662737336 0.8088079792086901 0
1592663672403 0.808742804737784 0
1592664608700 0.8103528131400091 0
1592665543299 0.809945292846442 0
1592666486701 0.8101227019267627 0
1592667415574 0.8099304318448421 0
1592668373548 0.8104827749608959 0
1592669308829 0.8102093526494669 0
1592670244039 0.810581830663354 0
1592671174274 0.8098599132025625 0
1592672110796 0.8100908789713798 0
1592673044275 0.8090141082876038 0
1592673975054 0.8092510642509317 0
1592674902678 0.8087120943570697 0
