1592595883567 0.5076438276783116 0
1592596806214 0.5684007731051465 0
1592597725156 0.5137367371954343 0
1592598661567 0.5341280787071548 0
1592599368776 0.5679583361213963 0
1592600001611 0.598216233958163 0
1592600633978 0.6009621980934771 0
1592601267695 0.6316942796017785 0
1592601899738 0.6649088394325126 0
1592602534150 0.5703728989041794 0
1592603168065 0.659056749577491 0
1592603801013 0.6768016867091738 0
1592604434060 0.6692033781356658 0
1592605067872 0.6576550754645893 0
1592605700407 0.6731381678978939 0
1592606332802 0.6935726116289079 0
1592606964902 0.6787116915034341 0
1592607597419 0.6644230156884702 0
1592608230067 0.6523739090766262 0
1592608862546 0.681583540400758 0
1592609494953 0.6973380104977188 0
1592610127482 0.707346540409189 0
1592610759725 0.6989849086766007 0
1592611393469 0.6972392264642322 0
1592612026667 0.6864101079904609 0
1592612659891 0.7083959606637283 0
1592613291615 0.6973721471731099 0
1592613924272 0.7053537200864327 0
1592614556718 0.6776689705917048 0
1592615191098 0.7070444238875878 0
1592615823821 0.7217113508502216 0
1592616457162 0.7186043613151278 0
1592617087302 0.7103147319483465 0
1592617721453 0.7399579048187563 0
1592618355335 0.7278127755228966 0
1592618988445 0.7070597133151 0
1592619621989 0.7181617295221934 0
1592620253703 0.7052888311777085 0
1592620887278 0.7250999411671575 0
1592621519560 0.7196292657105109 0
1592622153876 0.7202941325477065 0
1592622788482 0.722780404679311 0
1592623419902 0.7199269130149979 0
1592624053348 0.7193628977419141 0
1592624683493 0.7202609123093969 0
1592625318487 0.7185811183186392 0
1592625950567 0.7171110827552165 0
1592626581960 0.7142178479594692 0
1592627214092 0.7255043796783482 0
1592627846414 0.7164103784244659 0
1592628477021 0.7211255261399421 0
1592629332191 0.7320223128484205 0
1592630239423 0.7214737601034195 0
1592631158762 0.7204391454186264 0
1592632076952 0.7302043325867503 0
1592632995736 0.7214480614115972 0
1592633915224 0.7286171099958427 0
1592634834126 0.7290760902308346 0
1592635754935 0.7263000920303945 0
1592636688572 0.7258466019544944 0
1592637608051 0.7256667115716787 0
1592638530195 0.7281363680510703 0
1592639438444 0.7292764451762811 0
1592640355197 0.7270194190564931 0
1592641272371 0.7250612463155264 0
1592642190727 0.727535798326942 0
1592643102617 0.7277669814962664 0
1592644024552 0.7267526558894495 0
1592644940666 0.7269948343777768 0
1592645862300 0.726735267439547 0
1592646778942 0.7293132172427758 0
1592647719460 0.7257311285660977 0
1592648632910 0.7290624988153088 0
1592649575784 0.7288609288357648 0
1592650504124 0.7261679263309714 0
1592651441724 0.7274419023565026 0
1592652376540 0.7265368911720089 0
1592653322149 0.7302382268939371 0
1592654260667 0.7298159286332465 0
1592655220922 0.7281876112817811 0
1592656166382 0.7274228018119423 0
1592657097971 0.728596635451776 0
1592658028107 0.7310848032715797 0
1592658985402 0.7277486035199383 0
1592659916566 0.7267141043884607 0
1592660845205 0.723946206378221 0
1592661784941 0.7263806510216975 0
1592662737307 0.7258831876541584 0
1592663672377 0.7287657476764315 0
1592664608683 0.728125865154998 0
1592665543287 0.7278196750751764 0
1592666486691 0.7269786562138484 0
1592667415557 0.7278415232202683 0
1592668373525 0.7288121505109587 0
1592669308803 0.7282046603551008 0
1592670244026 0.7292760239672307 0
1592671174252 0.7281391892740915 0
1592672110784 0.7285276779391767 0
1592673044251 0.7268469496357708 0
1592673975039 0.7272567753843837 0
1592674902667 0.7265236521396188 0
