1592595883576 0.7352257921638989 0
1592596806220 0.7578574190319374 0
1592597725164 0.7153938125898204 0
1592598661575 0.7069815876941885 0
1592599368779 0.7501938462683332 0
1592600001615 0.7613855656457472 0
1592600633982 0.7799364886278912 0
1592601267698 0.8071032944501061 0
1592601899743 0.8217089049260267 0
1592602534155 0.7145987396220419 0
1592603168069 0.8050519478047015 0
1592603801018 0.8053954117368242 0
1592604434065 0.7995297786593453 0
1592605067876 0.8037042769203776 0
1592605700411 0.8025863261993466 0
1592606332807 0.8172603253339418 0
1592606964906 0.8060530261120508 0
1592607597422 0.794144190771185 0
1592608230070 0.8002442694710801 0
1592608862549 0.8056871530799349 0
1592609494956 0.8142257372760822 0
1592610127486 0.8245106775249631 0
1592610759728 0.8170569460859465 0
1592611393472 0.8105177230810978 0
1592612026670 0.8042123434458003 0
1592612659894 0.8218001908311312 0
1592613291619 0.8094137011939266 0
1592613924275 0.8160400863663361 0
1592614556722 0.8051137348838371 0
1592615191102 0.8181747790450025 0
1592615823824 0.8250951107964476 0
1592616457166 0.8229525299707512 0
1592617087306 0.8179054843324002 0
1592617721456 0.8330017734251536 0
1592618355339 0.8310114041859188 0
1592618988448 0.8130897625957803 0
1592619621993 0.8186627793821687 0
1592620253706 0.8159362172968156 0
1592620887282 0.8267616142409521 0
1592621519563 0.8260783240753503 0
1592622153880 0.8245165473261059 0
1592622788485 0.825431677745579 0
1592623419907 0.8224835838372915 0
1592624053352 0.8261860590950496 0
1592624683497 0.8258697910920878 0
1592625318492 0.8296058323789652 0
1592625950570 0.825719162728024 0
1592626581965 0.8245918187990897 0
1592627214096 0.8303258646989644 0
1592627846419 0.8220610322189974 0
1592628477025 0.8255119582239133 0
1592629332198 0.8294213745643494 0
1592630239428 0.8251321633724448 0
1592631158768 0.8257119058380379 0
1592632076957 0.8288152169444586 0
1592632995748 0.826828090694696 0
1592633915230 0.8291696094113067 0
1592634834146 0.8298985029782521 0
1592635754944 0.8284026632967395 0
1592636688582 0.829713679279025 0
1592637608056 0.8269161545469759 0
1592638530200 0.8284108285656945 0
1592639438452 0.8290669273105117 0
1592640355202 0.8272122134298502 0
1592641272377 0.8257972994951427 0
1592642190737 0.8308186911950267 0
1592643102628 0.828458148390425 0
1592644024558 0.8289230551223044 0
1592644940672 0.8269794266093571 0
1592645862307 0.827190110042113 0
1592646778953 0.8279611777727016 0
1592647719480 0.8258840194835751 0
1592648632916 0.828131872177115 0
1592649575790 0.8275366885712538 0
1592650504129 0.8261621894562515 0
1592651441730 0.8277130304343118 0
1592652376547 0.827525360808254 0
1592653322155 0.8306365986241723 0
1592654260679 0.828504307486668 0
1592655220927 0.827299562959634 0
1592656166388 0.8269823893998232 0
1592657097976 0.827734967502327 0
1592658028113 0.829282619618023 0
1592658985406 0.8278968077618419 0
1592659916571 0.827096950802362 0
1592660845214 0.8259758620759358 0
1592661784947 0.826721188957054 0
1592662737319 0.8275467470630334 0
1592663672385 0.8272199547144526 0
1592664608690 0.828913341054641 0
1592665543292 0.8284316224590978 0
1592666486696 0.8287677638431761 0
1592667415563 0.8285517783173413 0
1592668373531 0.8289519277755265 0
1592669308823 0.8288756912344052 0
1592670244032 0.8294379545218604 0
1592671174266 0.8284560634911414 0
1592672110789 0.8290484953796884 0
1592673044260 0.8277817570700909 0
1592673975044 0.8284238367549084 0
1592674902673 0.8277587895434735 0
