1592595883579 0.7285206197437347 0
1592596806221 0.7508283913770095 0
1592597725167 0.7080390676137047 0
1592598661577 0.6999519788986801 0
1592599368780 0.7444009341900971 0
1592600001616 0.7547761274263891 0
1592600633983 0.772324807094816 0
1592601267699 0.7992274120886432 0
1592601899743 0.8137301948585667 0
1592602534156 0.7093220205469078 0
1592603168069 0.7998593088923089 0
1592603801019 0.7977841734377363 0
1592604434065 0.7922233408408481 0
1592605067876 0.7968495272595749 0
1592605700411 0.7956554633429002 0
1592606332808 0.8100544550052972 0
1592606964907 0.7993191821761523 0
1592607597423 0.7861231186969073 0
1592608230071 0.7931088680568591 0
1592608862550 0.797964018147048 0
1592609494957 0.8077103191770331 0
1592610127487 0.8179836005215129 0
1592610759729 0.8099856240406904 0
1592611393473 0.8037662759081485 0
1592612026671 0.7975678577709334 0
1592612659895 0.814096757119744 0
1592613291620 0.8018769501005769 0
1592613924276 0.8097236335046883 0
1592614556723 0.7980175720095427 0
1592615191103 0.8107529678041895 0
1592615823825 0.8185481386950494 0
1592616457167 0.8156214766826541 0
1592617087307 0.8101321300942083 0
1592617721457 0.8249518300791713 0
1592618355339 0.8234202886049891 0
1592618988449 0.8058322235872863 0
1592619621993 0.8115660844161333 0
1592620253707 0.8093941885580455 0
1592620887282 0.8181228866838276 0
1592621519564 0.8203380363657069 0
1592622153881 0.8174705428413155 0
1592622788486 0.8190509989464955 0
1592623419908 0.8151235200236958 0
1592624053353 0.8189345657469246 0
1592624683497 0.818795030571434 0
1592625318493 0.8233753829320667 0
1592625950571 0.8187560362828378 0
1592626581966 0.8174173326001466 0
1592627214096 0.823856307035327 0
1592627846421 0.8162043019435626 0
1592628477025 0.8191185648488313 0
1592629332199 0.8231239640490695 0
1592630239429 0.8186321392320264 0
1592631158769 0.8189173054828053 0
1592632076958 0.8224763097370258 0
1592632995751 0.8198783707295714 0
1592633915231 0.8219034947704424 0
1592634834154 0.8224299235409082 0
1592635754946 0.8214625378052581 0
1592636688586 0.8226348778360116 0
1592637608057 0.8201802811933403 0
1592638530201 0.8217847570765655 0
1592639438455 0.8214577661394653 0
1592640355203 0.8197587073955376 0
1592641272378 0.8192521458860412 0
1592642190740 0.8240158880293131 0
1592643102629 0.8218710564575404 0
1592644024559 0.8215992290684052 0
1592644940673 0.8200616348454507 0
1592645862308 0.8199994484349669 0
1592646778956 0.8217038117612131 0
1592647719483 0.8180805474960385 0
1592648632917 0.8206914785431376 0
1592649575791 0.8201718595103239 0
1592650504130 0.8196545275153921 0
1592651441731 0.820803796663416 0
1592652376548 0.8200068066377195 0
1592653322156 0.8232929537364417 0
1592654260686 0.8210615572959564 0
1592655220928 0.8203868508589132 0
1592656166389 0.8200485209822853 0
1592657097977 0.8202825295322981 0
1592658028114 0.8221227741609133 0
1592658985407 0.8205965825515933 0
1592659916572 0.8197112898793841 0
1592660845218 0.8189525170503787 0
1592661784948 0.8195257089178349 0
1592662737322 0.8200168006376032 0
1592663672388 0.820202672799804 0
1592664608691 0.8216313571869087 0
1592665543293 0.8213362933284197 0
1592666486697 0.8217695510696383 0
1592667415564 0.8211531591389211 0
1592668373533 0.8217013151740772 0
1592669308825 0.8213436034332954 0
1592670244033 0.8215270754252296 0
1592671174267 0.8209260135094777 0
1592672110790 0.8214166625717039 0
1592673044263 0.8203322189859553 0
1592673975045 0.8208324475636715 0
1592674902674 0.8201846022554544 0
