1592595681894 0.12003681377404266 0
1592596621944 0.08584145944151614 0
1592597540864 0.07674638390541076 0
1592598465316 0.0708638516234027 0
1592599261906 0.06764135897573498 0
1592599895369 0.06352927352819178 0
1592600527362 0.0625198190079795 0
1592601161344 0.059719018129010995 0
1592601793629 0.05742593066973819 0
1592602427240 0.056224736293984785 0
1592603061436 0.049881522899700534 0
1592603694835 0.047332455445494914 0
1592604327760 0.04685579191893339 0
1592604961413 0.04652573886844847 0
1592605593959 0.04644593317475584 0
1592606226899 0.04514871289332708 0
1592606859128 0.044104613289237024 0
1592607490914 0.043321000507308374 0
1592608123791 0.04457163440684477 0
1592608756209 0.042349495978819 0
1592609388675 0.03824007211253047 0
1592610021602 0.038035891763865945 0
1592610653647 0.03755887312814593 0
1592611287506 0.03773382410407066 0
1592611920331 0.037177088769773645 0
1592612553720 0.0378769651779698 0
1592613185631 0.03664492576072614 0
1592613818233 0.03627084876721104 0
1592614450340 0.036101543021698795 0
1592615085033 0.03531289329752326 0
1592615717677 0.03399823092338112 0
1592616351288 0.03327733297935791 0
1592616981209 0.03423222858251797 0
1592617615528 0.033881366178393366 0
1592618249291 0.03390677988529205 0
1592618882237 0.03310429201978776 0
1592619515984 0.032753881007019016 0
1592620147774 0.03183987475517723 0
1592620781340 0.03145853957368268 0
1592621413495 0.032154024487568274 0
1592622047603 0.03173825009829468 0
1592622682505 0.03198945972861515 0
1592623313826 0.03047462684205837 0
1592623947554 0.031136575179795425 0
1592624577497 0.03157979366886947 0
1592625212474 0.03108349937531683 0
1592625844325 0.031506098390867314 0
1592626475920 0.030721452397604782 0
1592627107987 0.03054969293789731 0
1592627740480 0.030353010118835504 0
1592628371017 0.030965405429402987 0
1592629149174 0.030741915063311656 0
1592630057563 0.03017768315763937 0
1592630977391 0.030980236027389765 0
1592631897287 0.02963558697866069 0
1592632813739 0.0305050931022399 0
1592633735316 0.02905713813379407 0
1592634653865 0.029537711735400887 0
1592635576221 0.029423341231627598 0
1592636508144 0.029236837592389847 0
1592637428310 0.02959926014766097 0
1592638346790 0.02841211050748825 0
1592639259216 0.028759638594670428 0
1592640179136 0.028859706798361407 0
1592641091842 0.029066404172529776 0
1592642012517 0.029787841577910715 0
1592642921613 0.029994821187315716 0
1592643846438 0.02855144938454032 0
1592644758692 0.029474242561393315 0
1592645681320 0.02977126255631447 0
1592646598566 0.029162676522715224 0
1592647538309 0.029044038179434007 0
1592648451857 0.029362399151755703 0
1592649394031 0.02940431231632829 0
1592650323165 0.029321748827480607 0
1592651255161 0.029375973695682154 0
1592652191561 0.028993687064697345 0
1592653139774 0.02862568997881479 0
1592654075988 0.02862988078759776 0
1592655034314 0.030055544103185335 0
1592655978883 0.028823439605120155 0
1592656914451 0.029359684623777867 0
1592657845399 0.029508014820102187 0
1592658803524 0.02962311610062089 0
1592659732199 0.029166479179014763 0
1592660665708 0.029641142018760246 0
1592661600364 0.029258335435556043 0
1592662552938 0.028845703498356873 0
1592663486945 0.028810414707081185 0
1592664422841 0.029450064547773866 0
1592665357352 0.028487192791783147 0
1592666300779 0.028992341263219715 0
1592667232375 0.029614093040840492 0
1592668188908 0.028523318225310908 0
1592669123799 0.028504897281527518 0
1592670059745 0.02823187870076961 0
1592670990193 0.028430933950261937 0
1592671926404 0.02884599337147342 0
1592672861536 0.029332807951917252 0
1592673790185 0.02815131415406035 0
1592674716005 0.02941588926439484 0
