1590418403163 0.24219146191022828 0
1590418983878 0.2878428646565865 0
1590419564625 0.2658896098982828 0
1590420146100 0.22023433542269366 0
1590420726469 0.3061020192450188 0
1590421308027 0.27604150258830257 0
1590421888646 0.31104260356579466 0
1590422470175 0.29316738696710415 0
1590423050673 0.29903274248957945 0
1590423630956 0.3050697615915052 0
1590424211208 0.323959772015225 0
1590424791565 0.3231155854482653 0
1590425371542 0.3244665652867238 0
1590425951929 0.32680795960078934 0
1590426532014 0.32541931114432787 0
1590427112663 0.3266622222623069 0
1590427692576 0.32550759659879525 0
1590428273118 0.32446966748440176 0
1590428853451 0.3244574151618539 0
1590429434114 0.326134448896973 0
1590430014387 0.32614167953394524 0
1590430594964 0.3254817260961313 0
1590431175260 0.3265338364930557 0
1590431755854 0.32659014213020987 0
1590432335866 0.32642962179466833 0
1590432916775 0.32595267888554097 0
1590433496924 0.3259280711415215 0
1590434077424 0.32575216984456196 0
1590434657741 0.32613726935195875 0
1590435238294 0.32595886699049137 0
1590435818692 0.3260194118513199 0
1590436399238 0.32595626812015577 0
1590436979469 0.3262146977417517 0
1590437560224 0.32593576534460744 0
1590438140557 0.325753920334984 0
1590438721364 0.32608943997711953 0
1590439301278 0.32583400013949276 0
1590439881688 0.32620470700943255 0
1590440461471 0.3259861578328827 0
1590441041766 0.3259862559938115 0
1590441621832 0.325790027581886 0
1590442201939 0.3260980357827285 0
1590442781619 0.3261879827301891 0
1590443361771 0.32598436191556457 0
1590443941283 0.32620226330837643 0
1590444521633 0.32615596271792 0
1590445101270 0.3261003159471354 0
1590445681318 0.32579345576912455 0
1590446260857 0.3261814820015184 0
1590446840920 0.32626032856452813 0
1590447420573 0.3261005527364306 0
