1590418403165 0.18060944685566213 0
1590418983879 0.22730684368388943 0
1590419564627 0.19797149491449786 0
1590420146102 0.13584473601465114 0
1590420726471 0.23780911428415438 0
1590421308028 0.21077129895068497 0
1590421888647 0.22075640397328528 0
1590422470176 0.20456908115519623 0
1590423050674 0.23217964806281033 0
1590423630957 0.2172997496755458 0
1590424211209 0.2326414895550847 0
1590424791566 0.23384290678443742 0
1590425371544 0.23330974461797782 0
1590425951931 0.23158447137604202 0
1590426532015 0.23542855234240698 0
1590427112665 0.2304172341004721 0
1590427692577 0.23327005919479668 0
1590428273120 0.22880506222405456 0
1590428853452 0.22662632013939937 0
1590429434116 0.22988233844032585 0
1590430014388 0.22875249649450222 0
1590430594966 0.2287587412810691 0
1590431175262 0.22836899657109322 0
1590431755856 0.2290009943570247 0
1590432335867 0.22838076353822112 0
1590432916777 0.22861327387149855 0
1590433496927 0.22824461967481416 0
1590434077426 0.22737735068980147 0
1590434657743 0.22792546006555436 0
1590435238295 0.22747411359721967 0
1590435818694 0.2277188064341301 0
1590436399239 0.227764001799414 0
1590436979471 0.22800768080830194 0
1590437560226 0.22749802206249015 0
1590438140559 0.22709244097883363 0
1590438721366 0.22747017647650256 0
1590439301280 0.2273607494981326 0
1590439881689 0.22763410848345897 0
1590440461473 0.22745962010358434 0
1590441041767 0.22718170485725625 0
1590441621835 0.22721637114104537 0
1590442201941 0.2274472690597225 0
1590442781620 0.227419126622574 0
1590443361772 0.22709160938976633 0
1590443941285 0.22724511283883578 0
1590444521635 0.22735579118301302 0
1590445101272 0.22724595451058774 0
1590445681319 0.22695476869206122 0
1590446260859 0.22747899618922698 0
1590446840921 0.22751054559594378 0
1590447420574 0.2273447374139874 0
