1590418403169 0.30287372315564953 0
1590418983883 0.31870040484021844 0
1590419564630 0.31180666825737713 0
1590420146106 0.26806615036232306 0
1590420726476 0.3319480017602903 0
1590421308032 0.3133554508657011 0
1590421888651 0.328317921107529 0
1590422470180 0.31909067122922147 0
1590423050678 0.3211756753022765 0
1590423630961 0.3151414162463443 0
1590424211213 0.33389904756651195 0
1590424791570 0.3320738053271897 0
1590425371547 0.33165387694986853 0
1590425951934 0.3335050880302314 0
1590426532019 0.33128925365710576 0
1590427112670 0.33203856237036444 0
1590427692581 0.33016035947710115 0
1590428273124 0.32949792627048136 0
1590428853456 0.32908523606066437 0
1590429434121 0.33029493119077424 0
1590430014392 0.330225089673018 0
1590430594970 0.329415039787602 0
1590431175266 0.33066973396500415 0
1590431755859 0.3302379602769112 0
1590432335871 0.330246151585223 0
1590432916780 0.32943925609729485 0
1590433496932 0.32927662251837847 0
1590434077430 0.3295152047363884 0
1590434657746 0.32926650409025854 0
1590435238300 0.32899447476667976 0
1590435818698 0.329209432731748 0
1590436399243 0.32912482099806667 0
1590436979475 0.3293728896561618 0
1590437560230 0.3291652228145134 0
1590438140563 0.3290103819842829 0
1590438721370 0.32911543949692823 0
1590439301283 0.32899951481454587 0
1590439881693 0.32914199313848846 0
1590440461476 0.3292037326374072 0
1590441041771 0.3290758833521466 0
1590441621839 0.32886128604267356 0
1590442201945 0.3291651701919726 0
1590442781625 0.3292659929069281 0
1590443361777 0.3290956727461266 0
1590443941289 0.3292956080628304 0
1590444521640 0.32922121727593223 0
1590445101276 0.32914273055795956 0
1590445681323 0.3289039674675514 0
1590446260863 0.32925516116988024 0
1590446840925 0.32936309247938744 0
1590447420578 0.32920331665128977 0
