1590418403171 0.22352153816983095 0
1590418983884 0.2522193655888255 0
1590419564632 0.229929568070199 0
1590420146108 0.1634540588532435 0
1590420726478 0.25824959718584695 0
1590421308033 0.23861769291195528 0
1590421888652 0.2332681418568547 0
1590422470182 0.22247065275786823 0
1590423050680 0.24911783366504095 0
1590423630963 0.22504700605702035 0
1590424211214 0.2402012964593336 0
1590424791571 0.2405158243415832 0
1590425371549 0.23939388896041994 0
1590425951936 0.2368899908961317 0
1590426532021 0.24007146896977075 0
1590427112672 0.2345140028095601 0
1590427692582 0.23689358148599457 0
1590428273126 0.2327029646576584 0
1590428853458 0.23008383186333412 0
1590429434123 0.23295560312627103 0
1590430014393 0.23182447125339825 0
1590430594972 0.2315746619712292 0
1590431175268 0.23143274966337912 0
1590431755861 0.23176143116170084 0
1590432335872 0.23111006045983298 0
1590432916782 0.23144216287186978 0
1590433496934 0.23086296306581539 0
1590434077432 0.23016998171855094 0
1590434657748 0.23048860502541982 0
1590435238302 0.2299863510999948 0
1590435818700 0.2302569580328458 0
1590436399245 0.2303025183085039 0
1590436979477 0.2304789658765297 0
1590437560231 0.23005531483786043 0
1590438140565 0.22961345822636686 0
1590438721372 0.22996939077406542 0
1590439301285 0.22987030924753357 0
1590439881695 0.2300296506326488 0
1590440461478 0.22996002539189705 0
1590441041772 0.22960162907694473 0
1590441621840 0.22961776301466433 0
1590442201947 0.22985576765728322 0
1590442781627 0.22983827829901846 0
1590443361779 0.22951887647546018 0
1590443941290 0.22966417812371764 0
1590444521642 0.22977816457890782 0
1590445101277 0.22966903412968473 0
1590445681324 0.22940407122465706 0
1590446260865 0.2299056088215413 0
1590446840927 0.22995417032010057 0
1590447420580 0.22978836213814416 0
