1590418403170 0.2711727782711616 0
1590418983884 0.2907480407427693 0
1590419564631 0.27905908593590945 0
1590420146107 0.22356237717852057 0
1590420726477 0.30176010631507866 0
1590421308033 0.2823355827416757 0
1590421888652 0.29114593018019885 0
1590422470181 0.28000364426124635 0
1590423050679 0.29115682323779496 0
1590423630962 0.2782325439772624 0
1590424211213 0.29588481940010736 0
1590424791571 0.2939705456656394 0
1590425371548 0.29374607373691536 0
1590425951935 0.2937693097430526 0
1590426532020 0.29344719997865865 0
1590427112671 0.2916288997957014 0
1590427692582 0.2913182733554256 0
1590428273125 0.2885572169972985 0
1590428853457 0.2884158908162681 0
1590429434122 0.2891505394750161 0
1590430014393 0.28826873284181653 0
1590430594971 0.28790027561552867 0
1590431175267 0.2882565952976883 0
1590431755860 0.28805914922838677 0
1590432335872 0.2881047959288086 0
1590432916781 0.2875559479230982 0
1590433496933 0.2873440551123473 0
1590434077431 0.286602320011661 0
1590434657747 0.28642148266216905 0
1590435238301 0.2871772460533667 0
1590435818699 0.28716821539744053 0
1590436399244 0.28679138046349734 0
1590436979476 0.28736015245742763 0
1590437560231 0.287063586816612 0
1590438140564 0.2867833613562726 0
1590438721371 0.2869733493274352 0
1590439301284 0.28689801194922515 0
1590439881694 0.28717553624018255 0
1590440461477 0.28715000559678633 0
1590441041771 0.28671648716996667 0
1590441621840 0.2866379446017401 0
1590442201946 0.28692778828837945 0
1590442781626 0.2870289487040833 0
1590443361778 0.28694595655078897 0
1590443941289 0.2870564696673531 0
1590444521641 0.2869918892250528 0
1590445101276 0.28693218894456485 0
1590445681323 0.28664956481138015 0
1590446260864 0.2871048489835584 0
1590446840926 0.28725324743657304 0
1590447420579 0.28701219160733005 0
