1590418403168 0.32431300722835 0
1590418983882 0.34130227828316784 0
1590419564629 0.33624558750040595 0
1590420146105 0.29372324208427397 0
1590420726475 0.3544900929215544 0
1590421308031 0.33439213709544424 0
1590421888650 0.3519324615929358 0
1590422470179 0.344883618734467 0
1590423050678 0.3455801479061288 0
1590423630960 0.33945326901010286 0
1590424211212 0.3598068340372797 0
1590424791569 0.35712302144993946 0
1590425371546 0.35837154410786853 0
1590425951934 0.35991846155580287 0
1590426532018 0.3587864885253178 0
1590427112669 0.3593812704962047 0
1590427692580 0.35729205141683285 0
1590428273123 0.3579203718930344 0
1590428853455 0.35730080637083345 0
1590429434120 0.35867818886155733 0
1590430014391 0.3579709394883254 0
1590430594970 0.35722861088934543 0
1590431175266 0.35839497838121764 0
1590431755859 0.35723590715692066 0
1590432335870 0.3572436878241514 0
1590432916780 0.35719720100581426 0
1590433496931 0.3571407646071201 0
1590434077429 0.35665422079819276 0
1590434657746 0.3570038645865459 0
1590435238299 0.3566746843671944 0
1590435818697 0.3567785110750649 0
1590436399242 0.35653007013338506 0
1590436979474 0.3568189459842081 0
1590437560229 0.3566972233041437 0
1590438140562 0.3565736091345768 0
1590438721369 0.35657774254037533 0
1590439301283 0.35642756597527386 0
1590439881692 0.3566612416776966 0
1590440461476 0.3567501267955716 0
1590441041770 0.3563453644199657 0
1590441621838 0.35612824423167605 0
1590442201944 0.3565046523620649 0
1590442781624 0.35655359133505443 0
1590443361776 0.35641305534809525 0
1590443941288 0.356466960676681 0
1590444521639 0.35645409880941786 0
1590445101275 0.35641863669461465 0
1590445681322 0.35615704035017054 0
1590446260862 0.35655807240545223 0
1590446840924 0.3566139754537587 0
1590447420577 0.35649709545296143 0
