1590418403167 0.33925297072561317 0
1590418983882 0.3609283670377202 0
1590419564629 0.3517786265281511 0
1590420146104 0.31062501147932414 0
1590420726474 0.3716748465248789 0
1590421308030 0.3516444702500444 0
1590421888649 0.36952642953627873 0
1590422470178 0.3627867466428985 0
1590423050677 0.36292884602052294 0
1590423630960 0.3589413601093182 0
1590424211211 0.3766183028653559 0
1590424791569 0.37458329613043734 0
1590425371546 0.37645291916277396 0
1590425951933 0.37711863494844944 0
1590426532018 0.37661930810824257 0
1590427112668 0.3773869495146333 0
1590427692579 0.37575734296697944 0
1590428273122 0.37644840049718786 0
1590428853455 0.3760995480857718 0
1590429434119 0.3775831191050409 0
1590430014390 0.3770361758450413 0
1590430594968 0.37655208098145987 0
1590431175265 0.37773163519693614 0
1590431755858 0.3769557984673272 0
1590432335869 0.37716802544354755 0
1590432916779 0.37653962506585203 0
1590433496930 0.3769360947483278 0
1590434077428 0.3765462966964085 0
1590434657745 0.3763435588673012 0
1590435238298 0.37652592544499364 0
1590435818697 0.37666968896863023 0
1590436399242 0.3764856486598088 0
1590436979473 0.3768392481664449 0
1590437560228 0.3766148763000397 0
1590438140561 0.3765870269542965 0
1590438721368 0.3766121364823918 0
1590439301282 0.37665541999927943 0
1590439881692 0.37667375353771576 0
1590440461475 0.376924047999723 0
1590441041769 0.3763504469472737 0
1590441621838 0.3761993957097863 0
1590442201943 0.3764934324567608 0
1590442781623 0.376553675368482 0
1590443361775 0.3763427063367805 0
1590443941287 0.37646878078197576 0
1590444521638 0.376458503079217 0
1590445101274 0.37649623132216353 0
1590445681321 0.3764247840159612 0
1590446260862 0.3765814474723711 0
1590446840924 0.3765957898768652 0
1590447420576 0.3764573866186797 0
