1590418403161 0.26757174403550077 0
1590418983877 0.3228013732731987 0
1590419564624 0.29638469073296075 0
1590420146099 0.2530129158803627 0
1590420726467 0.3404063152898316 0
1590421308026 0.3069677174516208 0
1590421888645 0.3496177687026375 0
1590422470173 0.33146002751834774 0
1590423050672 0.33686838341727715 0
1590423630954 0.3478156677980174 0
1590424211206 0.3661950479393168 0
1590424791563 0.36545288860431346 0
1590425371541 0.36864955992440723 0
1590425951928 0.37039691094375776 0
1590426532012 0.37045210970933656 0
1590427112661 0.37169339648569244 0
1590427692574 0.3715872010180168 0
1590428273117 0.371098011381782 0
1590428853450 0.3710527818091811 0
1590429434112 0.3732124490851502 0
1590430014385 0.3728440275123091 0
1590430594962 0.3722944192937178 0
1590431175259 0.3734434884021064 0
1590431755853 0.37310771885875854 0
1590432335864 0.37330289751879725 0
1590432916774 0.3727895694547334 0
1590433496920 0.37334235167154833 0
1590434077422 0.37268306344141783 0
1590434657740 0.3730361408240987 0
1590435238292 0.37324547176914347 0
1590435818691 0.37330347276796083 0
1590436399236 0.3731187959825886 0
1590436979467 0.37356869528286213 0
1590437560222 0.37323186489139126 0
1590438140556 0.3731728887353931 0
1590438721362 0.373466788157447 0
1590439301276 0.37337097454549356 0
1590439881686 0.3736425937025048 0
1590440461470 0.3734857872300125 0
1590441041764 0.3731270668041321 0
1590441621830 0.3729682187678644 0
1590442201938 0.3733249311521791 0
1590442781617 0.3733275733362873 0
1590443361769 0.37306032840113695 0
1590443941281 0.3732149906481785 0
1590444521631 0.37318127392719735 0
1590445101269 0.3732838742646044 0
1590445681316 0.3731448301067168 0
1590446260856 0.3732955160012214 0
1590446840918 0.3732907462081505 0
1590447420572 0.37315234294996447 0
