1590418403166 0.2158463719734008 0
1590418983881 0.2644880712241075 0
1590419564628 0.2381916982128273 0
1590420146104 0.1862813596948224 0
1590420726473 0.27769796450372114 0
1590421308030 0.24875022602431848 0
1590421888649 0.2739506594357522 0
1590422470178 0.25714758970032464 0
1590423050676 0.27342499006853954 0
1590423630959 0.27043838285522465 0
1590424211210 0.2871798515048422 0
1590424791568 0.28713532589928054 0
1590425371545 0.288081877735094 0
1590425951932 0.28854968625028854 0
1590426532017 0.28979174186346496 0
1590427112667 0.2883733197374627 0
1590427692579 0.289002784073427 0
1590428273121 0.28651019983088605 0
1590428853454 0.28600398268727456 0
1590429434118 0.2880849169725363 0
1590430014390 0.287475905066186 0
1590430594967 0.28723145610334616 0
1590431175264 0.2876152861108371 0
1590431755857 0.28771546793782066 0
1590432335869 0.287578526361484 0
1590432916778 0.2874278217303104 0
1590433496929 0.28731826602369775 0
1590434077428 0.28657515714005766 0
1590434657744 0.2871339307067606 0
1590435238297 0.287061206415255 0
1590435818696 0.2871677479111092 0
1590436399241 0.28702022955782863 0
1590436979472 0.2874170381801864 0
1590437560227 0.28706275935180475 0
1590438140560 0.28684750052610536 0
1590438721368 0.28712392156852856 0
1590439301281 0.2869863658305655 0
1590439881691 0.2873391536906514 0
1590440461474 0.2871510351767863 0
1590441041768 0.2868608374927862 0
1590441621837 0.2867776133731494 0
1590442201943 0.28706497354896404 0
1590442781622 0.2871311552665365 0
1590443361774 0.2869187304735343 0
1590443941286 0.287041192560497 0
1590444521637 0.2870496676868443 0
1590445101273 0.28700386776786585 0
1590445681320 0.286742860746336 0
1590446260861 0.28713786289895193 0
1590446840923 0.2871470448313271 0
1590447420576 0.28700201484737314 0
