1590418403172 0.15870297861273686 0
1590418983885 0.19890427202354066 0
1590419564632 0.16714123429855185 0
1590420146108 0.10017982096654775 0
1590420726479 0.19316273786214272 0
1590421308034 0.1757253429017444 0
1590421888653 0.16150544843669193 0
1590422470183 0.15213347233316352 0
1590423050681 0.19268847538270653 0
1590423630963 0.16001444805359696 0
1590424211215 0.1691164103150715 0
1590424791572 0.17127465114008725 0
1590425371549 0.16882210827658453 0
1590425951936 0.165627348034779 0
1590426532022 0.17038952205775362 0
1590427112673 0.16410590709836637 0
1590427692583 0.16666410122467107 0
1590428273127 0.16089983109642375 0
1590428853458 0.16003219753187287 0
1590429434124 0.16180487992779033 0
1590430014394 0.1610018001364039 0
1590430594973 0.1615222121425104 0
1590431175269 0.16097952297398527 0
1590431755861 0.16152344464116367 0
1590432335873 0.16128030340631203 0
1590432916783 0.16161873138458113 0
1590433496935 0.16047681774772143 0
1590434077433 0.15961941356428253 0
1590434657748 0.16032895387085852 0
1590435238303 0.15986074103631062 0
1590435818701 0.16016744734807098 0
1590436399246 0.16005818668918412 0
1590436979479 0.16041496692494492 0
1590437560232 0.1600841487897505 0
1590438140566 0.15977837585887408 0
1590438721372 0.1600097928469706 0
1590439301285 0.16004074878496755 0
1590439881695 0.16024520379973461 0
1590440461479 0.16020293384837442 0
1590441041773 0.15978535725507065 0
1590441621841 0.1598249393926754 0
1590442201948 0.15992864422246006 0
1590442781628 0.1601459114162495 0
1590443361780 0.15997662902434648 0
1590443941291 0.1599716274961069 0
1590444521643 0.16004195689604428 0
1590445101278 0.15988933043308307 0
1590445681325 0.15969432789349258 0
1590446260866 0.1601086569298546 0
1590446840928 0.15992167237979368 0
1590447420580 0.1598780084645236 0
