1590418294238 0.24057599796345952 0
1590418879905 0.20598721592383978 0
1590419460431 0.1929023908616523 0
1590420041371 0.18296663577740008 0
1590420622498 0.1748173066453468 0
1590421203624 0.1644483548561497 0
1590421784847 0.15559883543549205 0
1590422366027 0.14617572213418384 0
1590422946740 0.1371737332827241 0
1590423527422 0.12775809533849974 0
1590424107490 0.10133311183318584 0
1590424688051 0.09209532171664153 0
1590425267902 0.08690258817603955 0
1590425848373 0.08185290441622395 0
1590426428400 0.07755306451278325 0
1590427008892 0.07334136409607865 0
1590427588975 0.06940704838719947 0
1590428169406 0.06562816877656523 0
1590428749734 0.06251704201278602 0
1590429330366 0.059489155022879325 0
1590429910621 0.05492640639374242 0
1590430491343 0.05413256296281808 0
1590431071499 0.05345826006918793 0
1590431652299 0.053028269968486044 0
1590432232200 0.05262920744276258 0
1590432812983 0.05242415876320657 0
1590433393182 0.05202479057080118 0
1590433973774 0.05166505837052531 0
1590434553960 0.051263700873100546 0
1590435134603 0.05085932099144663 0
1590435714811 0.05043533169967536 0
1590436295547 0.05031388564332879 0
1590436875863 0.050272611730329736 0
1590437456437 0.05024126967271933 0
1590438036832 0.05023979850267694 0
1590438617479 0.050143355332844 0
1590439197640 0.05013351449908237 0
1590439778015 0.05022583175560779 0
1590440357918 0.05026108121841088 0
1590440938124 0.050130381810991366 0
1590441518254 0.05028593523659297 0
1590442098422 0.04999487050781412 0
1590442678023 0.049903265536713176 0
1590443258234 0.05033993914436836 0
1590443837766 0.049933989521270324 0
1590444418019 0.05021557357360625 0
1590444997758 0.04991055310830562 0
1590445577807 0.050141319533336094 0
1590446157451 0.04984264551061233 0
1590446737442 0.049970521685287095 0
1590447316995 0.049995315702047925 0
