1590418294244 0.7079126600991692 0
1590418879909 0.5922579246755006 0
1590419460433 0.5546180265432102 0
1590420041374 0.5210338804082801 0
1590420622501 0.49947184031917413 0
1590421203626 0.4692713001139528 0
1590421784849 0.4433549941715801 0
1590422366029 0.4183185669502585 0
1590422946744 0.39200412484089786 0
1590423527424 0.36694870065669005 0
1590424107492 0.3021920903686767 0
1590424688053 0.2766484263466365 0
1590425267904 0.26272319046876563 0
1590425848375 0.2503386312107536 0
1590426428403 0.24017911444444998 0
1590427008894 0.22858514088173618 0
1590427588977 0.21957857509163628 0
1590428169409 0.20953887520775924 0
1590428749736 0.20135510735736076 0
1590429330370 0.19324927979859574 0
1590429910624 0.1811329429982452 0
1590430491345 0.17931304150217933 0
1590431071501 0.17764031606013045 0
1590431652302 0.17601881521869261 0
1590432232204 0.17524038961163402 0
1590432812985 0.1743053757793445 0
1590433393184 0.17299355432654134 0
1590433973776 0.17194738700582415 0
1590434553964 0.1711467378334085 0
1590435134607 0.16990749804059715 0
1590435714814 0.16854501120938498 0
1590436295550 0.16846458263649258 0
1590436875865 0.16853865565911738 0
1590437456441 0.16786885017351924 0
1590438036835 0.16761829444776757 0
1590438617482 0.1678215517686489 0
1590439197642 0.16722724960507107 0
1590439778018 0.16760306858822543 0
1590440357920 0.16741634916219933 0
1590440938127 0.16759564806465246 0
1590441518258 0.16794665027779188 0
1590442098424 0.1675272785086607 0
1590442678025 0.1671804583195501 0
1590443258236 0.16762586263410187 0
1590443837768 0.16709864948019104 0
1590444418021 0.16766956035990974 0
1590444997762 0.16711920376919753 0
1590445577813 0.1675045074658319 0
1590446157454 0.16662451802550046 0
1590446737446 0.16726152113663445 0
1590447316997 0.16683813946451798 0
