1595749883093 0.33316317781877897 0
1595752035246 0.34678833232479234 0
1595754182973 0.34830758914317334 0
1595756326230 0.3467365587575503 0
1595758476013 0.3450987717320826 0
1595760607922 0.35546008162176346 0
1595762758539 0.35028497374612105 0
1595764915950 0.35093066865816386 0
1595767044617 0.34814280701157574 0
1595769202539 0.35435286419621814 0
1595771349501 0.34974655613735667 0
1595773511837 0.34316068701635744 0
1595775653809 0.3508328089463035 0
1595777813774 0.34892992220282776 0
1595779957551 0.3531891634438969 0
1595782120781 0.3487979992561026 0
1595784261623 0.3457266399812073 0
1595786080571 0.3441426059235342 0
1595787821909 0.3463542545413101 0
1595789570314 0.3452402899486748 0
1595791300584 0.34470386276677867 0
1595793040318 0.3451400984836302 0
1595794760656 0.3461403181280448 0
1595796499095 0.34484565379194826 0
1595798230798 0.34433816132632117 0
1595799965835 0.3455843744339739 0
1595801692513 0.34501590178323865 0
1595803425171 0.3454716460050853 0
1595805156403 0.3446759090081411 0
1595806884895 0.3440413638752893 0
1595808604586 0.34388960613802655 0
1595810334394 0.34626539055596167 0
1595812066463 0.3451804571521274 0
1595813794761 0.3447738158195803 0
1595815532807 0.3456980242255249 0
1595817276086 0.34497342330309544 0
1595819010219 0.34582065893535213 0
1595820752298 0.3451581549456716 0
1595822478242 0.34542531244156766 0
1595824330056 0.3445701572791013 0
1595826361603 0.34549895757804555 0
