1595749883089 0.3486889252691095 0
1595752035244 0.35822051487363765 0
1595754182969 0.358433415018594 0
1595756326215 0.35585671597592344 0
1595758476010 0.3548085723999431 0
1595760607919 0.3649280802569524 0
1595762758535 0.35783371388390206 0
1595764915947 0.36003485246995 0
1595767044613 0.3575621588664491 0
1595769202535 0.3625823058601937 0
1595771349497 0.3580133874348739 0
1595773511833 0.3531755667538915 0
1595775653805 0.3592053745312059 0
1595777813771 0.35725700075848 0
1595779957547 0.3612779560241496 0
1595782120777 0.3581037424689211 0
1595784261620 0.3545169392929593 0
1595786080567 0.3537534615910783 0
1595787821905 0.3553974458630794 0
1595789570311 0.3542107405228785 0
1595791300581 0.3539350235057692 0
1595793040315 0.35408749734510075 0
1595794760652 0.3548840790455878 0
1595796499093 0.35423477774253787 0
1595798230794 0.35324489842335866 0
1595799965832 0.3549532686614758 0
1595801692511 0.3541209784128694 0
1595803425169 0.35447567045072237 0
1595805156399 0.35396043416300477 0
1595806884893 0.3533607120027157 0
1595808604584 0.35328474219354367 0
1595810334391 0.35489796725933254 0
1595812066461 0.35446687142989264 0
1595813794755 0.3536912736554729 0
1595815532804 0.3548262165203341 0
1595817276083 0.3543072080714783 0
1595819010217 0.3547942512417769 0
1595820752294 0.35433932594319345 0
1595822478239 0.35441004639181767 0
1595824330052 0.3539766395226698 0
1595826361598 0.35422591298481143 0
