1595749883107 0.6425196883960641 0
1595752035254 0.6647006345894065 0
1595754182986 0.7289137789800499 0
1595756326252 0.716173892802833 0
1595758476036 0.7237083491814067 0
1595760607944 0.706212730551542 0
1595762758562 0.7067884322421405 0
1595764915963 0.7413623890232814 0
1595767044656 0.6987175969788273 0
1595769202557 0.7385978255720159 0
1595771349535 0.7424194491841818 0
1595773511857 0.7073067762217493 0
1595775653830 0.7415625093162028 0
1595777813803 0.7497029113732191 0
1595779957571 0.7489812990441066 0
1595782120797 0.749241847096917 0
1595784261638 0.7584698005176557 0
1595786080583 0.7365537967452368 0
1595787821922 0.7596764986514758 0
1595789570334 0.7479128322990701 0
1595791300617 0.7560451839772073 0
1595793040331 0.7532722332748387 0
1595794760696 0.7567065472242984 0
1595796499111 0.7596363123854142 0
1595798230818 0.749466716260501 0
1595799965853 0.7571486293623301 0
1595801692522 0.7536249589623099 0
1595803425179 0.7538384953705857 0
1595805156424 0.7542979431722975 0
1595806884903 0.7585373054202341 0
1595808604598 0.7509872844338893 0
1595810334407 0.754877309142657 0
1595812066473 0.7522613804315732 0
1595813794774 0.7562341001655419 0
1595815532821 0.7520659566629674 0
1595817276100 0.7571946697539673 0
1595819010226 0.7574132913835974 0
1595820752319 0.7510327542273308 0
1595822478252 0.7589467881454297 0
1595824330078 0.7561578703291122 0
1595826361630 0.7504463854361977 0
