1595749883081 0.3562271447030416 0
1595752035236 0.3630893215820508 0
1595754182964 0.3624574523843114 0
1595756326210 0.35968821825814234 0
1595758476004 0.35894125294701495 0
1595760607913 0.36890207115662227 0
1595762758530 0.36153068124717896 0
1595764915941 0.36324254081141544 0
1595767044607 0.361765845031245 0
1595769202530 0.3661458066505795 0
1595771349492 0.3617975821748798 0
1595773511827 0.3571328671233419 0
1595775653800 0.3628261069725409 0
1595777813766 0.3605711832430977 0
1595779957542 0.36443970568552636 0
1595782120772 0.36218400836296594 0
1595784261612 0.3583036708555564 0
1595786080561 0.3581582842785995 0
1595787821900 0.35912544456629486 0
1595789570306 0.35798886369853483 0
1595791300576 0.3581303024429909 0
1595793040309 0.35805643086259337 0
1595794760647 0.3588950486233497 0
1595796499089 0.3585419741964224 0
1595798230789 0.35754991307127293 0
1595799965827 0.3587526339351364 0
1595801692503 0.35794011269166626 0
1595803425166 0.35852252087702924 0
1595805156394 0.3582013841502513 0
1595806884890 0.3576119050943268 0
1595808604580 0.35762032304563013 0
1595810334385 0.35902190787594324 0
1595812066457 0.35853324354469823 0
1595813794749 0.3578302884294654 0
1595815532799 0.358768615506144 0
1595817276079 0.3583835599150887 0
1595819010213 0.35861663016491313 0
1595820752289 0.35847588469148456 0
1595822478234 0.35852595291470074 0
1595824330046 0.3579342380216922 0
1595826361590 0.3582784104288697 0
