1595749883101 0.6912263282589102 0
1595752035250 0.7013707492688219 0
1595754182980 0.7667611920541924 0
1595756326238 0.7488790752784603 0
1595758476024 0.7580710439863882 0
1595760607931 0.7419201466735804 0
1595762758546 0.7422721007036136 0
1595764915958 0.7760673093473872 0
1595767044646 0.7291929329260108 0
1595769202546 0.7740556761393789 0
1595771349515 0.77994552321605 0
1595773511846 0.7412002190970729 0
1595775653818 0.7762817699761689 0
1595777813792 0.7854174911930404 0
1595779957560 0.7835727469494287 0
1595782120792 0.7908797797287045 0
1595784261631 0.7977070261591538 0
1595786080578 0.7732870679388855 0
1595787821917 0.7977019990947192 0
1595789570323 0.7857264916464577 0
1595791300594 0.7927753744638575 0
1595793040326 0.7883946055873602 0
1595794760671 0.7927351299706956 0
1595796499104 0.7975463533192764 0
1595798230808 0.7867793329104752 0
1595799965843 0.7977058703199871 0
1595801692518 0.7905994625323854 0
1595803425176 0.7909901659789715 0
1595805156413 0.7912966392154305 0
1595806884900 0.7978423424911177 0
1595808604592 0.7877592350585944 0
1595810334401 0.7924954812611402 0
1595812066469 0.7893840399248444 0
1595813794768 0.79289511095309 0
1595815532816 0.7879068534109364 0
1595817276094 0.7955040370305598 0
1595819010223 0.7944381520212908 0
1595820752307 0.7886760181902871 0
1595822478248 0.7973151084143603 0
1595824330067 0.7955703929699728 0
1595826361610 0.78556638411973 0
