1595749500556 1.0771939890794704 0
1595751651548 0.541355454917304 0
1595753784967 0.5220606645846738 0
1595755905523 0.5100594405954727 0
1595758041193 0.4989166385690931 0
1595760170796 0.49349906539104 0
1595762303170 0.485965031255078 0
1595764453742 0.4820841232699938 0
1595766583426 0.47562508389983377 0
1595768724817 0.45974966888077795 0
1595770870363 0.45395425282380064 0
1595773022029 0.4452056360297772 0
1595775174023 0.44032454567984175 0
1595777334636 0.4380410149682443 0
1595779475835 0.4339835071139551 0
1595781630327 0.4324159745908473 0
1595783771371 0.4253901328596033 0
1595785716830 0.424590528011322 0
1595787454459 0.42242918635757876 0
1595789208575 0.42133844639965123 0
1595790942051 0.41896334370036226 0
1595792686150 0.4193359406304589 0
1595794419656 0.41899124716855224 0
1595796161328 0.41447496568829684 0
1595797887402 0.4169688798525848 0
1595799612792 0.4161209707086929 0
1595801336687 0.41565393372055687 0
1595803063214 0.4159679052850067 0
1595804788430 0.41615295983447775 0
1595806512573 0.41623884457142113 0
1595808236369 0.41674163157715455 0
1595809969776 0.41515272733147185 0
1595811698999 0.4173268505473593 0
1595813432674 0.41609362195252136 0
1595815167349 0.4159380006206928 0
1595816900426 0.4157978638376988 0
1595818638800 0.41689269682095614 0
1595820382800 0.41670044577280796 0
1595822114355 0.41781615456490273 0
1595823900163 0.4136008663231395 0
1595825953798 0.41556396126040185 0
