1593141377421 0.19080655813100783 0
1593142255947 0.19850006256830413 0
1593143129752 0.19823093391428104 0
1593144010474 0.19268490096395105 0
1593144889040 0.19812140558207703 0
1593145771840 0.19203155339360994 0
1593146663072 0.1995861137043879 0
1593147588097 0.18978865810404785 0
1593148501009 0.19264827237324164 0
1593149417713 0.19675757569746477 0
1593150322906 0.20085134609147254 0
1593151235684 0.21250874116650034 0
1593152149387 0.2260702670695126 0
1593153064825 0.22166785159787403 0
1593153975534 0.23343731368791606 0
1593154880688 0.21037549453452126 0
1593155788408 0.20376776690530643 0
1593156700072 0.22455692591624507 0
1593157609712 0.2405891371017672 0
1593158524651 0.2733008501201406 0
1593159434667 0.2755359744956134 0
1593160344669 0.2625464100528257 0
1593161253968 0.2705024512353582 0
1593162165258 0.2581923665416965 0
1593163079995 0.3021477152312537 0
1593163996437 0.2652950052263819 0
1593164901784 0.2752811469151926 0
1593165804788 0.2756587079873804 0
1593166717390 0.27705361551292423 0
1593167638687 0.3183419257972251 0
1593168550452 0.27139637102904973 0
1593169464433 0.286312019573407 0
1593170377429 0.2569721167546704 0
1593171289883 0.2776034478378776 0
1593172206597 0.29484759196991767 0
1593173120737 0.3250156112967221 0
1593174033559 0.2418453581686536 0
1593174942436 0.26614653330779764 0
1593175843064 0.3100804417967862 0
1593176756651 0.28853145880593817 0
1593177664762 0.31193205271998375 0
1593178580723 0.3194751098121536 0
1593179486075 0.2898011673824601 0
1593180398735 0.2869418210561583 0
1593181304403 0.290429442044606 0
1593182216993 0.33524612500022394 0
1593183124090 0.306478390562065 0
1593184032843 0.3100830487848234 0
1593184706114 0.2756713968168943 0
1593185368444 0.2833531543629428 0
1593186027094 0.3055099394989212 0
