1593141377429 0.5564437082635351 0
1593142255955 0.5994269697728466 0
1593143129762 0.6268165328975397 0
1593144010479 0.6349097995863582 0
1593144889045 0.6618934088517697 0
1593145771845 0.619668651898334 0
1593146663076 0.6401161103110448 0
1593147588101 0.5877002314144157 0
1593148501014 0.6172945319238025 0
1593149417716 0.6116151177539012 0
1593150322916 0.6460714670817947 0
1593151235688 0.6596677028951515 0
1593152149395 0.6754844108015202 0
1593153064828 0.6731607808223062 0
1593153975539 0.6788996926044386 0
1593154880692 0.6627341078736316 0
1593155788412 0.6520051919369916 0
1593156700076 0.6980824370391561 0
1593157609716 0.6770200203153147 0
1593158524655 0.7292954977585969 0
1593159434671 0.7069180986247977 0
1593160344673 0.7074349501291437 0
1593161253972 0.7267054582517437 0
1593162165276 0.708096923415599 0
1593163080000 0.7220621464760898 0
1593163996442 0.7240619819443793 0
1593164901788 0.7269691293554968 0
1593165804790 0.7231202838256393 0
1593166717395 0.7270584818250305 0
1593167638692 0.7431022159805493 0
1593168550456 0.7194074950650357 0
1593169464439 0.7355302937792146 0
1593170377433 0.7059839914827928 0
1593171289888 0.7281432460461889 0
1593172206603 0.7359710921604762 0
1593173120742 0.7396561203150107 0
1593174033563 0.7043472575043715 0
1593174942440 0.7130819764424633 0
1593175843070 0.7407810125387013 0
1593176756655 0.7345952688024745 0
1593177664770 0.7434972960088483 0
1593178580728 0.7348346025398215 0
1593179486080 0.735123605463793 0
1593180398743 0.7393829422827758 0
1593181304407 0.7380252871800573 0
1593182216997 0.7537100342372622 0
1593183124095 0.7446306822759036 0
1593184032847 0.7373211572137945 0
1593184706118 0.7267885516868129 0
1593185368447 0.7299352810183354 0
1593186027097 0.7330687064194292 0
