1593141377411 0.20273438917950323 0
1593142255939 0.20904423718091486 0
1593143129747 0.20829117492958169 0
1593144010468 0.20305690755788766 0
1593144889036 0.20862844016186316 0
1593145771836 0.20397219417083737 0
1593146663069 0.21247962471010537 0
1593147588090 0.20292279054895113 0
1593148501005 0.20423614860717643 0
1593149417710 0.20741492129972414 0
1593150322891 0.21253819956272502 0
1593151235680 0.22351783179791695 0
1593152149382 0.23952322996965042 0
1593153064822 0.23424109360727127 0
1593153975529 0.2470000944944241 0
1593154880684 0.22202454540559696 0
1593155788403 0.2147924294922465 0
1593156700067 0.23877059867836967 0
1593157609708 0.2529200610972547 0
1593158524647 0.2888012022806041 0
1593159434662 0.2932756535417554 0
1593160344664 0.2775723527661781 0
1593161253964 0.2877430213756475 0
1593162165243 0.27426154386671725 0
1593163079991 0.3227244096263695 0
1593163996433 0.28278470698426955 0
1593164901781 0.2925507361077655 0
1593165804784 0.29214734411489557 0
1593166717385 0.29433791722195496 0
1593167638683 0.33843590140124086 0
1593168550447 0.28904097354841 0
1593169464428 0.30307373394615295 0
1593170377424 0.2724380360017086 0
1593171289877 0.295824571566097 0
1593172206592 0.3149697835639791 0
1593173120729 0.3473938638908815 0
1593174033555 0.2555756224656691 0
1593174942432 0.2836876842023052 0
1593175843059 0.33065576757960735 0
1593176756647 0.3071100224917837 0
1593177664754 0.3336884148387019 0
1593178580720 0.34017722918411536 0
1593179486071 0.30852524771407946 0
1593180398727 0.3056505263176663 0
1593181304398 0.3092102645148881 0
1593182216988 0.35805711636521864 0
1593183124085 0.3278414568178559 0
1593184032839 0.32998625589329933 0
1593184706111 0.29229392869177784 0
1593185368441 0.30069645881590684 0
1593186027091 0.3248039368678282 0
