1593141377427 0.5715424311426454 0
1593142255953 0.6117106598239777 0
1593143129760 0.6407096133258973 0
1593144010477 0.650217879373403 0
1593144889043 0.6771205013984142 0
1593145771843 0.6297004820859495 0
1593146663075 0.656883318379531 0
1593147588100 0.6021479122532796 0
1593148501013 0.6292734555573192 0
1593149417716 0.6234414715571444 0
1593150322914 0.6621916647918124 0
1593151235687 0.669929453997687 0
1593152149392 0.6882586551360492 0
1593153064827 0.6852613918306512 0
1593153975538 0.6960960283943766 0
1593154880691 0.6748284196460438 0
1593155788411 0.665127967018142 0
1593156700075 0.7124204087224442 0
1593157609715 0.687697032822552 0
1593158524654 0.7405861119864974 0
1593159434670 0.7178515019489715 0
1593160344672 0.721430905535965 0
1593161253971 0.7395540996119421 0
1593162165271 0.7210417626906778 0
1593163079999 0.7344065101023581 0
1593163996441 0.7386278191952819 0
1593164901787 0.7412756063952025 0
1593165804790 0.7383598061725302 0
1593166717394 0.7406395529599661 0
1593167638691 0.7579677953351116 0
1593168550455 0.7323650880183177 0
1593169464436 0.7477890687322818 0
1593170377432 0.7189396693037831 0
1593171289887 0.7439268312907926 0
1593172206601 0.7485432735198392 0
1593173120741 0.7535297239612484 0
1593174033562 0.7172924000070006 0
1593174942439 0.7290839628556739 0
1593175843068 0.7543806429423577 0
1593176756654 0.7468613964884995 0
1593177664768 0.7565266807041363 0
1593178580727 0.7475059655067569 0
1593179486079 0.7496783052565104 0
1593180398741 0.7519403958849554 0
1593181304406 0.7512902461790483 0
1593182216996 0.7652541584348406 0
1593183124093 0.7575307504196468 0
1593184032846 0.7516852385129908 0
1593184706117 0.7373774600224001 0
1593185368446 0.7441615080404518 0
1593186027096 0.7472905597165211 0
