1593141377412 0.20167029310852616 0
1593142255941 0.20777980948312075 0
1593143129748 0.20722674657307352 0
1593144010470 0.2019957901584801 0
1593144889037 0.2077287125870399 0
1593145771837 0.20292331160091948 0
1593146663070 0.21120515134690304 0
1593147588091 0.2016266144872961 0
1593148501006 0.20341736945543454 0
1593149417711 0.20670340897202072 0
1593150322892 0.21186787225193293 0
1593151235681 0.2228038577529547 0
1593152149383 0.23824069504617562 0
1593153064823 0.23357951333328864 0
1593153975530 0.24521836876461178 0
1593154880685 0.2213754286394037 0
1593155788404 0.21390786619001553 0
1593156700068 0.23759605714755483 0
1593157609709 0.25202886318097406 0
1593158524648 0.28727099339699924 0
1593159434663 0.2916312929837538 0
1593160344665 0.27613860715111566 0
1593161253965 0.28635398764138226 0
1593162165246 0.27283399198462704 0
1593163079992 0.32085144487786676 0
1593163996434 0.2807728370104084 0
1593164901782 0.29105848127055645 0
1593165804785 0.290533920013432 0
1593166717386 0.2929075797999752 0
1593167638684 0.3361088675651488 0
1593168550448 0.2880017814400507 0
1593169464429 0.30193721253560823 0
1593170377426 0.27095101880957567 0
1593171289879 0.2943793033986098 0
1593172206594 0.3124052921108436 0
1593173120730 0.34503536723445555 0
1593174033556 0.25428308333627386 0
1593174942433 0.2819659680216187 0
1593175843060 0.3286786729970238 0
1593176756648 0.30552375342759275 0
1593177664756 0.331888394789607 0
1593178580721 0.33793552665733456 0
1593179486072 0.3067608788324896 0
1593180398729 0.30407223729514 0
1593181304399 0.3073915144090623 0
1593182216990 0.3558120706147804 0
1593183124087 0.3260045380142178 0
1593184032840 0.3278849812886705 0
1593184706111 0.2910982030547389 0
1593185368442 0.2990044125737725 0
1593186027091 0.3229347063739162 0
