1593141377435 0.44658455220356996 0
1593142255966 0.48725728149236475 0
1593143129770 0.5199597951184093 0
1593144010483 0.5146780045951833 0
1593144889049 0.5494752135550675 0
1593145771849 0.5046751013892126 0
1593146663079 0.5186164405976985 0
1593147588107 0.4884168357093655 0
1593148501019 0.5083798335718585 0
1593149417719 0.5111856385766239 0
1593150322925 0.531351717827172 0
1593151235701 0.5625970116036145 0
1593152149403 0.5661045956220484 0
1593153064832 0.5717588176693267 0
1593153975544 0.5747549409274474 0
1593154880700 0.5591277157312009 0
1593155788417 0.5542131765533648 0
1593156700080 0.5904257956659519 0
1593157609720 0.5747352593618342 0
1593158524660 0.6175277314161759 0
1593159434675 0.6034256967602772 0
1593160344677 0.5967815663221584 0
1593161253975 0.6187352177565794 0
1593162165292 0.6009592729734969 0
1593163080004 0.6128645883827076 0
1593163996446 0.6115740476711629 0
1593164901791 0.6180089904344501 0
1593165804793 0.6144606367317417 0
1593166717399 0.6182878231944966 0
1593167638698 0.6334666129915717 0
1593168550465 0.6118591562968994 0
1593169464445 0.626002946011351 0
1593170377438 0.602084908757423 0
1593171289895 0.6196522314346777 0
1593172206609 0.6236867557077028 0
1593173120749 0.6313318612507419 0
1593174033570 0.5924898300228054 0
1593174942446 0.6057816354316661 0
1593175843075 0.6320380482883105 0
1593176756666 0.632635488571228 0
1593177664778 0.6340273205702787 0
1593178580734 0.6277044096772433 0
1593179486087 0.6291685294926674 0
1593180398751 0.6342512259301009 0
1593181304414 0.6339915608664269 0
1593182217002 0.6428142124270976 0
1593183124106 0.6350949733303892 0
1593184032852 0.6334976392762308 0
1593184706121 0.6206181945598752 0
1593185368450 0.6219492035259959 0
1593186027100 0.6288647970141166 0
