1593141377425 0.19569548764758313 0
1593142255951 0.20260839850447496 0
1593143129759 0.2020273114932473 0
1593144010476 0.19670367344490494 0
1593144889042 0.201782648128347 0
1593145771842 0.19681545621760496 0
1593146663074 0.204691033730428 0
1593147588099 0.19537506758894752 0
1593148501012 0.19737323895172798 0
1593149417715 0.20120265180122876 0
1593150322911 0.20570350292903772 0
1593151235686 0.21718026636825757 0
1593152149390 0.231390912215545 0
1593153064826 0.22683609027186993 0
1593153975537 0.23863686007698257 0
1593154880690 0.2152756997459541 0
1593155788410 0.2081579823500832 0
1593156700074 0.23058620431636734 0
1593157609714 0.24500770682528675 0
1593158524653 0.2788045536224873 0
1593159434669 0.28264701122636876 0
1593160344671 0.26817160518402444 0
1593161253970 0.2773039828305719 0
1593162165266 0.26464986421431785 0
1593163079997 0.31051043979368437 0
1593163996440 0.272075150373327 0
1593164901786 0.28212128322374025 0
1593165804789 0.28194484976061623 0
1593166717393 0.28416465191848866 0
1593167638690 0.326190483404632 0
1593168550454 0.27909472913679073 0
1593169464435 0.29295897088292155 0
1593170377431 0.2629038375853871 0
1593171289885 0.2854737498600686 0
1593172206600 0.3029991018934019 0
1593173120739 0.33390928107582374 0
1593174033561 0.2475084159064428 0
1593174942438 0.27325165759111475 0
1593175843067 0.3180922074732636 0
1593176756653 0.296132414624316 0
1593177664766 0.32080814533124286 0
1593178580726 0.3275855635376137 0
1593179486077 0.2976211646538814 0
1593180398739 0.29468566872670493 0
1593181304405 0.29802279472692067 0
1593182216995 0.34440690818413033 0
1593183124092 0.31575021398255243 0
1593184032845 0.31806563904447777 0
1593184706116 0.2825142921642297 0
1593185368445 0.29038244534495555 0
1593186027095 0.3131138759004803 0
