1593141377433 0.48515641757763867 0
1593142255963 0.5253216632738438 0
1593143129769 0.5581046322987648 0
1593144010482 0.5555956670067839 0
1593144889048 0.5905535060687811 0
1593145771849 0.5417836890849576 0
1593146663078 0.5626351944756606 0
1593147588106 0.5239208246490216 0
1593148501018 0.5447678746423891 0
1593149417718 0.544485305735443 0
1593150322924 0.570771351324031 0
1593151235698 0.6003450586987474 0
1593152149401 0.6082767165944784 0
1593153064831 0.610280180754517 0
1593153975543 0.6123545198182117 0
1593154880698 0.5964064025303476 0
1593155788415 0.5892748171641671 0
1593156700079 0.6309485964960387 0
1593157609719 0.6152423485314337 0
1593158524659 0.6651840869768374 0
1593159434674 0.6437424172461388 0
1593160344676 0.640307687257648 0
1593161253975 0.6617069628385299 0
1593162165288 0.6400789505762389 0
1593163080003 0.6534158274485454 0
1593163996445 0.6561898393515913 0
1593164901790 0.6601454104121656 0
1593165804792 0.6576845618612213 0
1593166717398 0.6582281048027497 0
1593167638696 0.6785813763136708 0
1593168550463 0.6541190434195747 0
1593169464443 0.6684519816879189 0
1593170377437 0.6433132656479481 0
1593171289894 0.6568647378381164 0
1593172206607 0.6646768706637934 0
1593173120747 0.6723944116685429 0
1593174033568 0.6359228845988439 0
1593174942445 0.6429394178996618 0
1593175843074 0.6717334540885131 0
1593176756659 0.6727124943129051 0
1593177664776 0.6757314981464921 0
1593178580731 0.6719284799421186 0
1593179486084 0.6688352792309128 0
1593180398749 0.6726279304663723 0
1593181304412 0.6713770578292133 0
1593182217001 0.6868645287524459 0
1593183124104 0.6713846937797608 0
1593184032851 0.6714429703865359 0
1593184706120 0.6638349314332057 0
1593185368449 0.6641681902985234 0
1593186027099 0.671138341419555 0
