1593141322746 0.18927085868111163 0
1593142211105 0.1803548212840476 0
1593143083174 0.17725957472893325 0
1593143964930 0.1751183560964736 0
1593144842472 0.17285656926193924 0
1593145727688 0.17206942775484288 0
1593146622720 0.17115375367134358 0
1593147544421 0.17066092193691115 0
1593148452940 0.17026293528915354 0
1593149370455 0.16948453943724884 0
1593150275632 0.1653622784369597 0
1593151187222 0.16474932763781963 0
1593152102340 0.16396228135140103 0
1593153017618 0.16328406664119524 0
1593153929003 0.16290003126204916 0
1593154832462 0.16182082651578117 0
1593155740754 0.16276083896501045 0
1593156652255 0.16219773898465614 0
1593157562593 0.16188212454488332 0
1593158478192 0.1603700993159278 0
1593159387884 0.15892793928188356 0
1593160296646 0.15941015908946143 0
1593161207119 0.15875035652777914 0
1593162118175 0.15915381641719828 0
1593163032528 0.1584055865691467 0
1593163948549 0.15901062811132183 0
1593164858808 0.1577528095804155 0
1593165766328 0.15771896703958962 0
1593166671860 0.1569329068262243 0
1593167590431 0.1574251288830331 0
1593168502945 0.1561530166249158 0
1593169417519 0.15698236602386742 0
1593170329398 0.1567179741422561 0
1593171241354 0.15543335687481996 0
1593172157703 0.1563138524070382 0
1593173074426 0.15587589058629941 0
1593173987119 0.15606126098921805 0
1593174895068 0.1555512360946247 0
1593175796972 0.1561738524134412 0
1593176708975 0.15505439119244163 0
1593177618127 0.15546694934142358 0
1593178533861 0.15510133684923252 0
1593179438754 0.15436207136195718 0
1593180350912 0.15448275287494515 0
1593181257298 0.15470658179203217 0
1593182170531 0.1550521829842844 0
1593183076611 0.15448308789707493 0
1593183989248 0.15489887108913425 0
1593184673409 0.155022003462143 0
1593185335693 0.15424988926811653 0
1593185994033 0.15468180982508895 0
