1593141322748 -3.0728039128818745 0
1593142211106 -3.6405849823389542 0
1593143083177 -3.8047698619493255 0
1593143964932 -3.8764855811005514 0
1593144842474 -3.937228492136593 0
1593145727690 -4.003749690032706 0
1593146622722 -4.036372151508024 0
1593147544423 -4.060050871773538 0
1593148452942 -4.117675466604079 0
1593149370457 -4.087185940931015 0
1593150275634 -4.194854499066643 0
1593151187224 -4.213670298471257 0
1593152102342 -4.2375697544493685 0
1593153017620 -4.223814083108057 0
1593153929005 -4.232450942932204 0
1593154832464 -4.248209316918457 0
1593155740756 -4.247900248187679 0
1593156652258 -4.250009621295965 0
1593157562595 -4.2922878988143625 0
1593158478194 -4.269721060807845 0
1593159387886 -4.313381692126506 0
1593160296648 -4.317570693000699 0
1593161207121 -4.3354684400908425 0
1593162118177 -4.323085107036274 0
1593163032530 -4.327546438061153 0
1593163948551 -4.316666223687317 0
1593164858810 -4.340190286367116 0
1593165766330 -4.321926717124315 0
1593166671863 -4.346213416344571 0
1593167590433 -4.350399370150019 0
1593168502947 -4.3686041394248605 0
1593169417521 -4.383255719037896 0
1593170329399 -4.353434529296602 0
1593171241356 -4.3469999635197 0
1593172157705 -4.369702783229789 0
1593173074428 -4.365490837601211 0
1593173987121 -4.364981216096291 0
1593174895070 -4.379733886746125 0
1593175796992 -4.358888958736013 0
1593176708977 -4.373628448744332 0
1593177618129 -4.391910801204204 0
1593178533863 -4.397289784822726 0
1593179438756 -4.388307951045025 0
1593180350914 -4.406542101705616 0
1593181257299 -4.400041149308284 0
1593182170533 -4.386030070279076 0
1593183076613 -4.3783008499198 0
1593183989250 -4.400429262243437 0
1593184673411 -4.39496656661063 0
1593185335695 -4.420749449552122 0
1593185994034 -4.405024500140413 0
