1595533686235 0.5663368129662597 0
1595535133769 0.5779250793994563 0
1595536581785 0.5936544088365159 0
1595538022029 0.5896758902270489 0
1595539486131 0.6280932916625012 0
1595540952189 0.6055219169448329 0
1595542409808 0.63073251689357 0
1595543872798 0.6358411665327866 0
1595545351220 0.6350634931500718 0
1595546814913 0.6536793400853868 0
1595548299672 0.6602578640040784 0
1595549764897 0.6608412383611476 0
1595551232021 0.6583046905920313 0
1595552702106 0.663614365452683 0
1595554178581 0.6755240877325002 0
1595555659673 0.6713106464273231 0
1595557134951 0.657821029790757 0
1595558608341 0.656558138484101 0
1595560088282 0.665494861791782 0
1595561573787 0.6549163941794606 0
1595563063612 0.6801373801416317 0
1595564528733 0.6825709133895226 0
1595566013014 0.684086132210031 0
1595567492141 0.6879019940963192 0
1595568942406 0.6696687383060487 0
