1595533686230 0.5885056840353651 0
1595535133767 0.5994885947565534 0
1595536581783 0.6146307069016408 0
1595538022025 0.611621470634489 0
1595539486128 0.6506767813451796 0
1595540952187 0.6268423137311554 0
1595542409805 0.6537229289501831 0
1595543872795 0.657778267925974 0
1595545351218 0.657983997400152 0
1595546814910 0.677269456776011 0
1595548299670 0.6824042006185316 0
1595549764894 0.6828004137671222 0
1595551232019 0.6802188980358159 0
1595552702101 0.6843147282057692 0
1595554178578 0.6975024212972383 0
1595555659671 0.6936154585438767 0
1595557134948 0.6796844728185382 0
1595558608339 0.6793909879926574 0
1595560088280 0.6871155037036207 0
1595561573783 0.6753225253155783 0
1595563063610 0.7037115065018771 0
1595564528728 0.7058394175838039 0
1595566013012 0.7064327126120921 0
1595567492107 0.7097779900353224 0
1595568942404 0.6909487528487117 0
