1595533686272 0.7574827485027985 0
1595535133778 0.7721402536546228 0
1595536581797 0.7832605076758569 0
1595538022044 0.7819420274242991 0
1595539486154 0.7891394643473099 0
1595540952196 0.792297271279122 0
1595542409836 0.7926144567914638 0
1595543872806 0.7996901191827471 0
1595545351286 0.7927977943059562 0
1595546814939 0.7921482092401732 0
1595548299698 0.7993526668766231 0
1595549764916 0.8022727403754152 0
1595551232033 0.8013505412129006 0
1595552702180 0.8067483621899083 0
1595554178598 0.8024109935838495 0
1595555659681 0.8047882435005477 0
1595557134974 0.8038699610554881 0
1595558608360 0.8013946819300731 0
1595560088297 0.8068613508741626 0
1595561573895 0.8130263145227388 0
1595563063638 0.8034200878950258 0
1595564528765 0.8080918808573303 0
1595566013025 0.8102320103755842 0
1595567492165 0.8084242871761738 0
1595568942413 0.8142340755567823 0
