1595533686279 0.7455600369194094 0
1595535133781 0.7598194565942695 0
1595536581801 0.7716303481643987 0
1595538022050 0.7689183870786584 0
1595539486159 0.7766510568487757 0
1595540952201 0.7793974904285635 0
1595542409888 0.7799880323295996 0
1595543872809 0.7865538642283242 0
1595545351322 0.7794187661119607 0
1595546814945 0.7801481786450158 0
1595548299703 0.786859795437318 0
1595549764925 0.7906907360550213 0
1595551232037 0.7894157788715762 0
1595552702185 0.7954241523428215 0
1595554178599 0.7910909209519716 0
1595555659683 0.7928606324486472 0
1595557134977 0.7922971854185361 0
1595558608363 0.7885208441496961 0
1595560088300 0.7950502955357709 0
1595561573897 0.8005861287497826 0
1595563063644 0.7906630889842962 0
1595564528773 0.7953739479763016 0
1595566013027 0.7979136721989031 0
1595567492168 0.7971006899780672 0
1595568942414 0.8022019203905131 0
