1595533686292 0.6992450267114594 0
1595535133785 0.713268207433613 0
1595536581808 0.7258106536473551 0
1595538022053 0.7211675188157455 0
1595539486168 0.7309004624347735 0
1595540952214 0.7309037858834679 0
1595542409890 0.7297369617898197 0
1595543872824 0.7404709507705012 0
1595545351326 0.7296396088909184 0
1595546814954 0.7318648391994896 0
1595548299712 0.7394729539007948 0
1595549764933 0.744144615583939 0
1595551232052 0.7423661361802724 0
1595552702194 0.7490257676511233 0
1595554178602 0.7447101131162234 0
1595555659688 0.745715118970882 0
1595557134984 0.7447460608470898 0
1595558608370 0.7413726558359093 0
1595560088306 0.7478597037683935 0
1595561573899 0.7544876998656237 0
1595563063652 0.7419328028056116 0
1595564528806 0.7491936174709903 0
1595566013034 0.7524935831951344 0
1595567492177 0.7493357777431797 0
1595568942417 0.7553861315053048 0
