1595533406955 0.2706698246921615 0
1595534850320 0.24366385985587274 0
1595536292208 0.23792961210283142 0
1595537729472 0.23515548812983747 0
1595539177578 0.23187127454678547 0
1595540629094 0.23048076098807876 0
1595542077419 0.2272838945112181 0
1595543524604 0.2278449901192765 0
1595544975807 0.22405545716193173 0
1595546424880 0.22345557620611986 0
1595547881208 0.2212227204003972 0
1595549331171 0.2181642757379546 0
1595550782224 0.218439155458961 0
1595552235340 0.21750738300093928 0
1595553700709 0.21653694269408086 0
1595555177071 0.21585205057674356 0
1595556656336 0.21484571521214274 0
1595558138808 0.21478477327736029 0
1595559611842 0.21275057976497883 0
1595561096807 0.21367326904854236 0
1595562579792 0.21179312161799801 0
1595564051980 0.21152465571484028 0
1595565538980 0.21027579653199108 0
1595567019783 0.20894176120432226 0
1595568503172 0.21071343600110118 0
