1595533406953 0.2871621617175251 0
1595534850319 0.26218917996651075 0
1595536292206 0.25681486743033966 0
1595537729470 0.25272954842898593 0
1595539177576 0.247871603850586 0
1595540629092 0.24562199973646617 0
1595542077418 0.24285339719741234 0
1595543524602 0.24223328135064767 0
1595544975805 0.23895386977445773 0
1595546424878 0.23937326790280425 0
1595547881206 0.2378738362689731 0
1595549331169 0.2331519831836371 0
1595550782222 0.23194072660732426 0
1595552235339 0.2318274663510547 0
1595553700707 0.22992485324205394 0
1595555177069 0.22977017520824608 0
1595556656335 0.23000262809331312 0
1595558138807 0.22827188292261394 0
1595559611840 0.2269626711514447 0
1595561096805 0.2281726293210448 0
1595562579790 0.22675232416977084 0
1595564051979 0.22586585242304302 0
1595565538979 0.22518670384508338 0
1595567019781 0.22336949177953844 0
1595568503170 0.2240792547777898 0
