1595533406960 2.729239110111218 0
1595534850325 2.630382603234331 0
1595536292212 2.610207704571864 0
1595537729476 2.595266226948255 0
1595539177582 2.5773540205444485 0
1595540629098 2.5743413770980488 0
1595542077425 2.5598224593306456 0
1595543524608 2.546212811232948 0
1595544975811 2.5394953073246187 0
1595546424884 2.536995638431835 0
1595547881218 2.533468790938747 0
1595549331176 2.5172255900465443 0
1595550782229 2.5169360175644973 0
1595552235344 2.515709605193324 0
1595553700713 2.506495759994696 0
1595555177075 2.5175146764885667 0
1595556656341 2.5085026175391256 0
1595558138813 2.511939529467199 0
1595559611847 2.501470019883214 0
1595561096811 2.511441519627737 0
1595562579797 2.4973940260321497 0
1595564051985 2.5032212326440018 0
1595565538986 2.5024601940840827 0
1595567019787 2.492204722183934 0
1595568503176 2.4973629595374214 0
