1593076332800 0.5536359145704236 0
1593077419140 0.5668735134655815 0
1593078492337 0.5992378984048965 0
1593079571695 0.5748280708210465 0
1593080647744 0.6190590670007244 0
1593081725329 0.6311674691677521 0
1593082794049 0.6497004188558183 0
1593083882365 0.5875707004653415 0
1593084956417 0.6788055759823722 0
1593086043727 0.6450176706625329 0
1593087124765 0.6291152176243355 0
1593088198722 0.6555965591745531 0
1593089276203 0.5724180900593324 0
1593090363170 0.6588598099721474 0
1593091441919 0.6473306873862735 0
1593092528744 0.6541317733524551 0
1593093606972 0.6628356511351794 0
1593094687211 0.6493032893252302 0
1593095771219 0.6630612691198831 0
1593096854685 0.6893537465938498 0
1593097928950 0.6759149700433369 0
1593099001590 0.6792527953362703 0
1593100077272 0.6558340335346076 0
1593101154691 0.6485086247953994 0
1593102239659 0.6513947421848323 0
1593103314927 0.6676868211660585 0
1593104388278 0.6874145828583974 0
1593105479172 0.6553411676436104 0
