1593076332797 0.5994753350310577 0
1593077419131 0.6212510617744802 0
1593078492316 0.6432637904930024 0
1593079571688 0.617198037545448 0
1593080647731 0.6695980862111044 0
1593081725321 0.6837026718997008 0
1593082794041 0.7002111156453801 0
1593083882359 0.6381901041202013 0
1593084956412 0.7278634596586554 0
1593086043673 0.7016993978151793 0
1593087124763 0.6766238081693283 0
1593088198712 0.7056000059430817 0
1593089276199 0.62451749973425 0
1593090363168 0.7116261005648568 0
1593091441914 0.6919058680615003 0
1593092528736 0.7142210790135024 0
1593093606966 0.7147596126976904 0
1593094687207 0.6970859785371224 0
1593095771217 0.7171174559988255 0
1593096854680 0.7450481327318704 0
1593097928944 0.7260170528223964 0
1593099001586 0.7319314224548455 0
1593100077258 0.7046416422453986 0
1593101154681 0.6956660779588927 0
1593102239653 0.7003981723617745 0
1593103314917 0.7200069122267254 0
1593104388259 0.7302877408825196 0
1593105479170 0.7093512042292001 0
