1593076332789 0.24060274862629097 0
1593077419094 0.2252303414880929 0
1593078492267 0.2608962789952872 0
1593079571648 0.20145676616598876 0
1593080647722 0.26094170152620966 0
1593081725303 0.2808242989602426 0
1593082794024 0.2813875527453962 0
1593083882349 0.21822488612124943 0
1593084956403 0.37253719752858155 0
1593086043665 0.3498008644619483 0
1593087124747 0.23954545451792286 0
1593088198684 0.3373770993192416 0
1593089276189 0.21329218677700285 0
1593090363160 0.34799339438007737 0
1593091441905 0.3258027173611916 0
1593092528716 0.3371352977503315 0
1593093606956 0.38321959825055973 0
1593094687197 0.3475769657602893 0
1593095771208 0.3488810531911631 0
1593096854672 0.38607856779160704 0
1593097928925 0.304445096024555 0
1593099001576 0.38584333313379743 0
1593100077249 0.34135175506576926 0
1593101154657 0.31744269689115073 0
1593102239631 0.2945682292140951 0
1593103314889 0.32204737758332475 0
1593104388226 0.36969430802454095 0
1593105479161 0.30976604992228085 0
