1593076332791 0.23509636072883577 0
1593077419098 0.22003023296848706 0
1593078492269 0.2552804144727848 0
1593079571651 0.19793952248272376 0
1593080647725 0.25375304707595864 0
1593081725305 0.2742093748210789 0
1593082794026 0.2758031062498191 0
1593083882352 0.21370004698546577 0
1593084956405 0.36278374944367325 0
1593086043667 0.3381268817702294 0
1593087124749 0.23461846919555313 0
1593088198688 0.327581773396841 0
1593089276192 0.20876530908322102 0
1593090363162 0.33983422054404 0
1593091441907 0.31694940928341014 0
1593092528718 0.3261923940352487 0
1593093606958 0.37017095871040345 0
1593094687199 0.33771492671221326 0
1593095771210 0.3388055796616208 0
1593096854674 0.3749844558597197 0
1593097928927 0.29730740688616286 0
1593099001579 0.3717014831137661 0
1593100077251 0.33087344462336804 0
1593101154659 0.30918700737053345 0
1593102239636 0.2884138407100437 0
1593103314892 0.3155903724174792 0
1593104388228 0.36104971359420146 0
1593105479163 0.3018204796267467 0
