1593076332796 0.6157894439689918 0
1593077419126 0.635068218368506 0
1593078492288 0.6593862822241434 0
1593079571684 0.6295972143512623 0
1593080647730 0.6873998125544668 0
1593081725315 0.6999720668855731 0
1593082794038 0.7169876333179876 0
1593083882357 0.6514917419719618 0
1593084956411 0.7455046285138888 0
1593086043672 0.7187263019600416 0
1593087124762 0.6910732107419696 0
1593088198708 0.7209893218322028 0
1593089276197 0.6420136457822168 0
1593090363167 0.7247373950197408 0
1593091441913 0.7070801971019571 0
1593092528732 0.7341027736206872 0
1593093606964 0.7339079027298325 0
1593094687206 0.7149722578558253 0
1593095771216 0.7309959646227799 0
1593096854679 0.7597669123754612 0
1593097928941 0.738867913227262 0
1593099001584 0.7492191354977191 0
1593100077256 0.7218360281317887 0
1593101154676 0.7101183083446154 0
1593102239650 0.7135900125039939 0
1593103314911 0.7322680503820351 0
1593104388252 0.7427929497690641 0
1593105479168 0.7233458023602211 0
