1593076232903 0.21780269832886529 0
1593077342404 0.20062828790678672 0
1593078416634 0.19521162128358177 0
1593079495713 0.19323396009647034 0
1593080574311 0.19077482998766232 0
1593081649729 0.18922530759521056 0
1593082719666 0.1888409059664065 0
1593083806379 0.18796393450236681 0
1593084886975 0.1862221767166347 0
1593085967570 0.18675435337266236 0
1593087051334 0.1857393695126203 0
1593088126471 0.1846586638553576 0
1593089203762 0.18339693549117356 0
1593090291009 0.18199306104162877 0
1593091366727 0.18163830819398616 0
1593092454680 0.1803612718640855 0
1593093533729 0.17945691106389416 0
1593094613995 0.1776006899096749 0
1593095698048 0.17912308847757452 0
1593096781056 0.17667841308778434 0
1593097857603 0.17628959089404705 0
1593098928899 0.1757552858413846 0
1593100004755 0.17477097812419137 0
1593101082526 0.17406259961144038 0
1593102166592 0.17302237253523234 0
1593103244058 0.17373675694971374 0
1593104316490 0.1712646929716522 0
1593105404868 0.17077694281540584 0
