1591421289603 0.6771349802928683 0
1591421706493 0.695189669537711 0
1591422123158 0.7417227542937421 0
1591422540808 0.7111514354142193 0
1591422957497 0.7244772630611356 0
1591423374518 0.7283187324543101 0
1591423791315 0.760676216278495 0
1591424208805 0.7591260688283618 0
1591424626227 0.7704054767989557 0
1591425044421 0.7596655945031163 0
1591425464411 0.7656776966155684 0
1591425882665 0.7762824838984841 0
1591426300035 0.7694351420226455 0
1591426718416 0.7726371483839556 0
1591427136201 0.7711352592020569 0
1591427554645 0.7648435454073915 0
1591427972679 0.7787607951716645 0
1591428391327 0.7835713248617021 0
1591428810236 0.7790913130881796 0
1591429229651 0.7800281673728383 0
1591429648588 0.7826944546189846 0
1591430067255 0.7795506619588278 0
1591430486304 0.7821467573672549 0
1591430904674 0.7834294324026099 0
1591431322871 0.7804009087542074 0
1591431741543 0.7808111233825477 0
1591432158842 0.782835185076861 0
1591432577558 0.7816881597618504 0
1591432995524 0.7820900369437386 0
1591433414105 0.7812692814633937 0
1591433832416 0.7817253675833433 0
1591434250829 0.782180644161018 0
1591434668806 0.7823367170626322 0
1591435087454 0.7817480082868453 0
1591435505591 0.7819493180414191 0
1591435924854 0.7825506061476932 0
1591436343919 0.7821696470623054 0
1591436763516 0.7820067241259873 0
1591437182758 0.7816135427803014 0
1591437602459 0.7818596296436086 0
1591438020916 0.7820546317834418 0
1591438440949 0.781544440390437 0
1591438861199 0.7821831520426037 0
1591439279963 0.7814681760883715 0
1591439697918 0.7820217031942004 0
1591440117435 0.7818228280173949 0
1591440536335 0.7818698656257839 0
1591440955951 0.7822449438478719 0
1591441375150 0.782172294598487 0
