1591421289573 0.48360432824988975 0
1591421706467 0.5702787406890122 0
1591422123128 0.6073257546400294 0
1591422540779 0.6076890976155893 0
1591422957465 0.5950233573552113 0
1591423374496 0.6147658274307498 0
1591423791292 0.6858406871726044 0
1591424208781 0.6466032242139359 0
1591424626205 0.697288824958507 0
1591425044398 0.6623567296071273 0
1591425464385 0.6691395213052875 0
1591425882643 0.7094153323615997 0
1591426300012 0.7070265502610702 0
1591426718393 0.7047596763417893 0
1591427136174 0.6869986039169131 0
1591427554621 0.6858256151314435 0
1591427972657 0.7160018282050782 0
1591428391304 0.7193670881539873 0
1591428810208 0.7261204806706238 0
1591429229620 0.725543620701794 0
1591429648563 0.7248013601123531 0
1591430067232 0.7176036323502117 0
1591430486281 0.7202943507518594 0
1591430904650 0.7202945035262346 0
1591431322840 0.7183417831321157 0
1591431741519 0.7156271557859436 0
1591432158819 0.7218467101867274 0
1591432577528 0.7196363970700448 0
1591432995501 0.7211461313502462 0
1591433414083 0.7188031503915949 0
1591433832394 0.7181999452368334 0
1591434250806 0.7184723047391096 0
1591434668783 0.7187791598839232 0
1591435087424 0.7187334612951541 0
1591435505567 0.7182452558120187 0
1591435924831 0.7188272787057352 0
1591436343895 0.7184746475934526 0
1591436763491 0.7182159022020261 0
1591437182736 0.7184555197777893 0
1591437602437 0.7180474573092618 0
1591438020893 0.7185052114419708 0
1591438440924 0.7180254481686272 0
1591438861175 0.7188066949992001 0
1591439279940 0.7180710552115048 0
1591439697896 0.7187471280382933 0
1591440117408 0.7186149448391151 0
1591440536312 0.7185146232439875 0
1591440955922 0.7190098060384457 0
1591441375128 0.7190005501595412 0
