1591421289588 0.7417983427002944 0
1591421706484 0.7532446393366447 0
1591422123149 0.7949944701539526 0
1591422540799 0.7644505091686298 0
1591422957486 0.7739018011806971 0
1591423374510 0.7949840696485344 0
1591423791307 0.8289090343688496 0
1591424208796 0.8203416360113449 0
1591424626219 0.8287559037652834 0
1591425044413 0.8187889123098823 0
1591425464401 0.8206773240739365 0
1591425882657 0.8371756187263358 0
1591426300027 0.8308886951226455 0
1591426718408 0.8351013719824587 0
1591427136192 0.8243603310280246 0
1591427554635 0.8264907664702332 0
1591427972671 0.8370278822102344 0
1591428391318 0.8406209300061999 0
1591428810223 0.8391816693931935 0
1591429229638 0.8400948380387526 0
1591429648579 0.8392169936048207 0
1591430067247 0.8367501421745523 0
1591430486296 0.8385533844985991 0
1591430904665 0.8392407269316062 0
1591431322862 0.8375961499410689 0
1591431741534 0.8383682429294632 0
1591432158834 0.8396647258821721 0
1591432577547 0.8391894554736276 0
1591432995516 0.840189191093014 0
1591433414097 0.8395006686208811 0
1591433832408 0.8397371827089842 0
1591434250820 0.8396971835270626 0
1591434668797 0.8392274367380335 0
1591435087446 0.8389386536007383 0
1591435505582 0.8390371020765567 0
1591435924845 0.8392874859291284 0
1591436343910 0.8390273382033265 0
1591436763507 0.8393209648768823 0
1591437182750 0.8386945721390995 0
1591437602451 0.8391775300225035 0
1591438020908 0.8391757223138174 0
1591438440940 0.8387481834924572 0
1591438861191 0.8391616877998391 0
1591439279955 0.8386787180207337 0
1591439697910 0.839084448637386 0
1591440117427 0.8390675241973745 0
1591440536327 0.8391325596315378 0
1591440955943 0.8394449568555555 0
1591441375142 0.8393811214490797 0
