1591421289582 0.45166103127688245 0
1591421706478 0.5307436157341913 0
1591422123141 0.5720512714081845 0
1591422540789 0.568919058664431 0
1591422957478 0.5643849686168241 0
1591423374504 0.5704460883698483 0
1591423791301 0.633580561766826 0
1591424208790 0.6028977584009628 0
1591424626213 0.6535489232459357 0
1591425044406 0.6209356397838403 0
1591425464393 0.6306595110910272 0
1591425882651 0.6605114661499449 0
1591426300020 0.659380328689787 0
1591426718401 0.6579743141429745 0
1591427136184 0.6492551309364397 0
1591427554629 0.6416996622010306 0
1591427972665 0.6707222763962539 0
1591428391312 0.6746604774448077 0
1591428810217 0.6793985626738327 0
1591429229628 0.6792074173562891 0
1591429648572 0.679678765487689 0
1591430067240 0.6741225727187979 0
1591430486290 0.6766436727095493 0
1591430904659 0.6779252273767613 0
1591431322855 0.6745178368980584 0
1591431741528 0.6720451829320945 0
1591432158828 0.6780748603681971 0
1591432577536 0.6759700220417968 0
1591432995509 0.6774180464607098 0
1591433414091 0.6751070373016164 0
1591433832402 0.6746350843245436 0
1591434250814 0.6752445090032696 0
1591434668791 0.675855905281756 0
1591435087438 0.6756757837798559 0
1591435505576 0.6753116670853133 0
1591435924839 0.6757885844998711 0
1591436343904 0.6752131389994155 0
1591436763501 0.6749044430930832 0
1591437182744 0.6750893241002885 0
1591437602445 0.6745801558017775 0
1591438020902 0.6750881378525175 0
1591438440934 0.674568240055748 0
1591438861185 0.6755572989658588 0
1591439279949 0.6746554288951283 0
1591439697904 0.6754547924944182 0
1591440117419 0.6753122301007144 0
1591440536320 0.6750720603395782 0
1591440955933 0.6757361438771899 0
1591441375136 0.675611592967406 0
