1591421204138 0.28282676736513773 0
1591421627390 0.2614966129263242 0
1591422044342 0.25260934338525487 0
1591422461951 0.2498057879783489 0
1591422878469 0.24495370045856193 0
1591423295558 0.24460571066096978 0
1591423712545 0.241162612427164 0
1591424129818 0.23480023382990448 0
1591424547323 0.2312550672226482 0
1591424965189 0.23120415194167032 0
1591425385312 0.22708885791125122 0
1591425803792 0.22574764771593941 0
1591426221201 0.22421010903738164 0
1591426639545 0.22191056978923304 0
1591427056914 0.22286867515908348 0
1591427475810 0.22208916699444806 0
1591427893869 0.22137022222633715 0
1591428312304 0.21907339769381065 0
1591428731187 0.21811441006483856 0
1591429150723 0.21767127646340265 0
1591429569701 0.21870272716990224 0
1591429988339 0.21835568056062415 0
1591430407321 0.21788489989660403 0
1591430825611 0.21789405345916749 0
1591431243862 0.21744511668328886 0
1591431662222 0.21728050763960238 0
1591432080161 0.21846495828142873 0
1591432498433 0.21826086667952715 0
1591432916683 0.2180337267893332 0
1591433334844 0.2181901999645763 0
1591433753294 0.2171663170059522 0
1591434171944 0.21840899266578534 0
1591434589940 0.21876799988525886 0
1591435008515 0.2190532088831619 0
1591435426484 0.21835389512556572 0
1591435846057 0.21839886809940692 0
1591436265010 0.21689357437469342 0
1591436684182 0.2182604417204857 0
1591437103041 0.2180781380445869 0
1591437523417 0.21925066185218317 0
1591437941745 0.21748579497690554 0
1591438361270 0.21776284752068698 0
1591438781771 0.21699719191701325 0
1591439201164 0.21809724508612244 0
1591439618655 0.21799598937785183 0
1591440038295 0.21749248570866056 0
1591440457232 0.2179641741293448 0
1591440877079 0.21741357534020037 0
1591441295794 0.21722659678370865 0
