1590230125916 0.00016778523489932885 0
1590230143512 0.00021008403361344536 0
1590230161113 0.0001968503937007874 0
1590230178714 0.0001968503937007874 0
1590230196593 0.0 0
1590230214218 0.0 0
1590230231915 0.00017857142857142857 0
1590230249695 0.00017857142857142857 0
1590230267580 0.0003463566634707574 0
1590230285496 0.0 0
1590230303029 0.0 0
1590230320524 0.0 0
1590230338268 0.0 0
1590230355727 0.0 0
1590230373348 0.0 0
1590230391194 0.0 0
1590230408776 0.0 0
1590230429418 0.0 0
1590230450586 0.0 0
1590230469896 0.0 0
1590230491258 0.0 0
1590230513095 0.0 0
1590230534124 0.0 0
1590230555690 0.0 0
1590230577317 0.0 0
1590230599021 0.0 0
1590230620681 0.0 0
1590230642374 0.0 0
1590230660574 0.0 0
1590230678127 0.0 0
1590230695708 0.0 0
1590230713306 0.0 0
1590230731030 0.0 0
1590230748723 0.0 0
1590230766336 0.0 0
1590230783887 0.0 0
1590230804220 0.0 0
1590230822927 0.0 0
1590230843656 0.0 0
1590230864757 0.0 0
1590230886168 0.0 0
1590230907512 0.0 0
1590230928932 0.0 0
1590230950341 0.0 0
1590230968776 0.0 0
1590230990242 0.0 0
1590231010610 0.0 0
