1590230125920 0.0011489070187003583 0
1590230143515 0.000956599326392666 0
1590230161116 0.0005512027927792207 0
1590230178718 0.0001968503937007874 0
1590230196598 0.00038865546218487393 0
1590230214222 0.0005329238276498619 0
1590230231918 0.0013305315092884086 0
1590230249698 0.0007313365260625603 0
1590230267584 0.0009250867213506493 0
1590230285499 0.0 0
1590230303032 0.0 0
1590230320527 0.00021008403361344536 0
1590230338271 0.00021008403361344536 0
1590230355731 0.0 0
1590230373351 0.0 0
1590230391198 0.0 0
1590230408779 0.0 0
1590230429421 0.0 0
1590230450589 0.0 0
1590230469905 0.0 0
1590230491261 0.0 0
1590230513098 0.0 0
1590230534128 0.0 0
1590230555693 0.0 0
1590230577320 0.0 0
1590230599024 0.0 0
1590230620685 0.0 0
1590230642377 0.0 0
1590230660578 0.0 0
1590230678131 0.0 0
1590230695711 0.0 0
1590230713309 0.0 0
1590230731034 0.0 0
1590230748726 0.0 0
1590230766339 0.0 0
1590230783891 0.0 0
1590230804223 0.0 0
1590230822930 0.0 0
1590230843659 0.0 0
1590230864762 0.0 0
1590230886172 0.0 0
1590230907516 0.0 0
1590230928935 0.0 0
1590230950346 0.0 0
1590230968780 0.0 0
1590230990246 0.0 0
1590231010614 0.0 0
