1590230125915 0.00035435239907843333 0
1590230143511 0.00040693442731423274 0
1590230161112 0.0001968503937007874 0
1590230178713 0.0001968503937007874 0
1590230196592 0.00017857142857142857 0
1590230214217 0.00017857142857142857 0
1590230231913 0.00017857142857142857 0
1590230249694 0.00017857142857142857 0
1590230267579 0.0003463566634707574 0
1590230285494 0.0 0
1590230303028 0.0 0
1590230320522 0.0 0
1590230338267 0.0 0
1590230355726 0.0 0
1590230373347 0.0 0
1590230391193 0.0 0
1590230408775 0.0 0
1590230429417 0.0 0
1590230450585 0.0 0
1590230469895 0.0 0
1590230491257 0.0 0
1590230513094 0.0 0
1590230534123 0.0 0
1590230555689 0.0 0
1590230577316 0.0 0
1590230599020 0.0 0
1590230620679 0.0 0
1590230642372 0.0 0
1590230660573 0.0 0
1590230678126 0.0 0
1590230695707 0.0 0
1590230713305 0.0 0
1590230731029 0.0 0
1590230748721 0.0 0
1590230766335 0.0 0
1590230783886 0.0 0
1590230804218 0.0 0
1590230822926 0.0 0
1590230843655 0.0 0
1590230864756 0.0 0
1590230886167 0.0 0
1590230907510 0.0 0
1590230928931 0.0 0
1590230950339 0.0 0
1590230968775 0.0 0
1590230990241 0.0 0
1590231010609 0.0 0
