1590230125923 0.00035435239907843333 0
1590230143518 0.00040693442731423274 0
1590230161119 0.0001968503937007874 0
1590230178722 0.0001968503937007874 0
1590230196602 0.00017857142857142857 0
1590230214226 0.00017857142857142857 0
1590230231922 0.00017857142857142857 0
1590230249701 0.00017857142857142857 0
1590230267587 0.0003463566634707574 0
1590230285502 0.0 0
1590230303035 0.0 0
1590230320530 0.0 0
1590230338274 0.0 0
1590230355734 0.0 0
1590230373354 0.0 0
1590230391202 0.0 0
1590230408783 0.0 0
1590230429424 0.0 0
1590230450592 0.0 0
1590230469914 0.0 0
1590230491264 0.0 0
1590230513101 0.0 0
1590230534131 0.0 0
1590230555696 0.0 0
1590230577323 0.0 0
1590230599027 0.0 0
1590230620689 0.0 0
1590230642380 0.0 0
1590230660581 0.0 0
1590230678135 0.0 0
1590230695714 0.0 0
1590230713313 0.0 0
1590230731037 0.0 0
1590230748730 0.0 0
1590230766342 0.0 0
1590230783894 0.0 0
1590230804226 0.0 0
1590230822933 0.0 0
1590230843662 0.0 0
1590230864766 0.0 0
1590230886177 0.0 0
1590230907520 0.0 0
1590230928938 0.0 0
1590230950351 0.0 0
1590230968784 0.0 0
1590230990249 0.0 0
1590231010617 0.0 0
