1590230125912 0.0011489070187003583 0
1590230143508 0.000956599326392666 0
1590230161109 0.0005512027927792207 0
1590230178710 0.0001968503937007874 0
1590230196588 0.00038865546218487393 0
1590230214212 0.0005329238276498619 0
1590230231909 0.0013305315092884086 0
1590230249691 0.0007313365260625603 0
1590230267575 0.0009250867213506493 0
1590230285490 0.0 0
1590230303024 0.0 0
1590230320517 0.00021008403361344536 0
1590230338264 0.00021008403361344536 0
1590230355724 0.0 0
1590230373344 0.0 0
1590230391190 0.0 0
1590230408771 0.0 0
1590230429414 0.0 0
1590230450581 0.0 0
1590230469889 0.0 0
1590230491254 0.0 0
1590230513089 0.0 0
1590230534120 0.0 0
1590230555686 0.0 0
1590230577313 0.0 0
1590230599016 0.0 0
1590230620675 0.0 0
1590230642367 0.0 0
1590230660570 0.0 0
1590230678122 0.0 0
1590230695704 0.0 0
1590230713302 0.0 0
1590230731025 0.0 0
1590230748716 0.0 0
1590230766332 0.0 0
1590230783883 0.0 0
1590230804215 0.0 0
1590230822922 0.0 0
1590230843652 0.0 0
1590230864752 0.0 0
1590230886163 0.0 0
1590230907507 0.0 0
1590230928928 0.0 0
1590230950336 0.0 0
1590230968772 0.0 0
1590230990238 0.0 0
1590231010606 0.0 0
