1590230122131 11.842774410247802 0
1590230142063 8.113581790924073 0
1590230159649 5.854500379562378 0
1590230177138 4.178025336265564 0
1590230195164 2.992673101425171 0
1590230212778 2.1823264849185944 0
1590230230330 1.6340959692001342 0
1590230248260 1.262666997909546 0
1590230266064 1.0030172657966614 0
1590230283948 0.815955336689949 0
1590230301613 0.7271731668710708 0
1590230319034 0.7102155125141144 0
1590230336712 0.6947915279865264 0
1590230354300 0.6794169807434082 0
1590230371828 0.6646243625879288 0
1590230389611 0.6499033623933792 0
1590230407359 0.6355924761295318 0
1590230428027 0.6210524833202362 0
1590230446176 0.6071092504262924 0
1590230468175 0.5929854273796081 0
1590230489850 0.5848846858739853 0
1590230510748 0.5829144108295441 0
1590230532734 0.5811082673072815 0
1590230554271 0.5800138992071152 0
1590230575755 0.5780544322729111 0
1590230597603 0.5770612406730652 0
1590230619275 0.5753613871335983 0
1590230640387 0.5733545476198196 0
1590230659172 0.5719679427146912 0
1590230676693 0.5704377502202987 0
1590230694150 0.5697904723882675 0
1590230711870 0.5693703126907349 0
1590230729590 0.5686421835422516 0
1590230747126 0.5686462998390198 0
1590230764951 0.5684946429729462 0
1590230782448 0.5679337298870086 0
1590230802228 0.5679673260450363 0
1590230820696 0.568144673705101 0
1590230842226 0.5680362707376481 0
1590230863194 0.567448946237564 0
1590230884742 0.5673686468601227 0
1590230905960 0.5671707540750504 0
1590230927249 0.5674754893779754 0
1590230948719 0.5672316920757293 0
1590230967355 0.5670561110973358 0
1590230987982 0.5675293344259262 0
1590231009203 0.5673749500513077 0
