1593275018213 0.5389260125774132 0
1593276277837 0.6594092686930859 0
1593277524525 0.661739741715725 0
1593278769436 0.6535303407181486 0
1593279988946 0.67545961341852 0
1593281220482 0.6554262905188719 0
1593282241834 0.6735017836679582 0
1593282974096 0.6034643805434227 0
1593283699133 0.6651245547272637 0
1593284436292 0.6904654733760108 0
1593285169475 0.6285820025231782 0
1593285896476 0.5700109396770495 0
1593286620416 0.655658683149761 0
1593287356934 0.6855292929519062 0
1593288085318 0.6164838419376919 0
1593288813757 0.6690993294852636 0
1593289543045 0.7101295068253639 0
1593290271875 0.6935057358728668 0
1593290999574 0.6884047761126393 0
1593291729301 0.6601649242868671 0
1593292454046 0.6807668056659155 0
1593293179495 0.7034165134384424 0
1593293908706 0.7049307492635792 0
1593294635911 0.6707724137085286 0
1593295361112 0.6831801500260463 0
1593296091722 0.6471532287881578 0
1593296815573 0.6749454364551759 0
1593297542937 0.6688351401794784 0
1593298271668 0.719586353976338 0
1593298999698 0.6966630488282695 0
1593299867906 0.7330953805576189 0
1593301075713 0.7248424914954945 0
1593302309614 0.7043793178610781 0
1593303521640 0.7052555947621615 0
1593304729985 0.6987323398924695 0
1593305972108 0.6986884237868451 0
1593307199657 0.7184414075010274 0
1593308426864 0.7097151291555684 0
1593309640270 0.7109022827012705 0
1593310853483 0.7118994808198857 0
1593312095540 0.723235480755476 0
1593313297542 0.730159458670623 0
1593314522528 0.7260322729685386 0
1593315753900 0.7249229600258693 0
1593316966932 0.7286505741340287 0
1593318200807 0.7220258036102615 0
1593319415194 0.724066367097174 0
1593320632230 0.7289755044704493 0
1593321853911 0.7271652507873904 0
1593323083383 0.729267942790319 0
1593324301635 0.7311987724024711 0
1593325507476 0.72831749053275 0
1593326705212 0.7267497902176796 0
1593327943572 0.7278630386864097 0
1593329159932 0.7307169214699644 0
1593330374740 0.7251904717412583 0
1593331587285 0.7207435901600138 0
1593332819275 0.7417489406951231 0
1593334032235 0.7293938542387175 0
1593335241974 0.7279277047820724 0
1593336441920 0.736469372000825 0
1593337671265 0.7370433672452268 0
1593338876874 0.736955055211268 0
1593340096654 0.7238024232366221 0
1593341316488 0.7097344427338077 0
1593342559822 0.7259058361722317 0
1593343824031 0.7230459879469225 0
1593345040110 0.7280927438404431 0
1593346254360 0.6958533502145366 0
1593347464864 0.6972046083725377 0
1593348686765 0.7442337055353209 0
1593349902300 0.7189205950141005 0
1593351108489 0.7282213761882737 0
1593352317273 0.7088306827924336 0
1593353564511 0.7114694263728555 0
1593354786319 0.7015036252628885 0
1593355996151 0.7286730280271603 0
1593357228770 0.7221808435444824 0
1593358472889 0.6786718940717665 0
1593359677573 0.6666420162175308 0
1593360873561 0.7022796017316473 0
1593362116641 0.6986175423832097 0
1593363314277 0.6793433040284548 0
1593364533733 0.724396330198639 0
1593365740500 0.6277750228280838 0
1593366961164 0.729973975137774 0
1593368176147 0.682218136318622 0
1593369412135 0.7192618142624476 0
1593370640132 0.7139147746852981 0
1593371866516 0.6997369158328088 0
1593373100664 0.7054865117091309 0
1593374317369 0.7272816582635514 0
1593375532602 0.6885529287002059 0
1593376766916 0.7077363820464456 0
1593377987102 0.7110214480564296 0
1593379203226 0.7442960447385758 0
1593380439723 0.7212751022317243 0
1593381688868 0.7402659332502786 0
1593382912861 0.7320800300774856 0
1593384131285 0.7431869484140969 0
1593385333521 0.7165211276868569 0
