1593275018201 0.20740597305461136 0
1593276277824 0.28021599652431595 0
1593277524503 0.2632509209245748 0
1593278769429 0.25737775180598177 0
1593279988933 0.28561161465454726 0
1593281220461 0.2722812961583798 0
1593282241827 0.2866838136149684 0
1593282974091 0.23735081676469094 0
1593283699126 0.2731090416090924 0
1593284436284 0.346290768163282 0
1593285169468 0.22007849146971004 0
1593285896467 0.22644016981642473 0
1593286620409 0.27285729642656703 0
1593287356929 0.3021417609202472 0
1593288085311 0.24050409307700638 0
1593288813750 0.30356589168855996 0
1593289543040 0.3415505369403401 0
1593290271868 0.28409298668304955 0
1593290999568 0.3183584294013962 0
1593291729295 0.3040692907604319 0
1593292454040 0.27308286540588994 0
1593293179487 0.34377459833949625 0
1593293908700 0.32882470543736575 0
1593294635904 0.2939469122575655 0
1593295361107 0.3359596794980399 0
1593296091715 0.29386642829761095 0
1593296815568 0.30822360929476256 0
1593297542929 0.31442448499849607 0
1593298271662 0.34565706396500007 0
1593298999690 0.35964228032467727 0
1593299867872 0.42466188539464894 0
1593301075680 0.3946958247632807 0
1593302309606 0.38282477096464257 0
1593303521629 0.3775929211490644 0
1593304729978 0.3638271081032577 0
1593305972067 0.3694351761107389 0
1593307199627 0.40099213987194293 0
1593308426839 0.3713015189678891 0
1593309640259 0.41438751287740055 0
1593310853475 0.38969101030443776 0
1593312095516 0.4050380185914584 0
1593313297453 0.45233113140293085 0
1593314522508 0.4254270755773571 0
1593315753891 0.42132558331905007 0
1593316966925 0.42939720783401253 0
1593318200798 0.43671122589973094 0
1593319415150 0.43633396974422345 0
1593320632215 0.4361902654850051 0
1593321853879 0.4385586059272431 0
1593323083352 0.4361979231610858 0
1593324301617 0.437080451850872 0
1593325507466 0.43799507858080494 0
1593326705204 0.4430446827481453 0
1593327943564 0.4432889288168598 0
1593329159925 0.4493144017575803 0
1593330374706 0.4486329929921952 0
1593331587278 0.42086060911191436 0
1593332819197 0.4672849396607532 0
1593334032217 0.4554882077428686 0
1593335241967 0.4324818537284483 0
1593336441903 0.45653316840738173 0
1593337671221 0.46794931612070156 0
1593338876862 0.4317627233155197 0
1593340096648 0.42539129951066695 0
1593341316480 0.4245029942102188 0
1593342559815 0.42052906502157145 0
1593343824011 0.44055735521977146 0
1593345040098 0.4638479093359636 0
1593346254324 0.3856271291720812 0
1593347464856 0.4052917087271744 0
1593348686755 0.4347333851220673 0
1593349902266 0.3997837397001577 0
1593351108476 0.4381903036091636 0
1593352317254 0.38562293089726457 0
1593353564469 0.4086102175395722 0
1593354786266 0.37187501885545926 0
1593355996135 0.41240553048798234 0
1593357228737 0.41846833250777066 0
1593358472860 0.36805392165335826 0
1593359677555 0.3263890983860725 0
1593360873515 0.3731620005964064 0
1593362116579 0.34938016067685773 0
1593363314255 0.33195013160569276 0
1593364533704 0.3675663080365541 0
1593365740494 0.29882875282973353 0
1593366961140 0.3952184568628256 0
1593368176124 0.3187372279868597 0
1593369412080 0.3850352892308265 0
1593370640123 0.4089857185949514 0
1593371866508 0.34506750894500404 0
1593373100653 0.37260163851753403 0
1593374317356 0.44370604695999694 0
1593375532563 0.3382511516677453 0
1593376766894 0.37161170123672405 0
1593377987066 0.3763577450360559 0
1593379203216 0.478634260745592 0
1593380439711 0.3743312566784763 0
1593381688860 0.4412721213211918 0
1593382912837 0.4277356851651908 0
1593384131238 0.46274295329773146 0
1593385333514 0.3855766258950077 0
