1593275018223 0.5450258112223455 0
1593276277845 0.6635642752360233 0
1593277524535 0.6650771683140869 0
1593278769440 0.657606767496648 0
1593279988950 0.6774326180256464 0
1593281220503 0.6541260757239514 0
1593282241837 0.6739734737024631 0
1593282974098 0.6049518951812186 0
1593283699140 0.6668482150924526 0
1593284436298 0.6896852437622322 0
1593285169478 0.6314126547586879 0
1593285896482 0.568739259456218 0
1593286620424 0.6583244209532704 0
1593287356937 0.6858283164969944 0
1593288085321 0.6185000654935285 0
1593288813760 0.6652038101417447 0
1593289543047 0.7092830941447107 0
1593290271878 0.6951942752779448 0
1593290999577 0.6890858621278001 0
1593291729304 0.6612085543825577 0
1593292454049 0.6811607264768624 0
1593293179501 0.7028239593221146 0
1593293908710 0.7073011812957256 0
1593294635917 0.6701776310081229 0
1593295361114 0.6846318891352728 0
1593296091728 0.647832125363716 0
1593296815576 0.6735920090019402 0
1593297542941 0.6668122522069074 0
1593298271672 0.7168368646128908 0
1593298999704 0.6966644306118872 0
1593299867927 0.7335969331627799 0
1593301075731 0.7241911850759019 0
1593302309619 0.7015200494020043 0
1593303521670 0.7045283436474747 0
1593304729989 0.6964907133819337 0
1593305972127 0.6986369352882126 0
1593307199660 0.7173187650232095 0
1593308426885 0.7062376165994019 0
1593309640277 0.7103264077811567 0
1593310853487 0.7114506180111569 0
1593312095543 0.7236307767272168 0
1593313297567 0.7282441622710053 0
1593314522538 0.72431773281216 0
1593315753906 0.7218761120185242 0
1593316966936 0.727117428240965 0
1593318200814 0.7212472283778862 0
1593319415210 0.7229216883086913 0
1593320632252 0.7273109826800183 0
1593321853946 0.7268786284109855 0
1593323083399 0.7284678383721389 0
1593324301649 0.7309251652242296 0
1593325507494 0.7285470681974852 0
1593326705221 0.7254885346130834 0
1593327943579 0.7274681826428449 0
1593329159943 0.7283387505687241 0
1593330374773 0.7221045569548948 0
1593331587306 0.7193382408905329 0
1593332819310 0.7406800654949081 0
1593334032244 0.7279144178260776 0
1593335242043 0.7255822223889811 0
1593336441923 0.7347794285984387 0
1593337671317 0.7349246758801827 0
1593338876881 0.7356923269623928 0
1593340096657 0.7236689840629073 0
1593341316505 0.7097419654199285 0
1593342559838 0.7251904999323778 0
1593343824041 0.7200549756223936 0
1593345040121 0.7291543970859408 0
1593346254381 0.6965026365274288 0
1593347464871 0.6980885724110072 0
1593348686774 0.7426908677268682 0
1593349902325 0.7211349411517368 0
1593351108496 0.727428141393109 0
1593352317280 0.7079988437700725 0
1593353564551 0.7133692613207246 0
1593354786339 0.7000058995945008 0
1593355996167 0.7308749803294723 0
1593357228792 0.7253172724472764 0
1593358472909 0.6775442692036918 0
1593359677587 0.6654318978511751 0
1593360873606 0.7030572585111824 0
1593362116656 0.6982164079286809 0
1593363314291 0.6774602923691745 0
1593364533746 0.7215292592089778 0
1593365740504 0.6307245838923143 0
1593366961173 0.7288384298993384 0
1593368176154 0.6824932366604411 0
1593369412161 0.7206295467175758 0
1593370640138 0.7129252387503534 0
1593371866527 0.6983181693821935 0
1593373100672 0.7031541733623751 0
1593374317377 0.7268344093781619 0
1593375532616 0.688529414067081 0
1593376766920 0.7077066352534563 0
1593377987116 0.7076220113555717 0
1593379203238 0.7427223141786126 0
1593380439730 0.7200186251375338 0
1593381688871 0.7405551944195982 0
1593382912874 0.7310844637070116 0
1593384131329 0.7462974570421812 0
1593385333528 0.715697435720129 0
