1593275018210 0.5608782602276533 0
1593276277834 0.6814911042824318 0
1593277524524 0.6818307128799989 0
1593278769434 0.6743449358942101 0
1593279988939 0.696485887408359 0
1593281220478 0.6717984395622948 0
1593282241833 0.6929225305334904 0
1593282974095 0.6193728117871544 0
1593283699132 0.6828257705566478 0
1593284436290 0.7126589776921157 0
1593285169474 0.6484125579322924 0
1593285896473 0.5832427021936799 0
1593286620415 0.6788332239766802 0
1593287356933 0.7065461776370716 0
1593288085317 0.6352301841528994 0
1593288813756 0.6830534457524412 0
1593289543044 0.7293867559133658 0
1593290271874 0.715863003707791 0
1593290999573 0.7102400037605677 0
1593291729300 0.6811622809851544 0
1593292454045 0.7007694256720486 0
1593293179492 0.7278691782935885 0
1593293908705 0.7281665412299716 0
1593294635909 0.6932746223073943 0
1593295361111 0.7065722642208074 0
1593296091721 0.6690283073224285 0
1593296815572 0.6931050702951286 0
1593297542936 0.6871202007106398 0
1593298271667 0.7384674591272113 0
1593298999696 0.7164591654337616 0
1593299867896 0.7567837134747872 0
1593301075707 0.7456226518470369 0
1593302309613 0.720723977796396 0
1593303521638 0.7257656324700914 0
1593304729984 0.718358779651904 0
1593305972104 0.7199517294920345 0
1593307199642 0.7349653615438777 0
1593308426845 0.7266905985972377 0
1593309640268 0.7299426663385276 0
1593310853482 0.730833563367131 0
1593312095539 0.7444790004055446 0
1593313297535 0.7505658289464711 0
1593314522525 0.7434027247668362 0
1593315753898 0.7410036764197644 0
1593316966931 0.7485049225488444 0
1593318200804 0.7418791287321241 0
1593319415189 0.7435992395322932 0
1593320632227 0.746956920576485 0
1593321853905 0.7480392040646656 0
1593323083377 0.7491267096649019 0
1593324301632 0.7514150017925696 0
1593325507472 0.7497557075750884 0
1593326705210 0.7457393564979466 0
1593327943570 0.7487123897882859 0
1593329159930 0.7496172012342015 0
1593330374738 0.7435263182528988 0
1593331587283 0.7372036833110993 0
1593332819274 0.760904367024172 0
1593334032233 0.7481821007929508 0
1593335241972 0.7451138592891039 0
1593336441913 0.7553001946391751 0
1593337671261 0.7559087711281075 0
1593338876872 0.75455721427324 0
1593340096653 0.7432481874390877 0
1593341316486 0.7306842421469695 0
1593342559821 0.7436985704702331 0
1593343824027 0.7396753028634805 0
1593345040107 0.750203235541994 0
1593346254354 0.7155874000254456 0
1593347464862 0.7162531063412673 0
1593348686761 0.7660825528084103 0
1593349902293 0.7447122143083407 0
1593351108483 0.749467865343353 0
1593352317270 0.7292433243128309 0
1593353564508 0.7374643482283569 0
1593354786311 0.7203897626926741 0
1593355996145 0.7557237542386852 0
1593357228763 0.7449068941574418 0
1593358472884 0.6960336825331289 0
1593359677570 0.6863584193453827 0
1593360873560 0.7243885148034102 0
1593362116636 0.7186464261887169 0
1593363314274 0.6954184690310495 0
1593364533729 0.7432490049828792 0
1593365740499 0.649173800925548 0
1593366961146 0.7485744238299595 0
1593368176141 0.7005502460564199 0
1593369412118 0.741024257790547 0
1593370640129 0.733377303808587 0
1593371866513 0.7191698306632519 0
1593373100661 0.7222112790936657 0
1593374317363 0.7475494037959822 0
1593375532596 0.7078987451004791 0
1593376766905 0.7311313434386931 0
1593377987095 0.7306840322679928 0
1593379203223 0.7614739173029424 0
1593380439716 0.7399911398039867 0
1593381688867 0.7620817727109972 0
1593382912857 0.7534749221318233 0
1593384131284 0.7665814813368413 0
1593385333520 0.7384301955002003 0
