1593275018205 0.5958036074830556 0
1593276277828 0.7061619137807986 0
1593277524517 0.7158453609457245 0
1593278769432 0.703960853889877 0
1593279988937 0.7271380092695615 0
1593281220465 0.7018802420183329 0
1593282241830 0.7187834322762402 0
1593282974093 0.6456977287921123 0
1593283699130 0.7203339463501975 0
1593284436288 0.7396087854239658 0
1593285169472 0.6732164947492643 0
1593285896471 0.6007463916883536 0
1593286620413 0.7058737872822438 0
1593287356931 0.7342856466555719 0
1593288085314 0.6619348427184657 0
1593288813754 0.7029941579675182 0
1593289543043 0.7549083336323824 0
1593290271872 0.7410148473570475 0
1593290999571 0.734602384341689 0
1593291729298 0.7018584232833537 0
1593292454043 0.727709709106947 0
1593293179490 0.746417054223335 0
1593293908703 0.7588749321654091 0
1593294635907 0.7170684674274194 0
1593295361109 0.7316091367606811 0
1593296091719 0.6902736715142608 0
1593296815571 0.7146895965305632 0
1593297542934 0.7108454858377452 0
1593298271665 0.761928186155294 0
1593298999694 0.7409219872951887 0
1593299867879 0.7811984191896609 0
1593301075698 0.7685371206588064 0
1593302309610 0.7431145710957943 0
1593303521633 0.7482994877254466 0
1593304729982 0.7364837340436071 0
1593305972084 0.7419567011895345 0
1593307199639 0.7605493941670115 0
1593308426842 0.7492370040408469 0
1593309640263 0.7543110779118214 0
1593310853479 0.7557044251670223 0
1593312095537 0.7686673198858187 0
1593313297518 0.7734194053448125 0
1593314522518 0.7675704532250812 0
1593315753894 0.7628753183107648 0
1593316966929 0.771983089834746 0
1593318200801 0.7647553290158713 0
1593319415178 0.7678740280216104 0
1593320632224 0.7717421280281607 0
1593321853894 0.772513290449212 0
1593323083366 0.7725047266806804 0
1593324301625 0.774627783857299 0
1593325507469 0.772981979883219 0
1593326705207 0.7699555010066368 0
1593327943567 0.7708838780781195 0
1593329159928 0.7692457513604607 0
1593330374735 0.7644066437006063 0
1593331587281 0.7613109502059321 0
1593332819258 0.7835501044160654 0
1593334032226 0.7717541493302752 0
1593335241970 0.7653402923628012 0
1593336441911 0.7789336004295194 0
1593337671259 0.7767768470477524 0
1593338876868 0.7772855259597199 0
1593340096651 0.7664256775966917 0
1593341316483 0.75518843186927 0
1593342559818 0.7685672408646635 0
1593343824019 0.765117047087584 0
1593345040101 0.7705877298039786 0
1593346254341 0.7372307443764321 0
1593347464860 0.7361538130217564 0
1593348686758 0.7879583597333769 0
1593349902281 0.7673477291209713 0
1593351108479 0.7747279805918378 0
1593352317264 0.7506953584522844 0
1593353564505 0.7590692278700336 0
1593354786297 0.7392013240255766 0
1593355996141 0.7789608503488795 0
1593357228748 0.7746570593445274 0
1593358472867 0.715635732632741 0
1593359677563 0.7147225163578855 0
1593360873558 0.7495032303304744 0
1593362116626 0.7447371004692007 0
1593363314264 0.7155817380487164 0
1593364533720 0.7652027502270792 0
1593365740497 0.6812015063458483 0
1593366961144 0.7738856432095144 0
1593368176137 0.7253985141503411 0
1593369412084 0.7656500650985522 0
1593370640127 0.7547506588310773 0
1593371866511 0.741241875614117 0
1593373100657 0.7478301058312324 0
1593374317360 0.7691453503364076 0
1593375532587 0.731499251172597 0
1593376766903 0.7528966889569533 0
1593377987082 0.7504768263711824 0
1593379203220 0.78334592043781 0
1593380439714 0.7624427439003492 0
1593381688865 0.7871790253264243 0
1593382912849 0.779149338213292 0
1593384131281 0.795258612147306 0
1593385333518 0.7565813031642441 0
