1593275018199 0.21593235871933805 0
1593276277821 0.29169063528152694 0
1593277524500 0.2732677109974448 0
1593278769427 0.26767115116126516 0
1593279988931 0.2972543227795558 0
1593281220459 0.2839888047288203 0
1593282241825 0.2989389401910437 0
1593282974090 0.24638477051052887 0
1593283699124 0.28477183938323236 0
1593284436282 0.3654711665711231 0
1593285169466 0.22783346261710444 0
1593285896465 0.23418068615255777 0
1593286620405 0.28439836764639453 0
1593287356928 0.3172392739340821 0
1593288085309 0.2503104986423139 0
1593288813748 0.3153840796470641 0
1593289543039 0.35722792924235214 0
1593290271866 0.2971537697274596 0
1593290999565 0.3329897967242189 0
1593291729292 0.3175942383163175 0
1593292454038 0.28367689954031744 0
1593293179484 0.36148570194984947 0
1593293908697 0.3438652773664357 0
1593294635901 0.30770758001570025 0
1593295361106 0.354552814860629 0
1593296091713 0.3061450382956478 0
1593296815567 0.3209158226871218 0
1593297542926 0.32971413546127093 0
1593298271660 0.36016396603801726 0
1593298999688 0.3761884336404392 0
1593299867865 0.4461231369291079 0
1593301075678 0.4147959634261075 0
1593302309604 0.3991826107479305 0
1593303521627 0.39845589660682085 0
1593304729976 0.3814797083385894 0
1593305972065 0.3890949325919611 0
1593307199625 0.42008024118257353 0
1593308426837 0.38822045751737655 0
1593309640257 0.434984590708349 0
1593310853472 0.40933729058532115 0
1593312095514 0.42711924734793766 0
1593313297451 0.4764545797122073 0
1593314522506 0.4450494339408823 0
1593315753888 0.4408541046597159 0
1593316966923 0.4496787936720429 0
1593318200795 0.4578833773273241 0
1593319415144 0.4569802014562382 0
1593320632213 0.45672986031011986 0
1593321853876 0.4600224650757695 0
1593323083348 0.4574192343349536 0
1593324301615 0.4577049454431737 0
1593325507464 0.45891261638297276 0
1593326705201 0.46471212993004196 0
1593327943562 0.46574973285666166 0
1593329159923 0.4719084607541487 0
1593330374668 0.4711944501549798 0
1593331587275 0.4396119515738382 0
1593332819195 0.4895616794255067 0
1593334032215 0.47695154575758997 0
1593335241964 0.4538489035107103 0
1593336441900 0.47979710946738985 0
1593337671210 0.49210342281512187 0
1593338876858 0.45061935147566873 0
1593340096645 0.4482630565125381 0
1593341316477 0.4471078805155287 0
1593342559812 0.4412334161761789 0
1593343824008 0.46392105336005707 0
1593345040096 0.48702454521509636 0
1593346254322 0.4049919778299874 0
1593347464853 0.4246052865490411 0
1593348686753 0.45599532799570663 0
1593349902259 0.42146509385789216 0
1593351108474 0.4646275756967266 0
1593352317251 0.40411601341458364 0
1593353564447 0.4289698488521022 0
1593354786215 0.3895843085912189 0
1593355996132 0.4353755456058199 0
1593357228735 0.4418745163307132 0
1593358472858 0.3845213133187543 0
1593359677553 0.34452081823923036 0
1593360873509 0.3915609133080018 0
1593362116576 0.3663786760101912 0
1593363314252 0.34634542260246426 0
1593364533702 0.38494040161868465 0
1593365740482 0.31729732516008624 0
1593366961138 0.41305931246458427 0
1593368176121 0.3339693794029168 0
1593369412077 0.4030557020194248 0
1593370640120 0.4283372947552036 0
1593371866505 0.35985892481372295 0
1593373100645 0.3902936813881233 0
1593374317354 0.46903580379898463 0
1593375532554 0.35419567125909773 0
1593376766892 0.3924005829614324 0
1593377987063 0.39768742735585094 0
1593379203213 0.5070208820853908 0
1593380439709 0.39141159774098405 0
1593381688857 0.46649607639229335 0
1593382912835 0.45330632740114696 0
1593384131236 0.48537148261254803 0
1593385333512 0.4037901087280028 0
