1593275018202 0.19927846373174607 0
1593276277825 0.2695543678137754 0
1593277524506 0.25231703767222297 0
1593278769430 0.24798547594551965 0
1593279988935 0.2745451430520517 0
1593281220462 0.2596746362277637 0
1593282241828 0.2737030283375898 0
1593282974092 0.22804744895786835 0
1593283699128 0.2609490038581813 0
1593284436285 0.3278236878592072 0
1593285169469 0.21233905519006982 0
1593285896468 0.21893473466122151 0
1593286620410 0.2619127116054139 0
1593287356930 0.2882966497584637 0
1593288085312 0.23188569560016917 0
1593288813751 0.29165627225494806 0
1593289543041 0.32604678827036293 0
1593290271869 0.2734150375778503 0
1593290999569 0.3062897568252399 0
1593291729296 0.29265502999469495 0
1593292454041 0.26153887194003966 0
1593293179488 0.3300736260322766 0
1593293908701 0.3142248042546183 0
1593294635905 0.2806901186649103 0
1593295361108 0.3213265311146186 0
1593296091716 0.28142513585600354 0
1593296815569 0.2948819298438774 0
1593297542931 0.3012801184869614 0
1593298271663 0.330300230332836 0
1593298999692 0.3455996595000556 0
1593299867873 0.4052238947813968 0
1593301075683 0.3787951271574555 0
1593302309608 0.3652726557842101 0
1593303521630 0.36236452616551906 0
1593304729980 0.3479064391552041 0
1593305972070 0.35501273233780695 0
1593307199633 0.3830694473444393 0
1593308426840 0.3545874431934167 0
1593309640261 0.39639203295065545 0
1593310853477 0.3698890781865193 0
1593312095533 0.38829571878877484 0
1593313297506 0.4298712428535854 0
1593314522512 0.40552405030317634 0
1593315753892 0.40156348371297257 0
1593316966926 0.4086320399572284 0
1593318200799 0.4158242762254286 0
1593319415154 0.41714213794596583 0
1593320632216 0.41778994179473883 0
1593321853881 0.4203893241252921 0
1593323083356 0.41884408607031587 0
1593324301619 0.41935945872119146 0
1593325507467 0.4195942949834116 0
1593326705205 0.42336674576381544 0
1593327943565 0.42218091396415947 0
1593329159926 0.4280487576291762 0
1593330374708 0.429619418481418 0
1593331587279 0.4029342524225853 0
1593332819198 0.44663073184838264 0
1593334032223 0.43236681255887127 0
1593335241968 0.4119314423883329 0
1593336441909 0.434551596663634 0
1593337671226 0.4476208711715969 0
1593338876864 0.4117399379345339 0
1593340096649 0.4067434899532358 0
1593341316481 0.4030564334645343 0
1593342559816 0.40178509566789805 0
1593343824012 0.419175518987648 0
1593345040099 0.4419558190705742 0
1593346254328 0.37032835485967003 0
1593347464857 0.3901330823656302 0
1593348686756 0.4121218765814533 0
1593349902271 0.3838422324333993 0
1593351108477 0.419433110235914 0
1593352317256 0.3702423783090147 0
1593353564470 0.3900390844180503 0
1593354786269 0.35670722550418205 0
1593355996136 0.3947256172269932 0
1593357228739 0.39965452986939626 0
1593358472861 0.35360086924767414 0
1593359677557 0.3097435378631229 0
1593360873522 0.3557450709426774 0
1593362116580 0.3349410997348135 0
1593363314258 0.31728099946241534 0
1593364533707 0.35217679738416835 0
1593365740495 0.2856147666198612 0
1593366961141 0.3778375722774805 0
1593368176125 0.30594728136195337 0
1593369412081 0.36795880298654365 0
1593370640124 0.38916471202485153 0
1593371866509 0.3299938370432699 0
1593373100654 0.3553088559305506 0
1593374317357 0.42295024474337783 0
1593375532567 0.324835599354845 0
1593376766900 0.35683448273449914 0
1593377987070 0.36107409267760343 0
1593379203217 0.4585861147747277 0
1593380439712 0.3602247962747886 0
1593381688862 0.42171119874265267 0
1593382912839 0.4059525671652724 0
1593384131239 0.4429073185353678 0
1593385333515 0.3690619559493227 0
