1593275018217 0.5141089167269708 0
1593276277840 0.6367065998290659 0
1593277524532 0.6347750549454296 0
1593278769437 0.6287332893487564 0
1593279988947 0.6459480550433186 0
1593281220488 0.6262100286689988 0
1593282241835 0.6472692565536325 0
1593282974096 0.5813642108384627 0
1593283699135 0.6360820817754487 0
1593284436294 0.6556481706173198 0
1593285169476 0.6067217573725833 0
1593285896478 0.5477736921569147 0
1593286620419 0.6275681547836173 0
1593287356935 0.6547468833142378 0
1593288085319 0.5902860907140771 0
1593288813758 0.6399127439675546 0
1593289543046 0.6798764847207621 0
1593290271876 0.6641041818478806 0
1593290999575 0.6591642465313436 0
1593291729302 0.6326146963081266 0
1593292454047 0.6512461458960507 0
1593293179497 0.6680085256645655 0
1593293908707 0.6755739667394233 0
1593294635913 0.6393417587421143 0
1593295361112 0.6532532462500231 0
1593296091724 0.6200418558256846 0
1593296815574 0.648524808756759 0
1593297542938 0.6357910859977176 0
1593298271669 0.6862143839530439 0
1593298999699 0.6689522174493219 0
1593299867911 0.7050953436469244 0
1593301075717 0.693931149111051 0
1593302309616 0.6763771555288116 0
1593303521655 0.6740099323376129 0
1593304729986 0.6693939481959433 0
1593305972112 0.6688649583570667 0
1593307199658 0.6919172406473987 0
1593308426874 0.6780071960402271 0
1593309640272 0.6819878723160384 0
1593310853484 0.6839296029570696 0
1593312095541 0.6923486324413882 0
1593313297549 0.6974266163012149 0
1593314522531 0.695880140310144 0
1593315753902 0.6952266985314024 0
1593316966933 0.6961827634300006 0
1593318200810 0.6926649187275085 0
1593319415199 0.6927871848618073 0
1593320632241 0.6972041419615153 0
1593321853931 0.6967566651801163 0
1593323083389 0.698362015469559 0
1593324301642 0.7005099221192578 0
1593325507481 0.6981135349224459 0
1593326705214 0.6961090653073723 0
1593327943574 0.6989430835240739 0
1593329159933 0.7020129209462591 0
1593330374744 0.6929270848146294 0
1593331587287 0.6912654305952188 0
1593332819276 0.7136663761279481 0
1593334032236 0.70072867310165 0
1593335242040 0.6997720991989356 0
1593336441921 0.7054545810264425 0
1593337671297 0.7046399675550907 0
1593338876876 0.7102248045469504 0
1593340096655 0.6940528399557405 0
1593341316493 0.6796106608562863 0
1593342559828 0.6980750485679055 0
1593343824034 0.6910220175306216 0
1593345040114 0.7025424539157836 0
1593346254366 0.6716010897493021 0
1593347464867 0.6733612341761591 0
1593348686768 0.7157432085118102 0
1593349902311 0.6876740389622529 0
1593351108492 0.6923221645753519 0
1593352317276 0.6785606984405568 0
1593353564548 0.6821195900857703 0
1593354786326 0.6731819996810111 0
1593355996155 0.6996519477293048 0
1593357228774 0.6941453056653557 0
1593358472895 0.6509997860845914 0
1593359677576 0.6348896790782481 0
1593360873564 0.6725682050494101 0
1593362116647 0.6671069616350366 0
1593363314280 0.6523402877989031 0
1593364533737 0.6893348380063236 0
1593365740501 0.597235859422783 0
1593366961167 0.7001519900026789 0
1593368176149 0.655928729916765 0
1593369412144 0.6928204026955396 0
1593370640134 0.6852843576897722 0
1593371866519 0.6715883491638479 0
1593373100667 0.6752670033935392 0
1593374317372 0.7003106744285297 0
1593375532607 0.6575401612861067 0
1593376766918 0.6764033306269359 0
1593377987107 0.6757829653626617 0
1593379203228 0.7161661744393394 0
1593380439726 0.6902288620764707 0
1593381688869 0.7088240039519065 0
1593382912866 0.6985027486373986 0
1593384131290 0.7182181223509917 0
1593385333526 0.6892468951096966 0
