1593274910226 0.3116827006875114 0
1593276190320 0.27549797976671747 0
1593277436328 0.2661052155449535 0
1593278684789 0.2623322830733025 0
1593279904419 0.2559442962378715 0
1593281131367 0.2524230419799234 0
1593282201207 0.25115714600366174 0
1593282934056 0.24887723695825448 0
1593283658362 0.2506462346875306 0
1593284397843 0.2465760772765586 0
1593285128372 0.24443951432564945 0
1593285855650 0.23919136709336078 0
1593286580695 0.24066436290740967 0
1593287317242 0.23713965911531087 0
1593288044934 0.24851807051648697 0
1593288774038 0.23502911367651189 0
1593289503522 0.2298802122981711 0
1593290231813 0.229982960602325 0
1593290959875 0.22720303756156654 0
1593291689402 0.22723960117295836 0
1593292412753 0.2244488296635223 0
1593293140654 0.22295586265284906 0
1593293868822 0.2227816181257367 0
1593294596697 0.22045159729366953 0
1593295321017 0.22073211213291594 0
1593296052206 0.21816043894399295 0
1593296776063 0.2162168234812491 0
1593297503990 0.21400159555064005 0
1593298232125 0.21488417862829837 0
1593298959792 0.21197195520455187 0
1593299784485 0.20856763425311356 0
1593300990791 0.20841815221038731 0
1593302222614 0.20674245203421873 0
1593303442913 0.20604451020445788 0
1593304668585 0.20585887570103462 0
1593305900726 0.20671205174629437 0
1593307129012 0.20313825732040586 0
1593308351768 0.20184592854683148 0
1593309562464 0.2024492502043193 0
1593310766527 0.20160581165868224 0
1593312011148 0.20057226740049594 0
1593313213938 0.20132925621036327 0
1593314444100 0.19977655422619797 0
1593315668856 0.19970880158132676 0
1593316881395 0.19782510820324672 0
1593318113326 0.19735382971438495 0
1593319332420 0.19813156929431538 0
1593320550685 0.19718017745198627 0
1593321768175 0.1973400477771506 0
1593322997663 0.19737863811579617 0
1593324213213 0.19712254729573475 0
1593325422951 0.19692697658231764 0
1593326622000 0.19771872352187833 0
1593327858639 0.19685688595089948 0
1593329076083 0.196908611507917 0
1593330291758 0.19712201774007443 0
1593331501691 0.1972507264634425 0
1593332737382 0.19721864547693368 0
1593333948027 0.19754335481786367 0
1593335155281 0.1977821784940633 0
1593336357869 0.19762939224584083 0
1593337584127 0.19834521816422543 0
1593338813157 0.19828398229384964 0
1593340039694 0.19850862918026518 0
1593341246585 0.20073433321985332 0
1593342477969 0.2021665254777128 0
1593343738873 0.19987923493891052 0
1593344956742 0.19925287910595987 0
1593346167272 0.20060326085623467 0
1593347381636 0.20100710727274418 0
1593348602648 0.20432441760644768 0
1593349816930 0.20259395588866688 0
1593351024586 0.20588815892397455 0
1593352235304 0.20597350182519716 0
1593353477737 0.20583281045158705 0
1593354701445 0.2089528858548764 0
1593355910845 0.20983262837046024 0
1593357151513 0.20857718922762256 0
1593358386662 0.2064752790399573 0
1593359591276 0.2088210726664825 0
1593360789469 0.20753274268160263 0
1593362036780 0.20664466096257622 0
1593363229778 0.2097877457907254 0
1593364448488 0.20829959354843153 0
1593365653548 0.2067063475930781 0
1593366877594 0.2071234163348422 0
1593368089194 0.20989703488620845 0
1593369329166 0.20812421670239983 0
1593370563915 0.20908292549464738 0
1593371794779 0.2072554017896905 0
1593373028226 0.21085697440712742 0
1593374242458 0.2069707681904688 0
1593375454626 0.20748986504181768 0
1593376695372 0.20714801741820393 0
1593377908773 0.20714997373182664 0
1593379122661 0.20421995882960883 0
1593380355129 0.2050180961801247 0
1593381603387 0.20492481169375507 0
1593382829340 0.20339035067820188 0
1593384046022 0.20533607878976248 0
1593385253190 0.20470961383685018 0
