1593214650386 0.21418008341291256 0
1593215470156 0.26005764110001367 0
1593216294857 0.23630777946104697 0
1593217120560 0.27975923857842205 0
1593217946331 0.21631599581396987 0
1593218783516 0.2638720813715316 0
1593219609343 0.22902611805165948 0
1593220425667 0.3125112291793306 0
1593221246295 0.31450650068350766 0
1593222072476 0.25535860674753597 0
1593222896365 0.3122568865304661 0
1593223724541 0.3509729177669621 0
1593224547496 0.3943034790922047 0
1593225374760 0.3524053737986795 0
1593226199406 0.3337898895817342 0
1593227021745 0.3214523532064922 0
1593227844705 0.3776122114297404 0
1593228650493 0.4016915361153688 0
1593229447320 0.36004531940059936 0
1593230242033 0.3256586837786555 0
1593231038136 0.3582220254135639 0
1593231832482 0.35037412616412 0
1593232630274 0.4169220723188298 0
1593233430365 0.3756445484033577 0
1593234226395 0.3602687950380113 0
1593235029401 0.41324962421669525 0
1593235827517 0.42189933758342885 0
1593236625555 0.4237636075542074 0
1593237426972 0.364774857118575 0
1593238227632 0.4082654289843998 0
1593239022978 0.40451279041146365 0
1593239820245 0.4166714626854892 0
1593240615718 0.36886576506322444 0
1593241411946 0.4262449788663625 0
1593242208774 0.42301399740545687 0
1593243016258 0.37289432908174386 0
1593243809927 0.39981703625385945 0
1593244604366 0.42661891038208477 0
1593245400124 0.40249820095519667 0
1593246195429 0.41047292852531675 0
1593246989949 0.4203602522118476 0
1593247785711 0.4126963466662107 0
1593248582949 0.4254023206829066 0
1593249382367 0.41264798616895293 0
1593250179259 0.4561456712373819 0
1593250975052 0.43032558033518487 0
1593251769607 0.41830183634820084 0
1593252567741 0.4095659080140814 0
1593253358060 0.4061767553123858 0
1593254157976 0.4466584946607658 0
1593254952389 0.44078342359731126 0
1593255753479 0.441604182617189 0
1593256554310 0.44756010661514095 0
1593257352219 0.42277902711606463 0
1593258150363 0.43156444437873986 0
1593258943612 0.44066498115710434 0
1593259742496 0.4496620186107259 0
1593260547118 0.44481220067978106 0
1593261343074 0.44430947381980024 0
1593262145923 0.45742160672178506 0
1593262942018 0.4497862184735665 0
1593263746761 0.44559767121130966 0
1593264546311 0.4482360780675833 0
1593265348578 0.4519517705007556 0
1593266142775 0.44144378600526774 0
1593266948165 0.44524524638077745 0
1593267750643 0.4243898622044546 0
1593268551843 0.43886315706503415 0
1593269350862 0.4379310738676951 0
1593270151497 0.4370683686004494 0
1593270949406 0.4439394600010678 0
1593271748538 0.4454788836815907 0
1593272549448 0.4546402957910405 0
1593273351299 0.44864521756603587 0
1593274343363 0.45153712385094197 0
1593275576192 0.4541041952147461 0
1593276819657 0.4448590701631106 0
1593278041161 0.45161354578762797 0
1593279274357 0.45911691053372183 0
1593280540439 0.45142603763490613 0
1593281763194 0.4465244265103206 0
