1593214650383 0.22315343299320142 0
1593215470154 0.27118734595358646 0
1593216294855 0.24620263289431343 0
1593217120558 0.29111077612934744 0
1593217946329 0.22501726189369947 0
1593218783513 0.27648295823451113 0
1593219609342 0.23786735055196215 0
1593220425665 0.32707306210149173 0
1593221246292 0.331028020501501 0
1593222072474 0.2648767123288627 0
1593222896363 0.3259762258545284 0
1593223724540 0.3659434454048806 0
1593224547494 0.41465386839820134 0
1593225374757 0.37043786120497046 0
1593226199404 0.3494600898968626 0
1593227021743 0.3351393780818639 0
1593227844702 0.3958376228884654 0
1593228650491 0.42179113022515524 0
1593229447318 0.3752386768515196 0
1593230242031 0.33940614715298467 0
1593231038134 0.37330672376963947 0
1593231832479 0.36581776796394133 0
1593232630271 0.4387178433750786 0
1593233430363 0.39304728410386236 0
1593234226392 0.37942687779072615 0
1593235029399 0.43343184097042864 0
1593235827515 0.44403023377536927 0
1593236625553 0.4444049986828626 0
1593237426970 0.3834904852868348 0
1593238227630 0.4282104136357829 0
1593239022976 0.42519893131113634 0
1593239820242 0.4354284702302004 0
1593240615716 0.385010077410731 0
1593241411944 0.4491470135628741 0
1593242208772 0.4439016677549359 0
1593243016256 0.3896915699588525 0
1593243809925 0.421123504482334 0
1593244604363 0.4488693490631874 0
1593245400122 0.4205430259984803 0
1593246195426 0.43148250873168426 0
1593246989947 0.44231372934671115 0
1593247785709 0.43233017973272303 0
1593248582947 0.44725605208516067 0
1593249382365 0.4341504678313005 0
1593250179257 0.48105286351676235 0
1593250975050 0.45257552286082703 0
1593251769604 0.4386373408377448 0
1593252567739 0.42860598952253653 0
1593253358058 0.4228381873091058 0
1593254157974 0.46920499551870337 0
1593254952387 0.46300777748606775 0
1593255753477 0.46228477498715587 0
1593256554300 0.46847935586483525 0
1593257352216 0.4433995335720061 0
1593258150361 0.4521943590474786 0
1593258943610 0.46187844339885553 0
1593259742494 0.4715278723137826 0
1593260547116 0.46642209319668304 0
1593261343071 0.4643628304701339 0
1593262145920 0.48034805849110507 0
1593262942016 0.47199601196004376 0
1593263746759 0.4671283672758613 0
1593264546308 0.47077384065657046 0
1593265348576 0.47459704200890224 0
1593266142772 0.46291003131969044 0
1593266948163 0.4680250677251653 0
1593267750641 0.44509760082970884 0
1593268551840 0.4603822263863022 0
1593269350860 0.4597385777428768 0
1593270151495 0.4585651708665304 0
1593270949404 0.4661870758457292 0
1593271748536 0.46779337594811476 0
1593272549446 0.4768408431907803 0
1593273351297 0.4710043831208514 0
1593274343360 0.47297276555888607 0
1593275576190 0.4758753589256218 0
1593276819645 0.46704716829552456 0
1593278041156 0.4733362533241511 0
1593279274354 0.4832435175494653 0
1593280540433 0.47482977993548914 0
1593281763191 0.4687803656678006 0
