1593214650397 0.49703416565051517 0
1593215470162 0.5261116353994362 0
1593216294864 0.5602314555312407 0
1593217120566 0.5985808593146809 0
1593217946337 0.5268876300940694 0
1593218783527 0.5716024821856225 0
1593219609350 0.5780766226962377 0
1593220425680 0.6254104809162956 0
1593221246314 0.5964816088264402 0
1593222072498 0.579735749968869 0
1593222896374 0.6178805536822992 0
1593223724547 0.6523473794435839 0
1593224547509 0.6423653716757306 0
1593225374768 0.647704548429989 0
1593226199417 0.6114382922363275 0
1593227021759 0.6227326031381792 0
1593227844717 0.6556415653742036 0
1593228650502 0.6572822170410082 0
1593229447332 0.6428340405043997 0
1593230242055 0.6173585458998357 0
1593231038153 0.6408805737862315 0
1593231832493 0.6416626081153808 0
1593232630296 0.6462904532608649 0
1593233430372 0.6459035511254952 0
1593234226407 0.622586681458453 0
1593235029413 0.6646338889629226 0
1593235827527 0.6537134939194827 0
1593236625567 0.6636372331422563 0
1593237426984 0.6314365919173082 0
1593238227646 0.6501565670679056 0
1593239022987 0.6555760770627602 0
1593239820259 0.6517056095277886 0
1593240615727 0.6256532687972608 0
1593241411957 0.6573145093025362 0
1593242208783 0.6520346319860946 0
1593243016267 0.6432552784856311 0
1593243809937 0.6570137250247021 0
1593244604374 0.6694795067182647 0
1593245400156 0.6573630767230896 0
1593246195440 0.6529743217448936 0
1593246989961 0.6603107134394764 0
1593247785720 0.6557311066788784 0
1593248582958 0.6647129661419281 0
1593249382379 0.6544830338716041 0
1593250179268 0.6744613721158569 0
1593250975071 0.6541976869891422 0
1593251769626 0.6546328671547034 0
1593252567750 0.6556639845679942 0
1593253358068 0.652311438561041 0
1593254157988 0.6649170317243206 0
1593254952401 0.6572151930924282 0
1593255753490 0.6563833120245858 0
1593256554327 0.6630850412572655 0
1593257352231 0.6593473080882738 0
1593258150372 0.6622406201008701 0
1593258943624 0.6654969386665882 0
1593259742506 0.6616343876923754 0
1593260547128 0.6667319049912301 0
1593261343083 0.6644100888029747 0
1593262145931 0.6620017561003565 0
1593262942027 0.6647592604059287 0
1593263746770 0.6605103319448828 0
1593264546323 0.6645357718138903 0
1593265348590 0.6656926410696011 0
1593266142787 0.6652229883885505 0
1593266948176 0.6642386619968199 0
1593267750655 0.6592282703371922 0
1593268551855 0.662148629458802 0
1593269350871 0.6628064201044077 0
1593270151506 0.6632809996429838 0
1593270949422 0.6619533561533812 0
1593271748548 0.6635706905665159 0
1593272549458 0.6694175611945676 0
1593273351314 0.6673821384391377 0
1593274343391 0.6686854124530753 0
1593275576230 0.6715512650158681 0
1593276819697 0.6636762309072932 0
1593278041193 0.6667872553261684 0
1593279274384 0.6659982161275486 0
1593280540492 0.6667899941992761 0
1593281763202 0.661569635943393 0
