1593214650381 0.2267670082382093 0
1593215470153 0.27721344744625215 0
1593216294853 0.24900763065254797 0
1593217120557 0.29532715499183465 0
1593217946328 0.22813207440563538 0
1593218783511 0.2809981279171264 0
1593219609340 0.24087389126777156 0
1593220425662 0.33279705276013594 0
1593221246290 0.33752145121818533 0
1593222072472 0.2691072478033028 0
1593222896360 0.330349734072208 0
1593223724539 0.3718031489066221 0
1593224547491 0.4231917908267823 0
1593225374755 0.3763317173858957 0
1593226199402 0.35439501020379965 0
1593227021740 0.3411203494324825 0
1593227844700 0.40380617143633224 0
1593228650489 0.4285794992573624 0
1593229447311 0.3812195274840203 0
1593230242028 0.34367858923022165 0
1593231038132 0.3786261411825061 0
1593231832477 0.372787797728907 0
1593232630269 0.4472664566206373 0
1593233430362 0.3997792151064171 0
1593234226390 0.38609902468727003 0
1593235029396 0.44149219661765715 0
1593235827512 0.45433530573869546 0
1593236625551 0.4533443201849976 0
1593237426967 0.39035480328662714 0
1593238227627 0.4363595823167537 0
1593239022974 0.433377781089735 0
1593239820240 0.44445678203600275 0
1593240615713 0.39277861662651276 0
1593241411942 0.4575619866331714 0
1593242208769 0.45210390637772785 0
1593243016253 0.39656677182267075 0
1593243809922 0.4289946061898662 0
1593244604360 0.4576262065765482 0
1593245400119 0.42719744252240305 0
1593246195424 0.44080095173523876 0
1593246989945 0.4509675777524626 0
1593247785706 0.4397194680089205 0
1593248582944 0.45421205412130256 0
1593249382363 0.4425000895990793 0
1593250179254 0.4903697824558541 0
1593250975048 0.45990652955040356 0
1593251769602 0.446095724164689 0
1593252567736 0.435374344108744 0
1593253358056 0.43037072314696573 0
1593254157971 0.47759284684624115 0
1593254952384 0.47112377230206715 0
1593255753475 0.4701435832542262 0
1593256554298 0.47674344339331126 0
1593257352214 0.4509531662947856 0
1593258150359 0.4598749879191772 0
1593258943607 0.46974601792500326 0
1593259742492 0.4793623976497121 0
1593260547114 0.4745454180503003 0
1593261343068 0.47226154869456777 0
1593262145918 0.4880263136846916 0
1593262942014 0.47933665501349426 0
1593263746757 0.47538983886378605 0
1593264546306 0.47814570130295114 0
1593265348574 0.48235099227294637 0
1593266142770 0.470682251404271 0
1593266948161 0.4762180130466461 0
1593267750639 0.4531994596487123 0
1593268551838 0.468210602144737 0
1593269350858 0.46786041637142284 0
1593270151493 0.4666900984475212 0
1593270949401 0.4747547270002312 0
1593271748533 0.4759542455868378 0
1593272549444 0.48552204439572655 0
1593273351295 0.47907115404714545 0
1593274343358 0.48153529608329876 0
1593275576188 0.4844083276307725 0
1593276819642 0.47559311157689715 0
1593278041154 0.48171261965670925 0
1593279274352 0.4915785067285911 0
1593280540423 0.48330953582009517 0
1593281763187 0.4771643826606652 0
