1593214650388 0.2041785123343501 0
1593215470157 0.2504517260035681 0
1593216294858 0.2256551649535992 0
1593217120561 0.2692540409899757 0
1593217946331 0.2081487189351209 0
1593218783517 0.2500135058657758 0
1593219609344 0.22093631202255226 0
1593220425668 0.29863841969834876 0
1593221246301 0.30162485711125747 0
1593222072478 0.2447871857317149 0
1593222896366 0.29987142234139597 0
1593223724542 0.33531311979588485 0
1593224547497 0.3768725806178838 0
1593225374761 0.3388235528474038 0
1593226199408 0.31992824856053803 0
1593227021746 0.3073802024199323 0
1593227844706 0.36207447014763644 0
1593228650494 0.38323232405826596 0
1593229447321 0.3428906887420178 0
1593230242034 0.313414347564413 0
1593231038137 0.3447337548159586 0
1593231832483 0.3357257968472834 0
1593232630275 0.39821910336767175 0
1593233430366 0.35875995102962854 0
1593234226396 0.3454329145813805 0
1593235029402 0.3979453399483529 0
1593235827518 0.4016225838729423 0
1593236625556 0.4074126555369241 0
1593237426973 0.34923360771608963 0
1593238227633 0.39031290463502255 0
1593239022979 0.3878312067677283 0
1593239820246 0.3978578177038372 0
1593240615719 0.3525792339453846 0
1593241411947 0.4057936496535048 0
1593242208775 0.4057133641543959 0
1593243016259 0.35685771695248986 0
1593243809929 0.3825607774127141 0
1593244604367 0.4092063592445312 0
1593245400125 0.38780264031081135 0
1593246195430 0.39288217925242563 0
1593246989951 0.4036185441700629 0
1593247785712 0.39464032202942195 0
1593248582950 0.40764911107989577 0
1593249382368 0.3968695312431691 0
1593250179260 0.43677012396021325 0
1593250975058 0.4107266874186915 0
1593251769613 0.39877900373300873 0
1593252567742 0.39292054332194226 0
1593253358061 0.3876704142530453 0
1593254157977 0.4289920881319185 0
1593254952390 0.4221562735149816 0
1593255753480 0.420262434591024 0
1593256554313 0.42728165819263725 0
1593257352220 0.4064760238742523 0
1593258150364 0.4121212016302948 0
1593258943613 0.4195965561524788 0
1593259742497 0.4276285956650988 0
1593260547119 0.42696707193029876 0
1593261343075 0.4244668820577062 0
1593262145924 0.43537926789314296 0
1593262942019 0.4296793837370925 0
1593263746762 0.42490107279645495 0
1593264546312 0.42748016543355205 0
1593265348579 0.4312339661906459 0
1593266142776 0.4229609515074334 0
1593266948166 0.4269679375566032 0
1593267750644 0.40727652301644734 0
1593268551844 0.4194622252272083 0
1593269350863 0.4196442868541992 0
1593270151498 0.4186094185372046 0
1593270949407 0.42445385506762834 0
1593271748539 0.4281219119243828 0
1593272549449 0.4346657976400537 0
1593273351300 0.42977678842131767 0
1593274343366 0.4308052546726724 0
1593275576199 0.4344046685854019 0
1593276819660 0.4258773414135533 0
1593278041166 0.43247945229799295 0
1593279274361 0.4386050809842324 0
1593280540445 0.43246760832421205 0
1593281763195 0.4276206085553983 0
