1593214650395 0.534561088455649 0
1593215470161 0.5548448216856293 0
1593216294863 0.6025246600628064 0
1593217120565 0.6367538487016173 0
1593217946336 0.5620127657686868 0
1593218783525 0.6144621079995859 0
1593219609349 0.6138113564879301 0
1593220425678 0.6662833525870923 0
1593221246313 0.6352442620274491 0
1593222072495 0.6199072006363544 0
1593222896373 0.6572355063894172 0
1593223724546 0.693084708259797 0
1593224547507 0.6852081450271983 0
1593225374767 0.6881232946817105 0
1593226199415 0.6528363101365301 0
1593227021757 0.6664364310976808 0
1593227844715 0.6966271164371158 0
1593228650501 0.6973226831797256 0
1593229447330 0.6894983133519306 0
1593230242052 0.6493804634635099 0
1593231038149 0.6818750103078595 0
1593231832491 0.6813448073911519 0
1593232630292 0.686756043669018 0
1593233430371 0.6856671314001762 0
1593234226405 0.6601163578572128 0
1593235029410 0.7027972440153888 0
1593235827525 0.6995838046212804 0
1593236625564 0.7015255455876235 0
1593237426982 0.6737023417712131 0
1593238227643 0.6987728261229589 0
1593239022986 0.6962380166565677 0
1593239820257 0.6912223851477124 0
1593240615725 0.6689952738910258 0
1593241411955 0.6986575745920792 0
1593242208782 0.6907297127679953 0
1593243016266 0.6896845871951589 0
1593243809936 0.6961634528320901 0
1593244604373 0.7074705128381625 0
1593245400153 0.6943273267315506 0
1593246195438 0.6948090139152245 0
1593246989960 0.6979220163248916 0
1593247785718 0.696300464335445 0
1593248582957 0.702362581553333 0
1593249382377 0.6911255626594804 0
1593250179267 0.713268164626382 0
1593250975070 0.6953326992688489 0
1593251769625 0.6975559324355076 0
1593252567749 0.6920946333801467 0
1593253358067 0.6955759826841342 0
1593254157985 0.7021149133539101 0
1593254952399 0.7013840688711253 0
1593255753488 0.7023085251975408 0
1593256554325 0.7035395313843825 0
1593257352229 0.696397410701195 0
1593258150371 0.7046496616345306 0
1593258943622 0.7067286375466499 0
1593259742504 0.704969038742151 0
1593260547126 0.7043983119348416 0
1593261343082 0.7034320028327021 0
1593262145930 0.7052117193502612 0
1593262942026 0.7050388608821483 0
1593263746768 0.7023746497123452 0
1593264546321 0.7053781502276157 0
1593265348588 0.7081638300879692 0
1593266142785 0.7037637702782129 0
1593266948174 0.7016142349469042 0
1593267750652 0.6966286877982832 0
1593268551853 0.7026206722387099 0
1593269350870 0.7031238312047138 0
1593270151505 0.7023925877852528 0
1593270949420 0.701761285276943 0
1593271748546 0.7024780379732357 0
1593272549456 0.7094451472430348 0
1593273351307 0.7052747050262869 0
1593274343387 0.7100406424444362 0
1593275576224 0.711422480449422 0
1593276819680 0.7025514363631021 0
1593278041191 0.7069289435836212 0
1593279274380 0.7070110876850029 0
1593280540484 0.7080325982445862 0
1593281763201 0.7024210277445208 0
