1593214597704 0.16574211238008557 0
1593215423344 0.1533417978013555 0
1593216245737 0.14870536896033268 0
1593217071588 0.14709046285486582 0
1593217897462 0.1443985007548084 0
1593218734812 0.14346222757277163 0
1593219559576 0.14287968880186477 0
1593220377068 0.14074566589216841 0
1593221196988 0.14057729582330494 0
1593222023962 0.13907282213878 0
1593222848737 0.13570667130195282 0
1593223676336 0.13460311934239033 0
1593224499901 0.13354358048827358 0
1593225327428 0.13445831612316947 0
1593226150631 0.13295374757074047 0
1593226973954 0.1328292849022105 0
1593227796607 0.1325034372734301 0
1593228605452 0.13231528347188776 0
1593229400776 0.1317242322574285 0
1593230194942 0.13191333029306296 0
1593230990876 0.12921114123398156 0
1593231786548 0.12898327144935276 0
1593232585068 0.12856534229252825 0
1593233384672 0.12829581662222292 0
1593234180182 0.12767773458141496 0
1593234984224 0.12770594439158836 0
1593235782785 0.12813221867845365 0
1593236581017 0.12780078359399782 0
1593237380608 0.12743546535740746 0
1593238181648 0.12747723001027197 0
1593238977148 0.1262709012424404 0
1593239774673 0.1263148874947519 0
1593240569387 0.126324890520085 0
1593241366741 0.12577698169501894 0
1593242162574 0.12556747180607283 0
1593242970366 0.12537733214258245 0
1593243764579 0.12562748452535633 0
1593244559619 0.12531592576962078 0
1593245354404 0.12536363772144823 0
1593246149377 0.12545171912025774 0
1593246944703 0.12440735894735112 0
1593247739866 0.12414909641004422 0
1593248537331 0.12462099511740786 0
1593249336900 0.12430995210271442 0
1593250133243 0.12395318910818208 0
1593250928769 0.12424954489776582 0
1593251724837 0.12398827112646717 0
1593252522049 0.12339883667388649 0
1593253312487 0.12395026210243955 0
1593254112653 0.12400176218061736 0
1593254906489 0.12374424869476845 0
1593255707307 0.12353014883895715 0
1593256509141 0.12354644883254712 0
1593257307467 0.12344489950743137 0
1593258104531 0.12359224269731027 0
1593258900114 0.12366543928951476 0
1593259697469 0.12391598292654663 0
1593260500683 0.1234454912923728 0
1593261296228 0.12356103012676943 0
1593262100185 0.12388292196291414 0
1593262897649 0.12314066122935126 0
1593263701095 0.12301103605634787 0
1593264499892 0.12305990943798062 0
1593265302361 0.12307375556591785 0
1593266097656 0.1233230299231681 0
1593266902100 0.12302278960123658 0
1593267704069 0.12313181527354049 0
1593268504845 0.12332496531025479 0
1593269304656 0.12293749912218614 0
1593270105235 0.12281426165083592 0
1593270903637 0.12314820059603362 0
1593271703514 0.1227979516384728 0
1593272502910 0.12283073345932996 0
1593273303847 0.12283413330883239 0
1593274258213 0.12313186687727769 0
1593275497916 0.12296004253298495 0
1593276736419 0.12315406670060122 0
1593277955169 0.12286150221233115 0
1593279190701 0.12315058076020444 0
1593280465881 0.12287403047649247 0
1593281676679 0.12275848863646388 0
