1592676363851 0.7477888964677737 0
1592677014805 0.8134047849016834 0
1592677663130 0.7714186871393967 0
1592678314064 0.8346265538699279 0
1592678963193 0.8429102369811792 0
1592679610959 0.8177108739883772 0
1592680258619 0.8203491790349644 0
1592680909085 0.8246174708558339 0
1592681555600 0.8338100841402156 0
1592682203049 0.8233291542630187 0
1592682852252 0.8250757089503225 0
1592683501870 0.8016669405356064 0
1592684150059 0.8454280064922414 0
1592684799311 0.8353455210771987 0
1592685449229 0.822151192104635 0
1592686096345 0.8498610213844664 0
1592686745066 0.833871130700498 0
1592687394492 0.8445328205735069 0
1592688041664 0.8456573744343893 0
1592688692258 0.8362921273432791 0
1592689340217 0.8533608952390905 0
1592689986524 0.8559304658551218 0
1592690635238 0.8544855671067011 0
1592691283662 0.848544577500843 0
1592691932041 0.847862996166256 0
1592692584238 0.8433088150591648 0
1592693232099 0.8500620926022058 0
1592693880102 0.8386061160793232 0
1592694527245 0.8446257364001079 0
1592695174878 0.8445958211707242 0
1592695822797 0.8496041034717942 0
1592696474403 0.8503714591634153 0
1592697107716 0.851750597152358 0
1592697737917 0.8410851103124248 0
1592698368789 0.8443411794406616 0
1592698999795 0.8460903590414166 0
1592699632712 0.8508220763060671 0
1592700265662 0.8459371873831824 0
1592700897487 0.8466615208746292 0
1592701532625 0.8487301280879949 0
1592702163976 0.8547306664976306 0
1592702796797 0.8487349137513361 0
1592703429363 0.8534217089010915 0
1592704064410 0.855300647147238 0
1592704697802 0.8499238643673834 0
1592705331144 0.8531210213253111 0
1592705963648 0.8570733706065831 0
1592706614454 0.8527359802995514 0
1592707325711 0.8534123722706742 0
1592708041993 0.8543139223841025 0
1592708755553 0.8484869727434342 0
