1592676363849 0.5398862396609054 0
1592677014803 0.6000432980796274 0
1592677663128 0.592522098501696 0
1592678314062 0.6665764759884616 0
1592678963191 0.6478579683539234 0
1592679610957 0.6522771573507653 0
1592680258616 0.6708991603697221 0
1592680909083 0.6643539092427151 0
1592681555597 0.6822232793565067 0
1592682203047 0.6625898836049565 0
1592682852250 0.6819480451209315 0
1592683501868 0.66804455214374 0
1592684150057 0.7159905880058377 0
1592684799309 0.6903186692866561 0
1592685449227 0.6852033004721269 0
1592686096342 0.7167631753807784 0
1592686745064 0.697139106075391 0
1592687394490 0.7198505628077358 0
1592688041662 0.710004842349715 0
1592688692256 0.70210084740472 0
1592689340215 0.7302789193590654 0
1592689986522 0.7417742886837224 0
1592690635236 0.7322547792188864 0
1592691283659 0.7321742066398803 0
1592691932039 0.7213303883226536 0
1592692584236 0.7201552830127314 0
1592693232097 0.725050457474505 0
1592693880100 0.7188533282078815 0
1592694527243 0.723454025263026 0
1592695174876 0.7365293696512945 0
1592695822795 0.7256347723682649 0
1592696474401 0.7395368130855802 0
1592697107714 0.7388552186327393 0
1592697737915 0.7249754572744037 0
1592698368787 0.7325489827515222 0
1592698999792 0.7375375657722227 0
1592699632709 0.7378308270984932 0
1592700265660 0.7290879580961219 0
1592700897484 0.733925894696247 0
1592701532622 0.7388595540022435 0
1592702163974 0.7434800276645712 0
1592702796795 0.7396067793125853 0
1592703429361 0.7431793089847598 0
1592704064407 0.7449970483259849 0
1592704697800 0.7394056657087255 0
1592705331142 0.743019834190359 0
1592705963645 0.7426288644392179 0
1592706614452 0.7444845047762995 0
1592707325703 0.7471568166579728 0
1592708041991 0.7462814355094406 0
1592708755550 0.738200138824198 0
