1592676363848 0.5488925283601008 0
1592677014803 0.6111594968159879 0
1592677663128 0.6017863500771238 0
1592678314061 0.6789391375799037 0
1592678963190 0.6588284769541273 0
1592679610956 0.6630574958339738 0
1592680258616 0.6820933110670946 0
1592680909082 0.6750494616770252 0
1592681555597 0.6933076321405437 0
1592682203046 0.6723900640353203 0
1592682852249 0.6930096272829621 0
1592683501867 0.6771649573985533 0
1592684150056 0.726610845194621 0
1592684799308 0.7019333020300049 0
1592685449227 0.6971449360230931 0
1592686096341 0.7284645220774096 0
1592686745063 0.7078144181908776 0
1592687394489 0.7318772366268069 0
1592688041662 0.7210632610426397 0
1592688692255 0.7140199570787067 0
1592689340214 0.7419596215217988 0
1592689986521 0.7537912254349586 0
1592690635235 0.744254949254158 0
1592691283657 0.7428034966114333 0
1592691932038 0.7329818095042924 0
1592692584235 0.7311688863990976 0
1592693232096 0.7359378725586941 0
1592693880099 0.7294822691760852 0
1592694527242 0.735414265578181 0
1592695174875 0.7471805500378845 0
1592695822794 0.7373280378563931 0
1592696474400 0.7511746122043326 0
1592697107713 0.7509565628205972 0
1592697737914 0.7363835066477328 0
1592698368786 0.7439872449361036 0
1592698999792 0.7495292045939262 0
1592699632708 0.7496641362556637 0
1592700265659 0.7407099281867308 0
1592700897483 0.745249610041999 0
1592701532621 0.7500674027411718 0
1592702163974 0.7555335942374569 0
1592702796794 0.7511441716317687 0
1592703429360 0.7545564950835467 0
1592704064406 0.7565867735633525 0
1592704697799 0.7508086070522527 0
1592705331141 0.7548713505313259 0
1592705963645 0.7530927446295801 0
1592706614451 0.7559284030697276 0
1592707325702 0.7592945913108092 0
1592708041989 0.7583934644086001 0
1592708755550 0.7492945778592933 0
