1592676251386 0.842712684786982 0
1592676904292 0.7345157729420397 0
1592677553023 0.6990914695709943 0
1592678204040 0.6829673894494772 0
1592678853527 0.6660004435810778 0
1592679501044 0.6518513638236456 0
1592680149168 0.64014373621179 0
1592680799193 0.6336485576298502 0
1592681446021 0.6195974464300606 0
1592682093180 0.6163363557681442 0
1592682742545 0.5839577637447251 0
1592683392264 0.5708873107408484 0
1592684040528 0.5683848186292582 0
1592684689841 0.5595142420091562 0
1592685339833 0.5573374659650856 0
1592685986599 0.5497107106323044 0
1592686635341 0.5480071565695107 0
1592687285025 0.5403596332648563 0
1592687932442 0.5346696554331316 0
1592688582410 0.5306973066429297 0
1592689230249 0.5135685780623721 0
1592689877004 0.5097829796560108 0
1592690525382 0.5054059560596943 0
1592691173906 0.5026845909758575 0
1592691822550 0.49908805092589725 0
1592692474525 0.4959314321188463 0
1592693121932 0.4899976480731534 0
1592693770423 0.4871245342099832 0
1592694417889 0.4847277807920343 0
1592695065653 0.4811642125600742 0
1592695713197 0.4727823145190875 0
1592696364692 0.4669605400723716 0
1592696999569 0.46945455761626365 0
1592697629481 0.46713019105088377 0
1592698260377 0.46420964755531813 0
1592698891720 0.46205703034996987 0
1592699524386 0.4615773332864046 0
1592700157351 0.45788893807058534 0
1592700788960 0.4578618142608967 0
1592701424453 0.45683300394357906 0
1592702055337 0.4522243098417918 0
1592702688631 0.44998948621667095 0
1592703321227 0.450846254217128 0
1592703956129 0.4483536397624347 0
1592704589538 0.44540343014523387 0
1592705222952 0.4465643487104939 0
1592705855344 0.44643940686558686 0
1592706497934 0.4420649736426357 0
1592707209060 0.4406618044049376 0
1592707925589 0.4443017963733938 0
1592708639761 0.4414016007166356 0
