1592676251383 0.2708547978599866 0
1592676904290 0.24158421880669065 0
1592677553019 0.23332788000504176 0
1592678204038 0.22766829722457463 0
1592678853524 0.22294593456718656 0
1592679501041 0.2191553161210484 0
1592680149166 0.2161591112282541 0
1592680799189 0.2134595776597659 0
1592681446019 0.21064249816868041 0
1592682093178 0.20862041489945518 0
1592682742543 0.19953772422340182 0
1592683392262 0.19601214945316314 0
1592684040524 0.19375590807861753 0
1592684689836 0.19094130317370098 0
1592685339831 0.18948597735828823 0
1592685986595 0.18765235301521088 0
1592686635339 0.18712837937805388 0
1592687285023 0.18374546647071838 0
1592687932438 0.18293417202101814 0
1592688582408 0.181802213953601 0
1592689230246 0.17565099898311826 0
1592689877002 0.1747828205757671 0
1592690525380 0.1727103968626923 0
1592691173904 0.1704787489440706 0
1592691822547 0.17042380720376968 0
1592692474523 0.16980459473199314 0
1592693121929 0.16685608391960463 0
1592693770421 0.16459844804472393 0
1592694417886 0.16474853843450546 0
1592695065651 0.16339635943373043 0
1592695713194 0.15986865513854556 0
1592696364690 0.15826931504739655 0
1592696999565 0.1596873978111479 0
1592697629478 0.15697780518068208 0
1592698260375 0.1570046648548709 0
1592698891718 0.15572404714094268 0
1592699524382 0.15502906898657481 0
1592700157348 0.15434025729695955 0
1592700788958 0.15362944162554212 0
1592701424450 0.15403153997328548 0
1592702055335 0.15246159775389564 0
1592702688629 0.1511252343489064 0
1592703321222 0.15137428907884493 0
1592703956127 0.15041397114594776 0
1592704589535 0.1499623244835271 0
1592705222950 0.1496279031700558 0
1592705855341 0.1498772721654839 0
1592706497928 0.14902976498007775 0
1592707209058 0.14713574060135418 0
1592707925586 0.1490132370756732 0
1592708639759 0.14713649481534957 0
