1592676251384 0.1170824956893921 0
1592676904290 0.08208268067902989 0
1592677553020 0.07367565942307314 0
1592678204039 0.06920929780436887 0
1592678853525 0.06592124715447426 0
1592679501042 0.0634431125016676 0
1592680149167 0.058821126893162726 0
1592680799190 0.05941270094778803 0
1592681446020 0.05600967060360643 0
1592682093179 0.05700945790857077 0
1592682742544 0.04923809766769409 0
1592683392263 0.0467903864921795 0
1592684040525 0.04614451472544008 0
1592684689838 0.04489609891755714 0
1592685339832 0.04551535424258974 0
1592685986596 0.04349589634686708 0
1592686635339 0.04372697376749582 0
1592687285024 0.0439512750485705 0
1592687932439 0.04055921523521344 0
1592688582409 0.04017154917120933 0
1592689230247 0.03742516037283672 0
1592689877003 0.03757875096673767 0
1592690525381 0.03791101536817021 0
1592691173905 0.03729413252116905 0
1592691822548 0.0370814591853155 0
1592692474524 0.03639186097929875 0
1592693121930 0.03614508551648921 0
1592693770422 0.03495628372869558 0
1592694417887 0.03450901124833359 0
1592695065652 0.034883046549641424 0
1592695713195 0.03319572475221422 0
1592696364690 0.032765640010022454 0
1592696999566 0.03270254067455729 0
1592697629479 0.03373261006962922 0
1592698260376 0.032250617026454875 0
1592698891719 0.03194569483399391 0
1592699524384 0.03216089428299003 0
1592700157349 0.03164479260436363 0
1592700788958 0.03192874093229572 0
1592701424451 0.03208858168994387 0
1592702055336 0.03137722988923391 0
1592702688630 0.03110928137683206 0
1592703321224 0.030904351675675974 0
1592703956127 0.030335283101432853 0
1592704589536 0.029263251951585214 0
1592705222950 0.03066617249407702 0
1592705855342 0.030586091373115777 0
1592706497929 0.02918830727227032 0
1592707209059 0.03043704931313793 0
1592707925587 0.030274311833911473 0
1592708639759 0.03042022390808496 0
