1592877095695 0.3288940218681682 0
1592877516116 0.2665928673514223 0
1592877936194 0.2896930435884311 0
1592878357185 0.3924980194111105 0
1592878777419 0.4233669051583897 0
1592879199332 0.45311854338554136 0
1592879619808 0.36967452921520155 0
1592880041435 0.3665433547543486 0
1592880462488 0.486477265675681 0
1592880884253 0.3416858856961856 0
1592881305588 0.49341016042490704 0
1592881726864 0.46541114470693207 0
1592882147880 0.4716390113961606 0
1592882569993 0.40039998294108825 0
1592882992671 0.5158438840246731 0
1592883414665 0.45337946562078885 0
1592883835146 0.5066789419766748 0
1592884256541 0.48315687195818446 0
1592884677485 0.3016318439812623 0
1592885098884 0.4964867312810466 0
1592885519635 0.5251637896123706 0
1592885940832 0.434624891727285 0
1592886362092 0.3829720657102649 0
1592886783483 0.5201815412834265 0
1592887203906 0.49683141348903653 0
1592887625202 0.5350509649361853 0
1592888045839 0.5418739677534091 0
1592888467125 0.5198992936082842 0
1592888887713 0.5314545799914852 0
1592889310267 0.4505237822897257 0
1592889730546 0.5093189515211825 0
1592890152103 0.4966055784039405 0
1592890571603 0.5076302424587841 0
1592890992510 0.5076091385320974 0
1592891412784 0.4688562862502794 0
1592891833712 0.5923982879802818 0
1592892254765 0.5302634070297022 0
1592892675723 0.5477790364928171 0
1592893095408 0.40450178082550453 0
1592893516651 0.47442604076532274 0
1592893939314 0.5326735579509843 0
1592894378446 0.5454765207573232 0
1592894834227 0.5426734248022045 0
1592895291648 0.5489882211694388 0
1592895732973 0.545718770683214 0
1592896197093 0.5373363570404651 0
1592896652023 0.5526659636235506 0
1592897105503 0.5518231539173936 0
1592897547985 0.5497391801921121 0
1592897996879 0.5528191174174216 0
