1592877066423 0.17994337298107388 0
1592877491536 0.13189230387284415 0
1592877911589 0.12539050246703834 0
1592878332886 0.11991860545345909 0
1592878753307 0.11407612388958259 0
1592879175179 0.1136443371267553 0
1592879595503 0.11148545456585716 0
1592880017001 0.11021748623372025 0
1592880438241 0.10702379803250658 0
1592880859854 0.1071890134232996 0
1592881281362 0.10598562310170617 0
1592881702713 0.10344828649304376 0
1592882123767 0.1027071530126054 0
1592882545742 0.10171559982714935 0
1592882968408 0.09909999426876567 0
1592883390456 0.09688658288372703 0
1592883810914 0.09657129473627665 0
1592884232353 0.09309912727258968 0
1592884652813 0.09256069147748221 0
1592885074737 0.09194752555668954 0
1592885495374 0.08824754367472243 0
1592885916677 0.09008863360459168 0
1592886337739 0.08756679467744281 0
1592886759218 0.08626298376497453 0
1592887179797 0.08596887622938798 0
1592887600986 0.08218725176260663 0
1592888021624 0.08271145475770274 0
1592888442961 0.08148774000292912 0
1592888863619 0.08103188639154812 0
1592889286098 0.0801289267040395 0
1592889706141 0.0791089807423559 0
1592890127877 0.0767897506190525 0
1592890547447 0.07727617633432826 0
1592890968387 0.07600239528723117 0
1592891388598 0.07249941767406853 0
1592891809729 0.07290018848624427 0
1592892230153 0.07111567152096357 0
1592892651679 0.06891771061029238 0
1592893071178 0.06967859837679329 0
1592893492420 0.06869962224056499 0
1592893914973 0.06913084051189404 0
1592894349044 0.06847918655850012 0
1592894804880 0.06808768993276418 0
1592895263642 0.06606421798880514 0
1592895706142 0.06578051172647278 0
1592896166389 0.06730198307005074 0
1592896626334 0.0662804088116593 0
1592897075903 0.06687112599939708 0
1592897520118 0.0649000057547121 0
1592897967610 0.06588732214029926 0
