1590453661941 0.1603718414850225 0
1590454093494 0.18839111719868346 0
1590454524933 0.13121914136636967 0
1590454956499 0.22043007185997085 0
1590455388373 0.22576460886246613 0
1590455821413 0.21408421702049032 0
1590456252923 0.23175765327708348 0
1590456685890 0.22219625559222994 0
1590457116105 0.274540427608816 0
1590457549003 0.21029833661673758 0
1590457980594 0.2726421528575185 0
1590458412861 0.2725210061119632 0
1590458844898 0.2841493168214857 0
1590459277314 0.2702459021218513 0
1590459709750 0.2794780630984566 0
1590460142705 0.27231528778419356 0
1590460574805 0.2838487243280093 0
1590461007555 0.2755078983422142 0
1590461439529 0.2811637252357348 0
1590461873329 0.27890692864361505 0
1590462305641 0.28105092140331367 0
1590462738321 0.2793733618916612 0
1590463170970 0.2809543656054582 0
1590463604059 0.27883635549028685 0
1590464036401 0.28519900702965384 0
1590464469520 0.2839664057299701 0
1590464901701 0.28274794818595383 0
1590465334595 0.28310488636404946 0
1590465767539 0.28636258252941393 0
