1590453661953 0.09613962573867642 0
1590454093501 0.11541473695429967 0
1590454524942 0.06689625916673934 0
1590454956507 0.12484937965784138 0
1590455388380 0.12795859211915456 0
1590455821428 0.13434833892399295 0
1590456252930 0.13908185420028432 0
1590456685897 0.13761276544152254 0
1590457116114 0.16491936283150663 0
1590457549012 0.13164927510889704 0
1590457980602 0.15440451455234594 0
1590458412869 0.15871800457478036 0
1590458844911 0.16660598181057448 0
1590459277322 0.1607395915726232 0
1590459709764 0.16523812820695163 0
1590460142720 0.15788221250548287 0
1590460574814 0.16825756223457575 0
1590461007563 0.1588379352676444 0
1590461439538 0.16643264465983976 0
1590461873338 0.16377807313096687 0
1590462305652 0.16447721912038427 0
1590462738333 0.1635132827473918 0
1590463170984 0.16383481655831342 0
1590463604075 0.16247053102164452 0
1590464036410 0.16605126810937457 0
1590464469528 0.16472180808935702 0
1590464901710 0.16404283478036427 0
1590465334603 0.1650980345706187 0
1590465767547 0.1664984339027519 0
