1590453661939 0.16775766655230073 0
1590454093492 0.19598359853507677 0
1590454524931 0.14209378782818052 0
1590454956497 0.23020244419131705 0
1590455388371 0.23439683250052312 0
1590455821410 0.22232942227985322 0
1590456252921 0.24058779212755324 0
1590456685887 0.22961059034851253 0
1590457116102 0.28481087632137486 0
1590457549000 0.21732011424412248 0
1590457980592 0.2833752860452288 0
1590458412859 0.28314270657161505 0
1590458844894 0.29526839432219426 0
1590459277312 0.28067684332339937 0
1590459709747 0.2905284399874954 0
1590460142702 0.28298120912870256 0
1590460574803 0.296092758140821 0
1590461007553 0.2863813979458275 0
1590461439527 0.29223655481694616 0
1590461873327 0.2896271011110608 0
1590462305639 0.2918868530952104 0
1590462738318 0.2904345116104527 0
1590463170967 0.2918734617765508 0
1590463604056 0.2898649064287825 0
1590464036399 0.29667395475854036 0
1590464469518 0.29504684087692457 0
1590464901699 0.29403439816907506 0
1590465334593 0.2944951016475427 0
1590465767537 0.29790888732252235 0
