1590453661966 0.1547380488832516 0
1590454093513 0.19646825265952478 0
1590454524961 0.09698094318866929 0
1590454956521 0.21922327417484666 0
1590455388392 0.2283517535771257 0
1590455821445 0.23602325262460983 0
1590456252942 0.22585491502919938 0
1590456685909 0.22756091971227518 0
1590457116127 0.25198141668066165 0
1590457549027 0.22172960918893542 0
1590457980614 0.24482724200545272 0
1590458412881 0.24710241880534237 0
1590458844930 0.250379611878442 0
1590459277333 0.2469660702174259 0
1590459709783 0.2499546153155205 0
1590460142744 0.2447112312956491 0
1590460574826 0.2517052991351327 0
1590461007576 0.24398892294484242 0
1590461439551 0.24910586319306185 0
1590461873354 0.2491964831200685 0
1590462305665 0.24968864137269517 0
1590462738354 0.248693927779478 0
1590463170996 0.2491459980629274 0
1590463604096 0.24839959739542317 0
1590464036426 0.2513092545724657 0
1590464469540 0.24946459929404854 0
1590464901723 0.24881383495951054 0
1590465334620 0.2498809276561115 0
1590465767560 0.25093188956586504 0
