1590453661962 0.19394464583335344 0
1590454093509 0.24858218846347174 0
1590454524956 0.13162226461645463 0
1590454956516 0.2877105592940013 0
1590455388388 0.3015829159848482 0
1590455821441 0.30091342009417077 0
1590456252939 0.28944241968255413 0
1590456685906 0.28755714675332955 0
1590457116122 0.3194006434719526 0
1590457549022 0.27882173542351946 0
1590457980610 0.3232080330423365 0
1590458412877 0.32116091562651045 0
1590458844923 0.32331783398215624 0
1590459277329 0.3190039862175451 0
1590459709777 0.32281514966214025 0
1590460142735 0.31896998649062663 0
1590460574822 0.3243501076446959 0
1590461007572 0.3190186102443138 0
1590461439547 0.32205180536866174 0
1590461873349 0.32276055796302144 0
1590462305660 0.32364791231311546 0
1590462738347 0.3218531754896308 0
1590463170992 0.32339294234177185 0
1590463604089 0.3223364777140505 0
1590464036421 0.32571446812856314 0
1590464469536 0.3243197339748214 0
1590464901718 0.32315484292185076 0
1590465334612 0.3238889841069999 0
1590465767556 0.3249405203002791 0
