1590453661960 0.20647705282286447 0
1590454093508 0.26417185002582255 0
1590454524954 0.14614044872398818 0
1590454956514 0.3125388599118036 0
1590455388386 0.3249370522674998 0
1590455821438 0.3239849406523574 0
1590456252936 0.3111064716518874 0
1590456685904 0.30554630734900773 0
1590457116120 0.3413792931800344 0
1590457549020 0.29637691393038534 0
1590457980608 0.3454275125118198 0
1590458412875 0.3429629507453258 0
1590458844920 0.3458506174469378 0
1590459277327 0.34100793010239083 0
1590459709774 0.3446248675977427 0
1590460142730 0.34069177426364994 0
1590460574820 0.34540106623724665 0
1590461007569 0.34085614542775416 0
1590461439545 0.34448571058392125 0
1590461873345 0.3454519293355401 0
1590462305658 0.3460778947005565 0
1590462738344 0.344512658620991 0
1590463170990 0.34619503543234226 0
1590463604086 0.34513520705409045 0
1590464036419 0.3485701529359043 0
1590464469534 0.34677917095173905 0
1590464901716 0.34623892709625603 0
1590465334610 0.3467977810585786 0
1590465767554 0.34732497844705407 0
