1590453574715 0.2804230968275014 0
1590454010565 0.25282959714972764 0
1590454441661 0.24612109213185734 0
1590454874429 0.24011028972426815 0
1590455305964 0.2338392728796372 0
1590455738495 0.23080130353481812 0
1590456170459 0.22819897779346218 0
1590456602952 0.22696745038561567 0
1590457034120 0.22312106028992748 0
1590457465899 0.22159683739645242 0
1590457898191 0.21323862852605843 0
1590458330928 0.20988369882988506 0
1590458762913 0.20975494287775817 0
1590459194989 0.20902750795409525 0
1590459627695 0.20921601363893091 0
1590460060341 0.20735145620340426 0
1590460492817 0.2067337558114317 0
1590460925569 0.2064868703749053 0
1590461357532 0.205633160983317 0
1590461791060 0.20501730798264228 0
1590462223634 0.20505229207361944 0
1590462656167 0.20485931454149223 0
1590463088939 0.2046457402099519 0
1590463521877 0.2036756535870789 0
1590463954267 0.2047219985776399 0
1590464387357 0.2036959498944367 0
1590464819741 0.2027923202461745 0
1590465252497 0.20451984312054675 0
1590465685454 0.20348228135052518 0
