1590453574718 0.2864801029746349 0
1590454010568 0.23062910979404252 0
1590454441664 0.21515040829248683 0
1590454874435 0.2069578429783237 0
1590455305968 0.19879888888646866 0
1590455738504 0.1925531895996551 0
1590456170464 0.18884549585319835 0
1590456602957 0.18192936319130412 0
1590457034124 0.17963082793019933 0
1590457465903 0.1748832478987042 0
1590457898196 0.1585593594337356 0
1590458330932 0.15366791905118868 0
1590458762917 0.14999048101037918 0
1590459194993 0.15106672526904819 0
1590459627698 0.14619839209071278 0
1590460060347 0.14451074547316195 0
1590460492820 0.14531055390393946 0
1590460925572 0.1433007059585766 0
1590461357536 0.14175107504224635 0
1590461791064 0.14047709230840558 0
1590462223638 0.13959345133346918 0
1590462656170 0.13980412264988268 0
1590463088943 0.1372738132176138 0
1590463521881 0.13848891662510895 0
1590463954270 0.13872496386956887 0
1590464387362 0.13712425500198583 0
1590464819744 0.13913231909539572 0
1590465252500 0.1383584026886514 0
1590465685458 0.13871357013532043 0
