1590453574713 0.34334683166982155 0
1590454010562 0.29748552843663817 0
1590454441657 0.28605895172033086 0
1590454874425 0.2773145579639271 0
1590455305961 0.26916009531571317 0
1590455738489 0.26265382603604415 0
1590456170454 0.260156624989044 0
1590456602949 0.25522342249310226 0
1590457034114 0.2543225241659661 0
1590457465895 0.24901916725924733 0
1590457898187 0.2362541006602479 0
1590458330925 0.23174489483501784 0
1590458762911 0.23087199988978854 0
1590459194986 0.2303105685749703 0
1590459627689 0.23000052963664547 0
1590460060338 0.22667416974284946 0
1590460492813 0.22622217903652134 0
1590460925565 0.2249785570438797 0
1590461357528 0.22359953648768938 0
1590461791057 0.22355659442716802 0
1590462223631 0.22167209985517186 0
1590462656164 0.221165888408232 0
1590463088935 0.22264525245808992 0
1590463521873 0.22134078805439572 0
1590463954264 0.22157250432925818 0
1590464387354 0.22187756694103838 0
1590464819737 0.2207113822271838 0
1590465252494 0.220908417239697 0
1590465685452 0.22014555096978972 0
