1590489784668 0.5069557928026751 0
1590490666461 0.5558662374431843 0
1590491549344 0.6281992358911239 0
1590492431057 0.609021658045669 0
1590493311386 0.6239116949640527 0
1590494192975 0.6267418494450976 0
1590495073006 0.6591394393976642 0
1590495953796 0.6479840984573566 0
1590496833511 0.6772043850917555 0
1590497712984 0.685256367392667 0
1590498591388 0.7672359142696696 0
1590499470333 0.7846339509661926 0
1590500348623 0.7829409853202911 0
1590501227991 0.7602876436265585 0
1590502108750 0.7801363190963359 0
1590503811344 0.7800123401500557 0
1590504665067 0.7815649867186467 0
1590505519711 0.7786798376528543 0
1590506374189 0.7884241042179057 0
1590507230323 0.7981622835775395 0
1590508085410 0.7860800586608602 0
1590508940916 0.7819996662507477 0
1590509795859 0.7764832886781421 0
1590510650813 0.7787203783639669 0
1590511504536 0.7834475298804767 0
1590512358899 0.7827436817669862 0
1590513212438 0.7794114354745935 0
1590514066887 0.7768541675119033 0
1590514920977 0.7840949069915017 0
1590515775272 0.7827145904726276 0
1590516630017 0.7819090289078978 0
1590517484990 0.7818580297194027 0
1590518339494 0.7810381250556415 0
1590519194279 0.7800784873072121 0
1590520049153 0.7794261790529886 0
1590520905443 0.7803257768994932 0
1590521759971 0.7798117670139191 0
1590522615347 0.7800370279631755 0
1590523470363 0.7792479641024078 0
1590524325385 0.7806281696134761 0
1590525179294 0.7805170421018511 0
1590526033826 0.7807268783156386 0
1590526890228 0.7805927464424999 0
1590527745107 0.7807228646928067 0
1590528600173 0.7805854636372077 0
