1590489784651 0.3631861425120595 0
1590490666440 0.364342968520126 0
1590491549331 0.365495364120732 0
1590492431030 0.3752256796222546 0
1590493311367 0.37756593948040224 0
1590494192963 0.40291900703236105 0
1590495072985 0.3800141412486166 0
1590495953783 0.4046636005790804 0
1590496833494 0.42020220065148484 0
1590497712969 0.45434596583316644 0
1590498591367 0.5239007406298893 0
1590499470312 0.535285338458547 0
1590500348600 0.5372876148313322 0
1590501227970 0.5043348540161489 0
1590502108733 0.5290804805866652 0
1590503811324 0.5379608041985813 0
1590504665043 0.5357123906746385 0
1590505519699 0.5209902583775743 0
1590506374163 0.5655951096620656 0
1590507230302 0.5743933125216433 0
1590508085396 0.5428310249368309 0
1590508940893 0.5335147565787389 0
1590509795839 0.5263557591932371 0
1590510650793 0.5330706171213501 0
1590511504523 0.5439376169848152 0
1590512358886 0.5431914080945979 0
1590513212415 0.5410015830981683 0
1590514066866 0.5336508081973046 0
1590514920954 0.5492785946430955 0
1590515775249 0.5458943712218577 0
1590516630005 0.5423572125082523 0
1590517484965 0.5421522168945001 0
1590518339476 0.5398708057564777 0
1590519194261 0.5391667842021736 0
1590520049132 0.536918925897117 0
1590520905430 0.5382778841142976 0
1590521759957 0.5382159855948051 0
1590522615328 0.5381039429242956 0
1590523470343 0.5375539946014779 0
1590524325358 0.5390394205388941 0
1590525179267 0.5389196527011327 0
1590526033804 0.5393317191542006 0
1590526890208 0.5391533541033983 0
1590527745087 0.5392621916760886 0
1590528600159 0.5391606543558478 0
