1590489784644 0.36727722780795025 0
1590490666431 0.36795568689140024 0
1590491549326 0.36962318969148367 0
1590492431018 0.3785925552172579 0
1590493311359 0.38121623555562073 0
1590494192958 0.40674802565463253 0
1590495072976 0.38342594512266703 0
1590495953778 0.4081885419888479 0
1590496833487 0.42401468704700657 0
1590497712964 0.4599966028036096 0
1590498591358 0.5300162884040783 0
1590499470303 0.5420226919427131 0
1590500348589 0.5436774890459737 0
1590501227960 0.5097659135790266 0
1590502108726 0.5347288670593915 0
1590503811315 0.5438375919026898 0
1590504665033 0.540929745145296 0
1590505519693 0.5267492960029987 0
1590506374153 0.5712720949161804 0
1590507230292 0.5814578898107137 0
1590508085391 0.5481415932013692 0
1590508940883 0.5389956896485885 0
1590509795831 0.5313777199508385 0
1590510650785 0.5387598405362967 0
1590511504517 0.5496327053911798 0
1590512358881 0.5488652190393126 0
1590513212405 0.5467071377080003 0
1590514066857 0.5391365102644494 0
1590514920944 0.5551241369577008 0
1590515775239 0.5516520615415793 0
1590516629999 0.5480595887308939 0
1590517484955 0.5477923677147183 0
1590518339469 0.5455489455858971 0
1590519194253 0.54476243869085 0
1590520049123 0.5423547811755053 0
1590520905425 0.5439667496681554 0
1590521759952 0.5437121883192834 0
1590522615320 0.5434984149747869 0
1590523470335 0.5428747731141204 0
1590524325345 0.5445392658845786 0
1590525179255 0.5443623355051286 0
1590526033795 0.5447724441701006 0
1590526890200 0.5446205458734048 0
1590527745079 0.5447334036353499 0
1590528600154 0.5445921430967248 0
