1590489784677 0.49249548231968565 0
1590490666474 0.5385751704302514 0
1590491549352 0.6069045960111604 0
1590492431073 0.5911403472557811 0
1590493311396 0.6040502559424606 0
1590494192983 0.6080810419726862 0
1590495073018 0.6388835541533742 0
1590495953804 0.6311714805841646 0
1590496833521 0.6564365343904001 0
1590497712991 0.6635605997912256 0
1590498591400 0.7420590597023622 0
1590499470345 0.7595585459354698 0
1590500348637 0.7583302548659824 0
1590501228003 0.7374157162324413 0
1590502108760 0.7565388942423175 0
1590503811356 0.7567030140429787 0
1590504665080 0.7593555869872699 0
1590505519719 0.7536679000616144 0
1590506374202 0.7654429885300861 0
1590507230336 0.7749428234158993 0
1590508085418 0.7632085267860089 0
1590508940929 0.7590611365135308 0
1590509795870 0.7539240003578885 0
1590510650825 0.75597939509613 0
1590511504544 0.7603892817199049 0
1590512358908 0.7598650948512431 0
1590513212450 0.7569445521136489 0
1590514066899 0.7541833504909354 0
1590514920988 0.7612404452888497 0
1590515775284 0.7594279702522521 0
1590516630025 0.7590975902899909 0
1590517485003 0.758908767314016 0
1590518339505 0.75835494878846 0
1590519194290 0.7575307463066202 0
1590520049164 0.7570427418800934 0
1590520905450 0.7576952535319498 0
1590521759979 0.7574305228964466 0
1590522615357 0.7575458866344559 0
1590523470373 0.7569550004760022 0
1590524325400 0.7581956506984628 0
1590525179309 0.7581213133113583 0
1590526033839 0.7583572092745063 0
1590526890240 0.758234814388367 0
1590527745120 0.7583152152816384 0
1590528600181 0.7581324745539714 0
