1590489638055 0.2043443231741926 0
1590490525200 0.1765316901790645 0
1590491407858 0.17064981685027625 0
1590492289972 0.1645983180515827 0
1590493170584 0.16266428788031712 0
1590494052125 0.16015446833089778 0
1590494932313 0.1570589612690308 0
1590495813059 0.1558498275211513 0
1590496693090 0.15404249046873258 0
1590497572708 0.15247293841162818 0
1590498451740 0.14453814586305547 0
1590499331134 0.1426064772990493 0
1590500209229 0.14151784464208791 0
1590501088312 0.14046311303227588 0
1590501969523 0.13992974914063605 0
1590503676613 0.1391881252725293 0
1590504529763 0.1386161045750549 0
1590505384483 0.13777849486538155 0
1590506239168 0.13701271852153907 0
1590507095391 0.13687584102236625 0
1590507950129 0.13609590365505156 0
1590508805714 0.13561515053741088 0
1590509660695 0.1351196318712939 0
1590510515692 0.13496039496020887 0
1590511369641 0.13446917908861294 0
1590512223793 0.13442778398729502 0
1590513077381 0.13453982457769875 0
1590513931819 0.1345702460735727 0
1590514785963 0.13531398082399165 0
1590515640172 0.13379261813356402 0
1590516494742 0.13406163776325156 0
1590517349742 0.13427779174860624 0
1590518204310 0.13361020845114588 0
1590519059161 0.1340939844754822 0
1590519913849 0.13461903905326167 0
1590520770259 0.1332998599821192 0
1590521624793 0.1339443933682653 0
1590522480017 0.13386853980666802 0
1590523335153 0.13431807501369974 0
1590524190008 0.13422155858613302 0
1590525043977 0.13407240613668142 0
1590525898642 0.13397419756572498 0
1590526754912 0.13435224668047577 0
1590527609808 0.13404033772559013 0
1590528464861 0.1347540314616518 0
