1592786328112 0.3997536969398478 0
1592786729315 0.3570209410323815 0
1592787130659 0.32977551471235056 0
1592787533173 0.3315865467543979 0
1592787934517 0.33993552687365297 0
1592788337926 0.21988574693649687 0
1592788739217 0.45244787974088735 0
1592789141335 0.44502103665847337 0
1592789543601 0.21469298802746142 0
1592789945941 0.3669613760423991 0
1592790347780 0.483787243660767 0
1592790749860 0.485023454995619 0
1592791151046 0.4645588203946619 0
1592791553663 0.4901670612219151 0
1592791955167 0.5084394042976009 0
1592792357671 0.4980834582106655 0
1592792759353 0.4770827114305433 0
1592793162168 0.4897672137097011 0
1592793563919 0.5105832706323387 0
1592793966551 0.5054929995991618 0
1592794368607 0.4900145775945326 0
1592794771381 0.4826343483434233 0
1592795173406 0.4965976741211932 0
1592795576399 0.48864987469435367 0
1592795978694 0.5028919697457795 0
1592796382579 0.4973008970965861 0
1592796785094 0.49718162980867386 0
1592797188736 0.4896591586543853 0
1592797591302 0.49971669723024315 0
1592797994847 0.49508862538586734 0
1592798397728 0.49512123509457096 0
1592798801279 0.4940015517619674 0
1592799203778 0.49453672044465435 0
1592799608249 0.4930814735355311 0
