1592786328108 0.42466318467610603 0
1592786729310 0.37356317157955293 0
1592787130654 0.34172716331727654 0
1592787533169 0.3451214475947072 0
1592787934513 0.3524801911893177 0
1592788337922 0.22628138984036197 0
1592788739213 0.47262807526730727 0
1592789141332 0.4684654633885021 0
1592789543596 0.22190281058303488 0
1592789945934 0.38386296326520436 0
1592790347775 0.5075911868375205 0
1592790749856 0.5097886933326197 0
1592791151042 0.4891627769544362 0
1592791553659 0.5137003432119771 0
1592791955164 0.5359769439847706 0
1592792357662 0.5247110277801793 0
1592792759349 0.5023429855726536 0
1592793162163 0.5150879642609568 0
1592793563915 0.5355025069018217 0
1592793966546 0.531549725494045 0
1592794368603 0.5159726596191788 0
1592794771377 0.5069587077109744 0
1592795173402 0.5219209196027796 0
1592795576394 0.5145530794405778 0
1592795978690 0.5289589366634553 0
1592796382575 0.5242670830267225 0
1592796785090 0.5236581064600697 0
1592797188733 0.5155044105348269 0
1592797591298 0.5266407183421629 0
1592797994842 0.522756470993063 0
1592798397724 0.5224311857004665 0
1592798801275 0.5213668110099752 0
1592799203775 0.5216336737707492 0
1592799608243 0.5198340906192539 0
