1592786299274 0.08585395511962304 0
1592786705468 0.05626286737508227 0
1592787106765 0.050640805256119005 0
1592787509310 0.04896795754356108 0
1592787910580 0.04697760321218661 0
1592788313465 0.04400852712701715 0
1592788715495 0.04329938194022446 0
1592789117572 0.041754454205408506 0
1592789519275 0.039734801089846214 0
1592789922047 0.038727070188492314 0
1592790323863 0.03343304669864532 0
1592790726122 0.031798676062159484 0
1592791127394 0.031133331956637447 0
1592791529968 0.030786030749867785 0
1592791931486 0.030467770756773593 0
1592792333991 0.029274899116072155 0
1592792735733 0.02950536568416869 0
1592793138490 0.028525202387301087 0
1592793540276 0.0288164732527335 0
1592793942926 0.02838482736828045 0
1592794344815 0.027326088037426286 0
1592794747683 0.027363024461986286 0
1592795149700 0.02686776116816444 0
1592795552742 0.027438336500067554 0
1592795954970 0.027405349699597365 0
1592796358589 0.02656712189260448 0
1592796761418 0.027454258566745732 0
1592797164980 0.027193899592501992 0
1592797567600 0.02739072880785096 0
1592797971047 0.026647917595539496 0
1592798373830 0.02696624234253048 0
1592798777488 0.02714721938731238 0
1592799180172 0.026604579963371795 0
1592799584382 0.027329525703878636 0
