1590489589395 0.7641580291261345 0
1590490274237 0.7595929217198176 0
1590490950229 0.7823880078872502 0
1590491627456 0.7995451198513517 0
1590492269091 0.7761395027973832 0
1590492939737 0.7859584304515428 0
1590493616422 0.8173328188791333 0
1590494292556 0.8209405092526924 0
1590494961898 0.8169641023711965 0
1590495642315 0.824050429250007 0
1590496317863 0.8265601258036263 0
1590496991778 0.8331455516908388 0
1590497663353 0.8299255329043929 0
1590498333105 0.8316996791070657 0
1590499010690 0.8287061062108817 0
1590499685830 0.8314385533184447 0
1590500360784 0.8301096415607622 0
1590501036619 0.8305027958887612 0
