1590489589390 0.5718007088999395 0
1590490274232 0.6708521138240129 0
1590490950222 0.6466433797832295 0
1590491627451 0.68179515342552 0
1590492269087 0.675123244508323 0
1590492939731 0.6583460613819924 0
1590493616418 0.7131562945743494 0
1590494292552 0.7778890196799727 0
1590494961894 0.7556568705449952 0
1590495642312 0.7716761915800984 0
1590496317855 0.7825362023028255 0
1590496991775 0.7961426989992891 0
1590497663348 0.7944945400594818 0
1590498333101 0.7974069599176952 0
1590499010686 0.7941398291408478 0
1590499685825 0.7971768723991995 0
1590500360779 0.7954468163449694 0
1590501036615 0.7978120090574367 0
