1590489589415 0.7051715964618503 0
1590490274250 0.6699727391453412 0
1590490950244 0.7199195506923334 0
1590491627472 0.7314092963078702 0
1590492269095 0.7266920128623375 0
1590492939743 0.7146970097721937 0
1590493616431 0.7510235748851994 0
1590494292561 0.759018674750286 0
1590494961904 0.7535434530801254 0
1590495642320 0.7643121326255075 0
1590496317873 0.7642405579939274 0
1590496991782 0.769889273779674 0
1590497663359 0.7664493780679773 0
1590498333111 0.7680389022881465 0
1590499010694 0.7644731681101424 0
1590499685836 0.7675388259492009 0
1590500360792 0.7673665642294201 0
1590501036629 0.7661968352551661 0
