1590489589392 0.5472044397375334 0
1590490274234 0.6212466056609549 0
1590490950226 0.6145105898377908 0
1590491627454 0.6483302665042885 0
1590492269089 0.6500354780270345 0
1590492939734 0.619425410166143 0
1590493616420 0.6763658947924223 0
1590494292554 0.7380086757928346 0
1590494961896 0.7182036291892683 0
1590495642314 0.7359363473451981 0
1590496317857 0.7429801507774617 0
1590496991777 0.7554014430687558 0
1590497663350 0.7535513963463258 0
1590498333103 0.7569526820413652 0
1590499010688 0.7532651529187671 0
1590499685827 0.7572072377305736 0
1590500360781 0.7554864679188632 0
1590501036617 0.7562831853136956 0
