1590489589396 0.757334561901686 0
1590490274239 0.7495484570176361 0
1590490950232 0.7751814281998126 0
1590491627464 0.79168710340928 0
1590492269092 0.7708050979962561 0
1590492939738 0.7801448418038093 0
1590493616423 0.8102781550815651 0
1590494292557 0.8149490059334533 0
1590494961900 0.8109434942784775 0
1590495642316 0.8168240707507964 0
1590496317864 0.821105717602265 0
1590496991779 0.8283364876861148 0
1590497663354 0.8236764160728485 0
1590498333106 0.8260710094380099 0
1590499010691 0.8227743094976245 0
1590499685831 0.8261128688792162 0
1590500360785 0.8251129088770103 0
1590501036621 0.8253059787429018 0
