1590489589386 0.5886811003950108 0
1590490274228 0.708701394768871 0
1590490950216 0.6679115709733957 0
1590491627446 0.7050782136309035 0
1590492269085 0.6904887588386157 0
1590492939728 0.6812513252821577 0
1590493616414 0.736139720712569 0
1590494292548 0.8043809174143303 0
1590494961890 0.7814645353494528 0
1590495642310 0.7947498996563328 0
1590496317850 0.8055092121810782 0
1590496991773 0.8191836554787751 0
1590497663344 0.8184558697410894 0
1590498333097 0.8212479745044944 0
1590499010683 0.8188803311121066 0
1590499685820 0.8222420209076116 0
1590500360774 0.8199406198935867 0
1590501036611 0.821986781426665 0
