1590489589391 0.5623386427687777 0
1590490274233 0.6495160484808326 0
1590490950224 0.6348896340363163 0
1590491627452 0.6683948989176575 0
1590492269088 0.6659594749113593 0
1590492939732 0.6429521394368188 0
1590493616419 0.698914563057735 0
1590494292553 0.7622248841269346 0
1590494961895 0.7406789673354859 0
1590495642313 0.7569325157560409 0
1590496317856 0.7660892454984825 0
1590496991776 0.7785736864785104 0
1590497663349 0.7769578873065053 0
1590498333102 0.7810545769890544 0
1590499010687 0.7774385793937639 0
1590499685826 0.7811362904926176 0
1590500360780 0.7789237197674426 0
1590501036616 0.7815736426938567 0
