1590489589389 0.5794036438788303 0
1590490274231 0.6860565489972539 0
1590490950221 0.6552633941621221 0
1590491627449 0.6921474445983842 0
1590492269086 0.6810368441209057 0
1590492939730 0.6674347850169293 0
1590493616416 0.7230404713622293 0
1590494292550 0.7889701955243467 0
1590494961893 0.7658762430587858 0
1590495642311 0.780469172400494 0
1590496317852 0.7911678071376309 0
1590496991774 0.8048074801799977 0
1590497663347 0.8036825886712602 0
1590498333099 0.806783301623049 0
1590499010685 0.8034378818705982 0
1590499685824 0.8072015384716418 0
1590500360777 0.8049219022954268 0
1590501036613 0.806893889521964 0
