1590489441083 0.08010702248464321 0
1590490129423 0.04677157930081942 0
1590490814156 0.03682710151821816 0
1590491493064 0.029279144712277418 0
1590492164456 0.025117860081985858 0
1590492807273 0.018945127529968346 0
1590493483120 0.015528381746344974 0
1590494160513 0.01298988463574767 0
1590494833945 0.01005812143299387 0
1590495508298 0.008780365939301676 0
1590496186309 0.005321626424356832 0
1590496863790 0.004091761092525857 0
1590497533614 0.0036516613089314183 0
1590498205441 0.003192006530255333 0
1590498877659 0.002914823971135258 0
1590499557062 0.002636551607674685 0
1590500228475 0.002345758105026139 0
1590500903864 0.0023796887118655214 0
