1590489441085 0.7091294960973001 0
1590490129425 0.5938665239008133 0
1590490814158 0.5507394363800582 0
1590491493067 0.5213033937402731 0
1590492164458 0.4947786515898253 0
1590492807275 0.4707267479502635 0
1590493483122 0.44583521718806834 0
1590494160515 0.4201622869696788 0
1590494833947 0.38857750133604374 0
1590495508300 0.3641562934540565 0
1590496186312 0.2978474963783595 0
1590496863792 0.27579109611082 0
1590497533617 0.2627369139585286 0
1590498205443 0.25010594633285965 0
1590498877662 0.2389070853174987 0
1590499557064 0.22838614460432347 0
1590500228478 0.21882373880999323 0
1590500903867 0.2090909230934312 0
