1590489441081 0.24241449150460712 0
1590490129420 0.21069363226904672 0
1590490814152 0.19654841901811623 0
1590491493060 0.18924168999907534 0
1590492164454 0.17875268572621797 0
1590492807270 0.1726639997544726 0
1590493483117 0.16519096473882183 0
1590494160510 0.15481735274372016 0
1590494833942 0.14025153078623778 0
1590495508295 0.13136080522420843 0
1590496186305 0.10645771939197235 0
1590496863787 0.09883769888144273 0
1590497533611 0.09376329833851058 0
1590498205438 0.08881954296585723 0
1590498877655 0.08417402670757305 0
1590499557059 0.08008330202931484 0
1590500228471 0.07650270879533164 0
1590500903861 0.07228738152196068 0
