1595316907815 0.6320320122815779 0
1595318052613 0.647520300993753 0
1595319118850 0.6624681608811442 0
1595319738122 0.6619245062204848 0
1595320358431 0.6898334739077748 0
1595320978344 0.6850176205522571 0
1595321598594 0.6295210658077599 0
1595322217918 0.6806209087299481 0
1595322838527 0.6893040948428855 0
1595323458465 0.6879473024608462 0
1595324077790 0.6947267632290046 0
1595324696380 0.7225619563731855 0
1595325316736 0.7157043673585445 0
1595325937279 0.7014038784162482 0
1595326558154 0.6952006142559835 0
1595327177575 0.7106612916735345 0
1595327798047 0.7070567717825753 0
1595328416976 0.7078559427714746 0
1595329037224 0.7166723414721412 0
1595329657616 0.7143154982938453 0
1595330278134 0.7131035796305188 0
1595330897524 0.7221783325692513 0
1595331518360 0.7151964590409187 0
1595332138751 0.7100378410245198 0
1595332758644 0.7052604037628823 0
1595333379650 0.7183838061534952 0
1595333999753 0.7222954914447416 0
1595334619315 0.7150832286074578 0
1595335239940 0.7247358918503423 0
1595335860608 0.7225402696593554 0
1595336480997 0.7180285282601027 0
1595337101782 0.7222253598429909 0
1595337722454 0.7258184375215676 0
1595338342875 0.7191346382071087 0
1595338963244 0.7221581840542896 0
1595339583818 0.7263414069179047 0
1595340205371 0.7247225465303558 0
1595340828194 0.7269963787093029 0
1595341450066 0.7259177139261478 0
1595342069795 0.7247475338599404 0
1595342690155 0.7238074328814708 0
1595343309770 0.7252846817242582 0
1595343929499 0.7262172120277363 0
1595344549332 0.724906049025893 0
1595345169573 0.7236743073717884 0
1595345789630 0.7241448246986536 0
1595346410056 0.7259354418973822 0
1595347030658 0.724110496391652 0
1595347651266 0.7257106507787886 0
1595348271184 0.7252836300873561 0
1595348892105 0.7270048348741796 0
1595349511715 0.7257526643416777 0
1595350132355 0.7269304291006645 0
1595350752161 0.7260587903564117 0
1595351371212 0.7253869875683358 0
1595351991657 0.7260876451792275 0
1595352610980 0.7254279493363238 0
1595353230207 0.7256509822953771 0
1595353849638 0.7256216807078228 0
1595354470105 0.7261031206325826 0
1595355089661 0.724957643176029 0
1595355710698 0.7251509579372324 0
1595356331009 0.7257681156747285 0
1595356950384 0.7256255169512114 0
1595357571214 0.7258682179900606 0
1595358191396 0.7265578896649297 0
1595358810942 0.7262121718274398 0
1595359432477 0.7261029974923322 0
1595360051525 0.7260180686362737 0
1595360670043 0.72629304305184 0
1595361290746 0.7259504895817629 0
1595361909923 0.7260428843707963 0
1595362530583 0.7254228827236939 0
1595363150330 0.7258720565494805 0
1595363771841 0.7255586226220794 0
1595364392052 0.7257803047271337 0
1595365012443 0.7247493406733896 0
1595365633237 0.7250761333452882 0
1595366253470 0.7246088551933587 0
1595366874813 0.7252436160703329 0
1595367493733 0.7254906608381424 0
1595368112714 0.7256343784105471 0
1595368732859 0.7254803844644294 0
1595369352598 0.7255393189406325 0
1595369972493 0.7254508359620953 0
1595370593238 0.7253973611940293 0
1595371212862 0.7252718774630886 0
1595371834119 0.7252087617882387 0
1595372454357 0.7248107667383816 0
1595373073983 0.7253487670798321 0
1595373694261 0.7251718478593284 0
1595374314082 0.7252285589813894 0
1595374933148 0.7251966753684739 0
1595375554174 0.7252848974591241 0
1595376172825 0.7249377162553428 0
1595376791669 0.7251698715998275 0
1595377411557 0.7252166865426948 0
1595378032623 0.7252181305715308 0
1595378652389 0.7250984710079131 0
1595379270769 0.7248550807910504 0
1595379890662 0.7250030609130655 0
1595380510168 0.7250241500523912 0
1595381128786 0.7250460568433885 0
1595381749401 0.7244508339168202 0
1595382369825 0.7249933538993047 0
1595382989274 0.7249477810924929 0
1595383609959 0.7249169196723874 0
1595384229534 0.7246778755311827 0
1595384850764 0.7249280511350863 0
1595386263688 0.7247465943006361 0
1595387616688 0.7249386035621269 0
1595389082533 0.7248333321882857 0
1595390345308 0.7244598591637372 0
1595391818706 0.7249143682211878 0
1595393301735 0.7247362848019869 0
1595394796239 0.7248133270578965 0
1595396222379 0.724720050343943 0
1595397718381 0.7247273703451144 0
1595399098475 0.7245011328789266 0
1595400423920 0.7248583055714968 0
1595401875849 0.7248514797847773 0
1595403344927 0.7247834412057091 0
1595404820703 0.7248244397479834 0
1595406299368 0.7247855144034089 0
1595407777057 0.7247440504494058 0
1595409264035 0.724792284028553 0
