1595316907834 0.765134714178751 0
1595318052624 0.7769962192255804 0
1595319118858 0.7898154771523429 0
1595319738131 0.7939360604183293 0
1595320358441 0.8013302186003946 0
1595320978353 0.797646069667039 0
1595321598601 0.766661821007878 0
1595322217926 0.8068231415279533 0
1595322838534 0.8015474475291622 0
1595323458472 0.8040997917924951 0
1595324077799 0.8101729862844897 0
1595324696388 0.8150964618661553 0
1595325316747 0.8064444372326415 0
1595325937288 0.8086119273749195 0
1595326558161 0.8042062753503634 0
1595327177586 0.8126419877301578 0
1595327798056 0.8071775300202736 0
1595328416984 0.8107696481885462 0
1595329037231 0.8132067696409699 0
1595329657624 0.8100266918594914 0
1595330278141 0.8114204651353008 0
1595330897531 0.8137913196256435 0
1595331518372 0.8115025469287306 0
1595332138759 0.8119085043128029 0
1595332758655 0.8118905242683049 0
1595333379658 0.8107288204234208 0
1595333999761 0.8112712469282555 0
1595334619323 0.8099563406000392 0
1595335239947 0.812857284257966 0
1595335860618 0.8146434891833011 0
1595336481006 0.8115984149175721 0
1595337101789 0.8133493467770464 0
1595337722461 0.8143035176968122 0
1595338342882 0.8133614560448919 0
1595338963251 0.8113912307299188 0
1595339583827 0.8129178200508766 0
1595340205378 0.8120828169614465 0
1595340828204 0.8131069128828696 0
1595341450074 0.8136990937131625 0
1595342069803 0.8132143357436282 0
1595342690165 0.8130006714758696 0
1595343309777 0.8133396499598594 0
1595343929506 0.8149301823188903 0
1595344549339 0.8129086239441298 0
1595345169580 0.8128127548525242 0
1595345789638 0.812574504201591 0
1595346410064 0.812887736400808 0
1595347030665 0.8124518948722428 0
1595347651273 0.8131899811276686 0
1595348271192 0.8135575064308898 0
1595348892112 0.8135168535685025 0
1595349511724 0.8133915646096687 0
1595350132365 0.8137118955208309 0
1595350752168 0.8139003672847569 0
1595351371220 0.813474030661806 0
1595351991664 0.8141855468759223 0
1595352610987 0.8138248360755224 0
1595353230217 0.8133768748911919 0
1595353849645 0.8134392015379608 0
1595354470113 0.814107636888661 0
1595355089668 0.8137012277612506 0
1595355710705 0.8137510325208637 0
1595356331016 0.8139437849970984 0
1595356950393 0.8141111510892483 0
1595357571223 0.8140865208504369 0
1595358191404 0.8142440218916802 0
1595358810949 0.8140962207314156 0
1595359432485 0.814322267255379 0
1595360051532 0.8140689254171145 0
1595360670053 0.8141921284621872 0
1595361290753 0.814052659638837 0
1595361909932 0.814331115461381 0
1595362530590 0.8140532394973053 0
1595363150337 0.8142658372075221 0
1595363771851 0.8142315391843299 0
1595364392060 0.8141886523868369 0
1595365012451 0.8138326021099623 0
1595365633246 0.8136385787685823 0
1595366253477 0.8135917501373714 0
1595366874820 0.8137936438650925 0
1595367493739 0.8136156757917218 0
1595368112721 0.8138509984680826 0
1595368732869 0.8138151805671797 0
1595369352605 0.8138538839982641 0
1595369972500 0.8138901358770716 0
1595370593245 0.8140497603794431 0
1595371212869 0.8138675777892832 0
1595371834126 0.8138775426216919 0
1595372454367 0.8138001499372115 0
1595373073992 0.8138803525048531 0
1595373694269 0.8139045762301924 0
1595374314089 0.8138502175197043 0
1595374933156 0.8139713839133309 0
1595375554181 0.8139811654527749 0
1595376172832 0.813771378284521 0
1595376791676 0.8137990891045593 0
1595377411564 0.8138403412375957 0
1595378032631 0.8138435008086342 0
1595378652399 0.8138442865753066 0
1595379270776 0.813861102682766 0
1595379890670 0.8138552293847618 0
1595380510176 0.8138677343867632 0
1595381128794 0.8137566153777555 0
1595381749409 0.8135699746295018 0
1595382369832 0.8137747315986034 0
1595382989281 0.8138603011694667 0
1595383609969 0.8137956599283549 0
1595384229541 0.8135547666093681 0
1595384850771 0.8138554648486064 0
1595386263699 0.8136934380125572 0
1595387616720 0.8138105538243984 0
1595389082544 0.8137990107456295 0
1595390345383 0.8135955313801294 0
1595391818733 0.8138367389742787 0
1595393301777 0.8136746974134689 0
1595394796254 0.8136784147750332 0
1595396222398 0.8136516649446675 0
1595397718434 0.813562552376563 0
1595399098493 0.8135563805529941 0
1595400424009 0.813632253598842 0
1595401875881 0.8137383283321055 0
1595403344964 0.8136043997606778 0
1595404820735 0.8137343587210063 0
1595406299397 0.8137671031399015 0
1595407777086 0.8137781110362333 0
1595409264054 0.8136939355750037 0
