1595316907843 0.7645454833618772 0
1595318052631 0.7764036248490553 0
1595319118860 0.790287182336138 0
1595319738135 0.794039559623558 0
1595320358443 0.8009825226002499 0
1595320978355 0.7969283045401503 0
1595321598604 0.7665807886001378 0
1595322217928 0.8071516886408837 0
1595322838536 0.8022752824327216 0
1595323458475 0.8039975836689371 0
1595324077802 0.8095104889086201 0
1595324696391 0.8156216253622847 0
1595325316750 0.8063841631585743 0
1595325937291 0.8087344943561489 0
1595326558163 0.803906592738072 0
1595327177588 0.813068220062351 0
1595327798058 0.8066020421270843 0
1595328416986 0.8109202307710771 0
1595329037233 0.8132847996031082 0
1595329657626 0.8097322035110417 0
1595330278143 0.8111406707588626 0
1595330897534 0.813126251398037 0
1595331518376 0.8113773648704079 0
1595332138762 0.8113142473316518 0
1595332758659 0.8117854843074128 0
1595333379660 0.810204022345537 0
1595333999764 0.811147245067228 0
1595334619325 0.8097111557603602 0
1595335239949 0.8128587545881992 0
1595335860624 0.8144339701431583 0
1595336481009 0.8112738459579648 0
1595337101791 0.8130476540276663 0
1595337722464 0.8135617013386858 0
1595338342884 0.812761516750575 0
1595338963254 0.810556758175045 0
1595339583829 0.8125593413693605 0
1595340205380 0.8118484981976636 0
1595340828206 0.8126197675516423 0
1595341450076 0.81288556184223 0
1595342069805 0.812626430097818 0
1595342690167 0.8125994989565993 0
1595343309779 0.8127485199585455 0
1595343929508 0.814403108811422 0
1595344549342 0.8124019149458711 0
1595345169582 0.8123483557555349 0
1595345789640 0.812459272997542 0
1595346410066 0.8126395877267707 0
1595347030667 0.8120289420903983 0
1595347651275 0.8127799616137579 0
1595348271195 0.8130890743586262 0
1595348892114 0.8131143484283131 0
1595349511726 0.813321146548524 0
1595350132367 0.8134507744617082 0
1595350752170 0.8134825096490615 0
1595351371222 0.8131982664031868 0
1595351991666 0.8139261117980344 0
1595352610989 0.8134314667273443 0
1595353230219 0.8130450184526937 0
1595353849647 0.8131853788548854 0
1595354470115 0.8138522171122949 0
1595355089670 0.813530687044702 0
1595355710707 0.8134831092929867 0
1595356331018 0.813664830566299 0
1595356950396 0.8138188640289052 0
1595357571225 0.8137784586699109 0
1595358191406 0.8140239805750098 0
1595358810951 0.8137133050705829 0
1595359432487 0.8139897856423123 0
1595360051534 0.8138074617169448 0
1595360670056 0.8140118406768221 0
1595361290755 0.8138001908074005 0
1595361909935 0.8140241495694339 0
1595362530593 0.8138320242862616 0
1595363150339 0.8139930453513972 0
1595363771853 0.8139974093478384 0
1595364392062 0.8139594741335187 0
1595365012453 0.8136122838797911 0
1595365633249 0.8134462489596306 0
1595366253479 0.8133143105485878 0
1595366874822 0.8135874230244006 0
1595367493742 0.8134101214329342 0
1595368112723 0.813638796096262 0
1595368732871 0.8135669255909811 0
1595369352607 0.8135993364402999 0
1595369972502 0.8136084007014485 0
1595370593247 0.8137630094983139 0
1595371212871 0.8135989096059397 0
1595371834129 0.8136132260685346 0
1595372454369 0.8135103009402309 0
1595373073995 0.813590873917729 0
1595373694272 0.8136141397541955 0
1595374314091 0.8135962506143999 0
1595374933158 0.8136980544786532 0
1595375554183 0.8136931345650708 0
1595376172834 0.8135009479463827 0
1595376791678 0.8135564932569581 0
1595377411566 0.8135623591516609 0
1595378032633 0.8135998838057695 0
1595378652402 0.8135704799673299 0
1595379270778 0.8135929651182799 0
1595379890672 0.8135869654305002 0
1595380510178 0.8136140530435196 0
1595381128797 0.8135332986004236 0
1595381749411 0.8133156514089647 0
1595382369834 0.8135371485939222 0
1595382989283 0.8136018796484831 0
1595383609972 0.8135191695768716 0
1595384229543 0.8132963450883848 0
1595384850773 0.8135886382371069 0
1595386263705 0.813440567517429 0
1595387616734 0.8135444860028728 0
1595389082547 0.8135171696470046 0
1595390345401 0.8133480318906487 0
1595391818736 0.813581051399447 0
1595393301803 0.8134468939452885 0
1595394796264 0.8134325541847748 0
1595396222425 0.813418034811548 0
1595397718471 0.813360706820351 0
1595399098499 0.813325149477501 0
1595400424012 0.8133956542506381 0
1595401875903 0.813493700240217 0
1595403344986 0.8133743919663187 0
1595404820752 0.8134902841148516 0
1595406299419 0.8135195704352877 0
1595407777100 0.8135277922146869 0
1595409264062 0.8134498580504079 0
