1595316907842 0.7150380580631809 0
1595318052629 0.7262152200554048 0
1595319118859 0.7442544213364358 0
1595319738134 0.7451520155516581 0
1595320358442 0.7533763128015949 0
1595320978355 0.7481264547324112 0
1595321598603 0.7103724112673238 0
1595322217927 0.7598592667441559 0
1595322838536 0.7531262382542735 0
1595323458474 0.7558036984936004 0
1595324077801 0.7616938555186349 0
1595324696390 0.7694359229705029 0
1595325316749 0.7587920643174977 0
1595325937290 0.7614867866003336 0
1595326558162 0.7555342955707102 0
1595327177587 0.7646230120788573 0
1595327798058 0.7568908579076503 0
1595328416986 0.7632958126028547 0
1595329037232 0.7656993558496716 0
1595329657625 0.7611099014996183 0
1595330278142 0.7636212555205847 0
1595330897533 0.7665340366681158 0
1595331518375 0.7635430829012364 0
1595332138761 0.7634908652500523 0
1595332758658 0.7640899003473478 0
1595333379659 0.7624579835926143 0
1595333999763 0.7627900313957311 0
1595334619325 0.7608228851040492 0
1595335239948 0.7651890980122186 0
1595335860622 0.7673300287665761 0
1595336481008 0.7637985152004904 0
1595337101790 0.765499846158572 0
1595337722463 0.7663940713434575 0
1595338342884 0.7653570763599257 0
1595338963253 0.7632335089695506 0
1595339583828 0.7650532670161647 0
1595340205379 0.7646055443440996 0
1595340828206 0.7651417895442602 0
1595341450075 0.7653489310442909 0
1595342069805 0.7649562077936651 0
1595342690166 0.7656505041554432 0
1595343309778 0.7653434628567954 0
1595343929508 0.7667727223302118 0
1595344549341 0.7650200100068718 0
1595345169582 0.7653046495853364 0
1595345789639 0.7653752371027087 0
1595346410065 0.7655193257775117 0
1595347030666 0.7648378065613496 0
1595347651275 0.7654430914389005 0
1595348271194 0.7659993255799108 0
1595348892114 0.7662440247509598 0
1595349511725 0.7665279708646967 0
1595350132367 0.7666304273685389 0
1595350752170 0.7664973713897045 0
1595351371221 0.7661892201133862 0
1595351991665 0.7669027342266306 0
1595352610988 0.7664930143570946 0
1595353230218 0.7660066280627813 0
1595353849646 0.7661858185024756 0
1595354470114 0.7669310946408581 0
1595355089669 0.7665419944992786 0
1595355710706 0.7665237216958996 0
1595356331017 0.7665981400172379 0
1595356950395 0.7667681500597208 0
1595357571224 0.7665299862992826 0
1595358191405 0.7667699216474514 0
1595358810951 0.7666473585091843 0
1595359432486 0.7668078411732653 0
1595360051533 0.766647596813596 0
1595360670055 0.7669164796421014 0
1595361290755 0.7666077071314765 0
1595361909934 0.7669364702941632 0
1595362530592 0.766746445562742 0
1595363150338 0.7667631819283829 0
1595363771852 0.7670168872330072 0
1595364392062 0.7671005683506052 0
1595365012452 0.7666093819340357 0
1595365633248 0.7663629262063998 0
1595366253478 0.7662128126530758 0
1595366874821 0.7664535247343846 0
1595367493741 0.7664316724679373 0
1595368112722 0.7667415874388908 0
1595368732870 0.7666639046526031 0
1595369352606 0.7666222289797795 0
1595369972501 0.7665943892641949 0
1595370593246 0.7666868761239339 0
1595371212871 0.7664766095193332 0
1595371834128 0.76655848748726 0
1595372454368 0.7663953614706708 0
1595373073994 0.7664794342970136 0
1595373694271 0.7665027183313431 0
1595374314091 0.766497732029717 0
1595374933157 0.7666531207180649 0
1595375554182 0.766580725863992 0
1595376172834 0.7664443387117641 0
1595376791677 0.7664569525349803 0
1595377411565 0.7664595905764987 0
1595378032632 0.7664258741329315 0
1595378652401 0.7664506443846426 0
1595379270777 0.7664480315651513 0
1595379890672 0.7664613902713611 0
1595380510177 0.7664983202228123 0
1595381128796 0.7663684852401167 0
1595381749410 0.7662342795202117 0
1595382369834 0.7664153648693383 0
1595382989283 0.7664990974465548 0
1595383609971 0.7663626326042081 0
1595384229542 0.7661935628864575 0
1595384850773 0.7664686564282726 0
1595386263703 0.7662558743976523 0
1595387616730 0.7664033382819866 0
1595389082546 0.7663247426374605 0
1595390345397 0.766138769585727 0
1595391818735 0.7664378881207943 0
1595393301792 0.7662988845721616 0
1595394796261 0.7663052338236608 0
1595396222421 0.766242471907469 0
1595397718462 0.7662071657426976 0
1595399098497 0.7661752979871783 0
1595400424011 0.7662599472314908 0
1595401875886 0.7663827883907477 0
1595403344981 0.7662022318376412 0
1595404820747 0.7663583257437343 0
1595406299405 0.7663941355221919 0
1595407777096 0.7663884267169304 0
1595409264061 0.7663177968471877 0
