1595316907827 0.7963502695963138 0
1595318052621 0.8083805378556668 0
1595319118855 0.8204631467444252 0
1595319738128 0.825792629892808 0
1595320358438 0.8313102742120294 0
1595320978351 0.8276369542761854 0
1595321598599 0.8030195445469546 0
1595322217923 0.837140215559187 0
1595322838532 0.8340936791666117 0
1595323458470 0.8349989394031964 0
1595324077796 0.8391261965595556 0
1595324696386 0.8450319552365612 0
1595325316743 0.8364622245383079 0
1595325937285 0.8388485414347462 0
1595326558159 0.8349730402917263 0
1595327177583 0.8433802749768237 0
1595327798053 0.8379566213713596 0
1595328416982 0.8414659109278487 0
1595329037229 0.8436131508689209 0
1595329657621 0.8401621851949997 0
1595330278139 0.8411341480603651 0
1595330897529 0.8427251061263812 0
1595331518369 0.8415690082373717 0
1595332138756 0.8411393959011786 0
1595332758653 0.842282251160321 0
1595333379655 0.8403879022945772 0
1595333999759 0.8417086647019264 0
1595334619321 0.8401719497683466 0
1595335239945 0.8429800755855611 0
1595335860613 0.843625130274444 0
1595336481004 0.8414069890679278 0
1595337101787 0.8426949456567187 0
1595337722459 0.84304737793792 0
1595338342880 0.8425765580876022 0
1595338963249 0.8403176898881654 0
1595339583824 0.8422653711878182 0
1595340205375 0.8414613811331614 0
1595340828201 0.8424842305064586 0
1595341450071 0.8426256255107419 0
1595342069801 0.8422284426721537 0
1595342690162 0.8422825178069774 0
1595343309774 0.8423597354323513 0
1595343929504 0.8441888162823037 0
1595344549337 0.8422925097640234 0
1595345169578 0.8419331145768876 0
1595345789636 0.842334595023577 0
1595346410061 0.8424760151532547 0
1595347030663 0.8416791398036767 0
1595347651271 0.8425510309706983 0
1595348271190 0.8427568598117527 0
1595348892110 0.8426681487813713 0
1595349511721 0.8430243902347118 0
1595350132363 0.8432560536010263 0
1595350752166 0.8432396406755002 0
1595351371217 0.8429670744605049 0
1595351991662 0.8435657670280536 0
1595352610985 0.8430861525951501 0
1595353230214 0.842703761973559 0
1595353849643 0.8429243478277644 0
1595354470111 0.8434771294066998 0
1595355089666 0.8432612635165356 0
1595355710703 0.8431526226443489 0
1595356331014 0.8433498284264018 0
1595356950391 0.8434672439508688 0
1595357571221 0.8435662045090369 0
1595358191402 0.8437194859346495 0
1595358810947 0.8433188153125646 0
1595359432483 0.8438325482467512 0
1595360051530 0.8437084916668048 0
1595360670050 0.8437848985494506 0
1595361290751 0.8436731884252681 0
1595361909929 0.8438007446294826 0
1595362530588 0.8436174183228672 0
1595363150335 0.8438125883703449 0
1595363771848 0.8437547582856846 0
1595364392058 0.8436881669233529 0
1595365012449 0.8433854871287847 0
1595365633244 0.8434111798734347 0
1595366253475 0.8432566655552709 0
1595366874818 0.8434901734695851 0
1595367493737 0.8433375266501694 0
1595368112719 0.8434885974216367 0
1595368732866 0.8433927351398887 0
1595369352603 0.84337948703297 0
1595369972498 0.8434404138934768 0
1595370593243 0.8435426276197187 0
1595371212867 0.8434399904599189 0
1595371834124 0.8433946088722011 0
1595372454364 0.843365697586065 0
1595373073989 0.8433935174242091 0
1595373694267 0.843452341250474 0
1595374314087 0.8433819740956147 0
1595374933154 0.8434916311062817 0
1595375554179 0.843494428147009 0
1595376172830 0.8432818356423281 0
1595376791674 0.8433658640344395 0
1595377411561 0.8433529278254727 0
1595378032629 0.8434620881641487 0
1595378652396 0.8434083970750451 0
1595379270774 0.843402595408895 0
1595379890668 0.8434289502521359 0
1595380510173 0.8434617648844078 0
1595381128792 0.8434094384670179 0
1595381749407 0.8431422401334123 0
1595382369830 0.8433963664528922 0
1595382989279 0.843433029821599 0
1595383609965 0.8433683885804865 0
1595384229539 0.8431274952615 0
1595384850769 0.8434283276197605 0
1595386263696 0.8433489457820069 0
1595387616704 0.8433834165955512 0
1595389082541 0.8434021740985517 0
1595390345369 0.8432663671940854 0
1595391818725 0.8434387438370506 0
1595393301753 0.8433211968182429 0
1595394796247 0.8432804196378059 0
1595396222395 0.8433363148057357 0
1595397718414 0.84327943011156 0
1595399098483 0.8432071730303599 0
1595400423927 0.8432732237914358 0
1595401875857 0.8433361584480555 0
1595403344947 0.8433063842144178 0
1595404820722 0.8433554676423215 0
1595406299383 0.8433649332558514 0
1595407777065 0.8433759411521836 0
1595409264047 0.8433151184055333 0
