1595316907820 0.5837712719993933 0
1595318052617 0.5992430184766369 0
1595319118853 0.619544644073448 0
1595319738125 0.614811798288465 0
1595320358435 0.6462011371055831 0
1595320978348 0.6391274692589788 0
1595321598597 0.5765972102324132 0
1595322217921 0.6411902851391298 0
1595322838530 0.6433272427459955 0
1595323458468 0.6435259555932902 0
1595324077794 0.6514667438697042 0
1595324696383 0.6789834011286847 0
1595325316740 0.6688528351830632 0
1595325937282 0.6577884488920651 0
1595326558157 0.6495725326277616 0
1595327177579 0.6670535000108404 0
1595327798050 0.6602166794089005 0
1595328416980 0.6640987100575433 0
1595329037227 0.671618490220324 0
1595329657619 0.669128998069075 0
1595330278137 0.6685716504993702 0
1595330897527 0.6770303569061263 0
1595331518365 0.6697906765831115 0
1595332138754 0.666250910829775 0
1595332758649 0.6620365314048993 0
1595333379653 0.6728918056106065 0
1595333999757 0.6757373001921358 0
1595334619319 0.6688013748468471 0
1595335239942 0.6790345205432198 0
1595335860611 0.6786580233507499 0
1595336481001 0.6734872651600863 0
1595337101785 0.6774147719011506 0
1595337722457 0.680583560178104 0
1595338342878 0.6742856324493776 0
1595338963247 0.6766951900807533 0
1595339583821 0.6811852161905432 0
1595340205373 0.6795508892213143 0
1595340828198 0.6816638911092902 0
1595341450069 0.680717101391162 0
1595342069798 0.6799386285151882 0
1595342690159 0.6793377530530867 0
1595343309772 0.6801566315216414 0
1595343929502 0.6817546699866387 0
1595344549335 0.6795336049934266 0
1595345169576 0.67868301542333 0
1595345789633 0.6794325750604542 0
1595346410059 0.680988988165076 0
1595347030661 0.6792260457665171 0
1595347651269 0.6809822899997141 0
1595348271187 0.6810055367337008 0
1595348892108 0.6819474853389266 0
1595349511718 0.6810365787434637 0
1595350132360 0.6818117047336043 0
1595350752164 0.6813056261746753 0
1595351371215 0.6807930977930137 0
1595351991660 0.6813995946472249 0
1595352610983 0.6809234291278233 0
1595353230211 0.6810724536861286 0
1595353849641 0.680896932663209 0
1595354470109 0.6818066427765158 0
1595355089664 0.6803246193617019 0
1595355710701 0.6807330923695072 0
1595356331012 0.6811888816449918 0
1595356950388 0.6810559368895686 0
1595357571219 0.6813232389041668 0
1595358191399 0.6820556838839685 0
1595358810945 0.6817111408159806 0
1595359432480 0.6815800714248692 0
1595360051528 0.6812843902961636 0
1595360670048 0.6817236804683506 0
1595361290749 0.6813801901453195 0
1595361909926 0.6814112814235262 0
1595362530586 0.6808607242243135 0
1595363150333 0.6813328087167035 0
1595363771845 0.68109200514934 0
1595364392055 0.6813176869479773 0
1595365012446 0.6803794605769368 0
1595365633242 0.6804213246400467 0
1595366253472 0.6800464064235171 0
1595366874816 0.6806228115442365 0
1595367493735 0.6807431201924253 0
1595368112717 0.680887633508554 0
1595368732863 0.6807694140974715 0
1595369352601 0.6809693144472385 0
1595369972496 0.6808043210309007 0
1595370593241 0.6808096967711408 0
1595371212865 0.6806842457680915 0
1595371834122 0.6806035923215206 0
1595372454361 0.680245559673573 0
1595373073987 0.6807429008012943 0
1595373694264 0.6805724602825626 0
1595374314085 0.680652537132223 0
1595374933151 0.6806356954171712 0
1595375554177 0.6807053836635485 0
1595376172828 0.6803993629575045 0
1595376791672 0.6806212651730517 0
1595377411559 0.6806276954752589 0
1595378032627 0.6806102570480376 0
1595378652393 0.6805471286999486 0
1595379270772 0.6804294011625195 0
1595379890665 0.6805134963274765 0
1595380510171 0.6805867578015327 0
1595381128789 0.6805241316442356 0
1595381749405 0.6800345891189606 0
1595382369828 0.6805648788815202 0
1595382989277 0.6805889820821055 0
1595383609962 0.6805004141986395 0
1595384229537 0.6803271473324495 0
1595384850767 0.6805348304518964 0
1595386263692 0.6803328445402249 0
1595387616695 0.6805454533028956 0
1595389082538 0.6803439377188196 0
1595390345314 0.6800552473165545 0
1595391818710 0.6804810722586577 0
1595393301740 0.6803445821929209 0
1595394796244 0.6803859694470463 0
1595396222384 0.6802827927712697 0
1595397718390 0.6802775894515516 0
1595399098479 0.680099150349552 0
1595400423924 0.6803679447359934 0
1595401875853 0.6804788591049649 0
1595403344932 0.680279823359589 0
1595404820708 0.6803765788880656 0
1595406299373 0.6804128937235969 0
1595407777061 0.680367200493647 0
1595409264040 0.6803630811988693 0
