1595316663464 0.15697319796393472 0
1595317820871 0.14888822103056112 0
1595318963372 0.14459249424624304 0
1595319583289 0.14225770187472678 0
1595320203786 0.14189048706070143 0
1595320823368 0.13930600310324343 0
1595321442968 0.13908299437049595 0
1595322062931 0.13610810882155802 0
1595322683573 0.13390744613325123 0
1595323303378 0.13472752858793116 0
1595323922820 0.13315427718602557 0
1595324541387 0.1318790964077786 0
1595325161711 0.1335125795644758 0
1595325782119 0.13336810376418218 0
1595326402947 0.13189808332340516 0
1595327022583 0.13166678882673888 0
1595327643156 0.13129945815187855 0
1595328262260 0.13060474147347997 0
1595328882236 0.12973954590401995 0
1595329502583 0.1296966677050173 0
1595330122875 0.12906793240399325 0
1595330742619 0.12995855758638789 0
1595331363446 0.12990275690751957 0
1595331983947 0.12823687418741594 0
1595332603773 0.1297388315526884 0
1595333225112 0.12968926511944867 0
1595333845184 0.12826524388804897 0
1595334464611 0.1278277995521672 0
1595335085183 0.12801974267382743 0
1595335705664 0.12845514519839962 0
1595336326191 0.1285739776906792 0
1595336946623 0.1279244801071092 0
1595337567709 0.12704546841416695 0
1595338187792 0.12856224192495586 0
1595338808215 0.12757912149128345 0
1595339428853 0.1282474771465008 0
1595340049859 0.12710875868305108 0
1595340672775 0.12772429578504613 0
1595341295322 0.12758308382663325 0
1595341914859 0.12840755565613385 0
1595342535065 0.1274838250262692 0
1595343155079 0.12763561533562512 0
1595343774930 0.12897678402511667 0
1595344394630 0.1274443279881058 0
1595345015310 0.12742480853438673 0
1595345634696 0.1284685660704269 0
1595346255250 0.1284547251342349 0
1595346875685 0.12747997188868354 0
1595347496726 0.12812486631621958 0
1595348116787 0.12796018992317648 0
1595348737337 0.12735173080045759 0
1595349356924 0.1266101958410096 0
1595349977852 0.12751047695740061 0
1595350597345 0.12809417302959425 0
1595351216391 0.12781020236054697 0
1595351837215 0.127672460699234 0
1595352456343 0.12693017629966521 0
1595353075567 0.12713527377667158 0
1595353695347 0.12679398965481192 0
1595354315103 0.12784481798256359 0
1595354934810 0.12911015528259595 0
1595355555768 0.1276130626342643 0
1595356176335 0.12705923687331347 0
1595356795778 0.12730397880508032 0
1595357416604 0.12688999117946545 0
1595358036910 0.12831985203566185 0
1595358656748 0.12669194310989684 0
1595359277811 0.12869638574027406 0
1595359896985 0.12687259912798465 0
1595360515800 0.1270013581546105 0
1595361135961 0.12802273932379893 0
1595361755244 0.12699469037101743 0
1595362375605 0.12823290810216614 0
1595362995770 0.1266284488748319 0
1595363617119 0.1278224488325005 0
1595364237396 0.1262117298512199 0
1595364857694 0.1267886964756531 0
1595365478639 0.1278621055013527 0
1595366098773 0.1284953406131361 0
1595366720151 0.1271953135667312 0
1595367338942 0.12726334498120082 0
1595367958088 0.12753707969993427 0
1595368578575 0.12773159753860372 0
1595369197800 0.12705277324547265 0
1595369817888 0.12859147251833578 0
1595370438893 0.1276893208309405 0
1595371058352 0.1267328154415655 0
1595371679463 0.12722189251631869 0
1595372299607 0.12692829138736997 0
1595372919128 0.12694179965913738 0
1595373539536 0.12811025472328647 0
1595374159497 0.12818531563596278 0
1595374778706 0.1275105952576701 0
1595375399615 0.12736473776381632 0
1595376018375 0.127504498458642 0
1595376637451 0.12659094270709426 0
1595377257100 0.12727533695983995 0
1595377878061 0.12717423799065497 0
1595378497959 0.12792465110900825 0
1595379116198 0.12776885002476188 0
1595379735971 0.12767294976740312 0
1595380355599 0.12826770380090133 0
1595380974322 0.127060253702221 0
1595381594875 0.12741150636253626 0
1595382215005 0.12756678170249985 0
1595382834836 0.12776703922451774 0
1595383455383 0.12793049338549795 0
1595384074760 0.12701547728631488 0
1595384696050 0.12808245980326152 0
1595385804877 0.12702807818226436 0
1595387110569 0.12735777093877387 0
1595388662285 0.12703279435979148 0
1595389903257 0.1274093457126204 0
1595391282581 0.1274172164358254 0
1595392773600 0.12802348532010266 0
1595394261880 0.1277814943414154 0
1595395774640 0.12892623655774887 0
1595397213270 0.1277054341665287 0
1595398710302 0.12840689955591467 0
1595399978500 0.1287171891240617 0
1595401467428 0.12818875069353916 0
1595402947717 0.12831085385688565 0
1595404423355 0.12750568305481377 0
1595405887510 0.12741799134542683 0
1595407351382 0.12792633557546051 0
1595408827173 0.12661721709035922 0
