1595316663463 0.11186688373512861 0
1595317820870 0.08427055537220764 0
1595318963370 0.07535187294206819 0
1595319583288 0.06953899870210571 0
1595320203785 0.06843727628733505 0
1595320823367 0.06292561706906134 0
1595321442967 0.06175587159019305 0
1595322062930 0.05699005965712541 0
1595322683572 0.054398905600841804 0
1595323303377 0.05524787845199237 0
1595323922819 0.05558208510522676 0
1595324541386 0.05107413987959039 0
1595325161709 0.05322874238034733 0
1595325782117 0.0516778879670517 0
1595326402946 0.05051309246997465 0
1595327022582 0.0502331129826673 0
1595327643156 0.04895745285938192 0
1595328262259 0.048705875420978276 0
1595328882234 0.048742828236602115 0
1595329502582 0.048306760252826375 0
1595330122874 0.04699837295707657 0
1595330742618 0.049524908168987365 0
1595331363444 0.048418597269974016 0
1595331983946 0.0461761787196146 0
1595332603772 0.047447654323669305 0
1595333225111 0.046640235383115854 0
1595333845183 0.04681498499957862 0
1595334464610 0.04616527385320622 0
1595335085182 0.04688779546700043 0
1595335705663 0.04581913745344534 0
1595336326190 0.04664634216098464 0
1595336946622 0.04684380707996232 0
1595337567708 0.046251964752664625 0
1595338187791 0.04645656509760192 0
1595338808214 0.04521228410811167 0
1595339428852 0.04577979594999717 0
1595340049859 0.04519075297033007 0
1595340672775 0.045329332774663444 0
1595341295321 0.044911357558591554 0
1595341914857 0.04581570024175291 0
1595342535064 0.045595073954430645 0
1595343155079 0.04602463078484382 0
1595343774929 0.04589353800765881 0
1595344394628 0.04604225701204109 0
1595345015309 0.04622392014744149 0
1595345634695 0.0472323933695493 0
1595346255250 0.04540967357650239 0
1595346875684 0.04538973566939905 0
1595347496724 0.04658698339921189 0
1595348116786 0.046774103732673496 0
1595348737336 0.04527687517161659 0
1595349356923 0.04582853609362262 0
1595349977852 0.045807448755657496 0
1595350597344 0.04572703760051154 0
1595351216390 0.04493017961454911 0
1595351837214 0.04525211699150078 0
1595352456342 0.04504360075967739 0
1595353075566 0.04562187054164517 0
1595353695345 0.04460450096331186 0
1595354315102 0.04506696686671599 0
1595354934809 0.04667707931705613 0
1595355555767 0.04633580749157684 0
1595356176334 0.04492915825015449 0
1595356795777 0.045073493655300355 0
1595357416603 0.04603349717647686 0
1595358036909 0.04540745990195494 0
1595358656747 0.045532861747951986 0
1595359277810 0.04648021814043454 0
1595359896983 0.04540026605722951 0
1595360515799 0.046044837759190924 0
1595361135960 0.043786846640774355 0
1595361755244 0.04438986552150152 0
1595362375604 0.04586732933916072 0
1595362995769 0.04560388819546024 0
1595363617119 0.0468383597200052 0
1595364237394 0.04498794237628555 0
1595364857693 0.04535876677935277 0
1595365478638 0.04656651300708067 0
1595366098772 0.0460140563368422 0
1595366720150 0.045555376472731425 0
1595367338940 0.04466606434288532 0
1595367958087 0.04616020149670535 0
1595368578575 0.04536010622193777 0
1595369197799 0.04583569160492631 0
1595369817887 0.0462068171308835 0
1595370438892 0.045682192950422584 0
1595371058352 0.044226383921497255 0
1595371679462 0.045551883776208446 0
1595372299606 0.045832214524783345 0
1595372919128 0.045241418271152495 0
1595373539536 0.046080781688681446 0
1595374159496 0.04565831102833804 0
1595374778705 0.045455882397290356 0
1595375399614 0.045043708467402306 0
1595376018373 0.04645032619536046 0
1595376637450 0.045248558009189456 0
1595377257099 0.04600276824849805 0
1595377878060 0.044656604951790524 0
1595378497958 0.04520417032701838 0
1595379116197 0.044561198914868094 0
1595379735970 0.04571276471675562 0
1595380355599 0.04619068945285078 0
1595380974321 0.04556610827694911 0
1595381594874 0.04536557443744505 0
1595382215004 0.04577217101827756 0
1595382834835 0.04593712301820234 0
1595383455383 0.04592332858469223 0
1595384074760 0.04596276729099274 0
1595384696049 0.045481078885803286 0
1595385804876 0.04626531777772699 0
1595387110568 0.04579777687728023 0
1595388662284 0.045667224793220405 0
1595389903256 0.045508619449405166 0
1595391282580 0.04561370712513462 0
1595392773600 0.044913502788043506 0
1595394261879 0.04546913698171039 0
1595395774639 0.045709637390537315 0
1595397213268 0.045510247306672136 0
1595398710301 0.045878136557819894 0
1595399978499 0.04587401600068544 0
1595401467427 0.046706796607231794 0
1595402947716 0.04604694274085721 0
1595404423354 0.04571128606528634 0
1595405887509 0.04476489608224503 0
1595407351381 0.045232890178407155 0
1595408827172 0.044578160588036604 0
