1595316663459 0.2760307485165427 0
1595317820867 0.2576209460035225 0
1595318963367 0.25005145965284004 0
1595319583286 0.24787855522382565 0
1595320203783 0.24395485767444042 0
1595320823362 0.2400526322676661 0
1595321442965 0.23749869054107997 0
1595322062927 0.23500810706300443 0
1595322683570 0.23285313701206353 0
1595323303372 0.2311175432483782 0
1595323922817 0.2319472890122679 0
1595324541383 0.22989996001555052 0
1595325161704 0.2300374780456258 0
1595325782113 0.22640503655033206 0
1595326402944 0.22465679886221 0
1595327022580 0.22530468895379224 0
1595327643154 0.22400689308403152 0
1595328262257 0.22290862015733828 0
1595328882230 0.22394334729745505 0
1595329502578 0.22114343836005318 0
1595330122871 0.21918369176882935 0
1595330742615 0.22095122765426692 0
1595331363439 0.22103751731942647 0
1595331983944 0.21956722013203198 0
1595332603767 0.22099835792914785 0
1595333225109 0.22002491390011117 0
1595333845181 0.219138519643113 0
1595334464607 0.21899077517128895 0
1595335085178 0.2181830095307183 0
1595335705660 0.21860559042896938 0
1595336326188 0.21941000274840117 0
1595336946619 0.21813910199186212 0
1595337567704 0.2176560814485483 0
1595338187789 0.2203709057399205 0
1595338808210 0.21844204869598124 0
1595339428850 0.21869053914958442 0
1595340049857 0.21850300964174144 0
1595340672773 0.2181622063345795 0
1595341295317 0.21879855949434734 0
1595341914854 0.21783818753665385 0
1595342535062 0.21897852147024197 0
1595343155076 0.21773664300152332 0
1595343774925 0.2188496855199091 0
1595344394624 0.21774013278948975 0
1595345015307 0.2194259652512611 0
1595345634694 0.21757507109499294 0
1595346255248 0.21755243299496657 0
1595346875682 0.21795853909680313 0
1595347496720 0.2183814026987523 0
1595348116783 0.218211479134347 0
1595348737331 0.21719453074684034 0
1595349356918 0.2169409858894978 0
1595349977850 0.2186665490183527 0
1595350597342 0.21850927505399156 0
1595351216387 0.2177734712460236 0
1595351837211 0.21852129964199468 0
1595352456339 0.21631673465672846 0
1595353075564 0.2165947295510011 0
1595353695340 0.21781290008768772 0
1595354315100 0.21634517858015614 0
1595354934805 0.21847219594764275 0
1595355555766 0.21812774038555993 0
1595356176331 0.21689788808909258 0
1595356795774 0.21734540090641633 0
1595357416601 0.21717568704109366 0
1595358036907 0.21860816665024524 0
1595358656742 0.2179199736119301 0
1595359277807 0.21706389012561172 0
1595359896979 0.2170958852258524 0
1595360515797 0.2174037358024512 0
1595361135957 0.21683180236206087 0
1595361755241 0.21766021236174368 0
1595362375600 0.21741429806789223 0
1595362995767 0.216850190247316 0
1595363617117 0.2181776691809555 0
1595364237390 0.21594231754762885 0
1595364857689 0.21746927758787998 0
1595365478636 0.2177280074771429 0
1595366098770 0.21852509200597578 0
1595366720146 0.21613079618314984 0
1595367338935 0.21703165522864984 0
1595367958085 0.2168150395708671 0
1595368578573 0.21765862738761305 0
1595369197797 0.21677107817372637 0
1595369817883 0.2181155823977106 0
1595370438888 0.21750506137910705 0
1595371058350 0.2173826481245649 0
1595371679458 0.21747823101395325 0
1595372299604 0.217198602627566 0
1595372919126 0.2166668911372995 0
1595373539534 0.2186453751635197 0
1595374159492 0.2168042118900281 0
1595374778700 0.21828264010336457 0
1595375399609 0.21573625670470647 0
1595376018369 0.21751472009399722 0
1595376637448 0.2174323433864028 0
1595377257097 0.21728961492721746 0
1595377878058 0.2170038884467177 0
1595378497956 0.21720288287845158 0
1595379116192 0.21808141153105814 0
1595379735968 0.21705564578439854 0
1595380355596 0.21731293262355492 0
1595380974317 0.21726247196990925 0
1595381594872 0.2169704170179308 0
1595382215001 0.21749583010974746 0
1595382834833 0.21639716686737823 0
1595383455381 0.21795611335141515 0
1595384074758 0.21602802844848837 0
1595384696046 0.21706565313847176 0
1595385804873 0.21785165995211764 0
1595387110565 0.21689661076672306 0
1595388662282 0.21771493619330948 0
1595389903253 0.21736415046783245 0
1595391282578 0.2177647156325576 0
1595392773597 0.21738515589401605 0
1595394261877 0.21818244732258046 0
1595395774636 0.21893206673722737 0
1595397213266 0.21845225915374292 0
1595398710299 0.2176147896971809 0
1595399978496 0.21859958969690305 0
1595401467425 0.21858795943287757 0
1595402947714 0.21759262277408634 0
1595404423352 0.21760143289184097 0
1595405887506 0.21728971781413678 0
1595407351379 0.2165923035902784 0
1595408827169 0.21722465000499092 0
