1591748731045 0.2110057655330999 0
1591749148237 0.24487255873858704 0
1591749565975 0.3771024830046627 0
1591749983663 0.39867221461006286 0
1591750401939 0.32493049152344183 0
1591750822261 0.3063546526553903 0
1591751240941 0.3459940839998927 0
1591751660868 0.38344053773338677 0
1591752080356 0.389277942931854 0
1591752501356 0.39960957554450677 0
1591752922214 0.49160792034091955 0
1591753343382 0.44697071390035187 0
1591753764877 0.49626498653518014 0
1591754187051 0.4530422129824275 0
1591754608750 0.4748384225718919 0
1591755030797 0.48895846886249766 0
1591755452596 0.4589531988506111 0
1591755875682 0.5077680672738455 0
1591756297498 0.48351512363353716 0
1591756719880 0.5009787865115959 0
1591757142110 0.4884170268719728 0
1591757565440 0.5004817916150543 0
1591757986965 0.4827539217179268 0
1591758409750 0.4971269016019896 0
1591758831613 0.48570445237889626 0
1591759254506 0.4847543686279984 0
1591759676826 0.4906980785751795 0
1591760100097 0.5013803667433532 0
1591760522616 0.4982130248814346 0
1591760946082 0.49739762290363 0
1591761368657 0.4945375994155861 0
1591761791978 0.49270732980246246 0
1591762213970 0.49549591787087244 0
1591762637648 0.49305356877773265 0
1591763059942 0.4924584399105119 0
1591763483798 0.4948399979450812 0
1591763906305 0.4949038431037991 0
1591764329883 0.49516030086772556 0
1591764752611 0.4953572024569749 0
1591765176130 0.4950758962646719 0
1591765598622 0.49516211387040066 0
1591766021368 0.4951298659172221 0
1591766444299 0.49526604382046485 0
1591766868335 0.4957025292493476 0
1591767291166 0.49619914477848226 0
1591767714994 0.4959963609379323 0
1591768138284 0.49627672315031024 0
1591768562462 0.4958762989486199 0
1591768984887 0.49604501314788785 0
1591769407772 0.4956003301038941 0
1591769827209 0.49585867434497977 0
