1591748731049 0.20788098676856412 0
1591749148241 0.24126281536570113 0
1591749565980 0.36844905299706593 0
1591749983668 0.38777732862799086 0
1591750401946 0.3205434286608605 0
1591750822267 0.30204125983721947 0
1591751240946 0.34170889206863875 0
1591751660873 0.3770162656676725 0
1591752080361 0.38316473611106283 0
1591752501362 0.3907248411396783 0
1591752922221 0.4831854781475422 0
1591753343387 0.4404009797132635 0
1591753764886 0.48484245091019285 0
1591754187055 0.4437330124504463 0
1591754608755 0.466037638645056 0
1591755030801 0.4795950325474628 0
1591755452601 0.4510524363715484 0
1591755875687 0.49848990052111386 0
1591756297502 0.47414275525999733 0
1591756719886 0.49147902725528797 0
1591757142118 0.4790354182784388 0
1591757565445 0.49101193090945494 0
1591757986970 0.47284268903777976 0
1591758409755 0.48702284538017365 0
1591758831618 0.4773822124303601 0
1591759254510 0.47574429696007386 0
1591759676831 0.4813662161649695 0
1591760100101 0.49130998931246933 0
1591760522621 0.48917481330108503 0
1591760946086 0.48705366722521637 0
1591761368662 0.4845959586658036 0
1591761791983 0.4829269619603419 0
1591762213974 0.4861149341159434 0
1591762637654 0.4835353418276175 0
1591763059946 0.4831358259758686 0
1591763483802 0.4853493604117077 0
1591763906309 0.48541569015694686 0
1591764329888 0.48550564247800715 0
1591764752615 0.4858553858734044 0
1591765176136 0.4856959995521716 0
1591765598626 0.48544020530420456 0
1591766021373 0.4854091973223918 0
1591766444304 0.48575621224861587 0
1591766868339 0.4859855412047514 0
1591767291171 0.4866262876940529 0
1591767714998 0.48642350385350314 0
1591768138288 0.4866786856876452 0
1591768562467 0.4862855652131383 0
1591768984891 0.48645059886217235 0
1591769407776 0.4860095963684127 0
1591769827213 0.4862679406094981 0
