1591748731064 0.32926683491338266 0
1591749148260 0.5087353538802564 0
1591749565995 0.6240121261733055 0
1591749983686 0.6487135919231997 0
1591750401961 0.5779902771665278 0
1591750822284 0.5101046569778769 0
1591751240961 0.6710548821472616 0
1591751660889 0.6915841731806487 0
1591752080380 0.6893201379064778 0
1591752501377 0.6766830297806723 0
1591752922239 0.6996329769898137 0
1591753343404 0.6532460920420741 0
1591753764902 0.6898183108499745 0
1591754187071 0.6732529807326425 0
1591754608773 0.6942796451691925 0
1591755030817 0.6912850344456443 0
1591755452619 0.6728495724943512 0
1591755875702 0.7041027869313817 0
1591756297518 0.6921186896364926 0
1591756719910 0.6922469077533353 0
1591757142135 0.6950766090676125 0
1591757565461 0.6997743704345326 0
1591757986989 0.6963877585686201 0
1591758409770 0.704170691849251 0
1591758831634 0.6972071941444075 0
1591759254525 0.6941963856954748 0
1591759676850 0.6988638098635741 0
1591760100117 0.705754829268715 0
1591760522637 0.7042643635408733 0
1591760946100 0.7019594465467611 0
1591761368678 0.6991354210921913 0
1591761792005 0.6996890811279947 0
1591762213989 0.7017326473750762 0
1591762637670 0.7001888974563647 0
1591763059961 0.7006565206372964 0
1591763483818 0.7013470431321529 0
1591763906324 0.7013052105894234 0
1591764329907 0.7005856389823828 0
1591764752630 0.701109416773466 0
1591765176153 0.7005280032811532 0
1591765598642 0.700404084796053 0
1591766021388 0.7004822319969621 0
1591766444318 0.700668064926326 0
1591766868360 0.7010221995372962 0
1591767291188 0.7016853767641946 0
1591767715014 0.7015050015838191 0
1591768138307 0.7011140526634586 0
1591768562482 0.7011930586248175 0
1591768984907 0.7009627191772108 0
1591769407790 0.7009655647075634 0
1591769827228 0.701214150827829 0
