1591748731069 0.3070055907740874 0
1591749148265 0.47647211350524743 0
1591749566000 0.5773875207414934 0
1591749983691 0.5973429678849171 0
1591750401966 0.5386188341873243 0
1591750822288 0.4756862563214595 0
1591751240965 0.6192438974660536 0
1591751660893 0.6367163208316583 0
1591752080385 0.6381658708372657 0
1591752501381 0.623704969604806 0
1591752922243 0.6479275240484048 0
1591753343410 0.6081777453660563 0
1591753764906 0.6437470131579035 0
1591754187076 0.6260187159393514 0
1591754608778 0.6447618861488277 0
1591755030822 0.6425222574916625 0
1591755452624 0.6228008049372797 0
1591755875706 0.655676570860687 0
1591756297523 0.6393615805133013 0
1591756719915 0.6428992003840599 0
1591757142139 0.64406791444408 0
1591757565465 0.6500180040485921 0
1591757986995 0.6442799481785253 0
1591758409774 0.6552641153511886 0
1591758831638 0.6445546819906675 0
1591759254529 0.6442120131768596 0
1591759676857 0.6496815947068221 0
1591760100121 0.654377370793382 0
1591760522641 0.6521710228825152 0
1591760946105 0.6518138337320375 0
1591761368683 0.6480628032085206 0
1591761792012 0.6487857791821239 0
1591762213993 0.6510916296855922 0
1591762637675 0.6477389806617333 0
1591763059965 0.6481017269142253 0
1591763483823 0.6496527007910619 0
1591763906328 0.6495826625215975 0
1591764329914 0.6492755299272324 0
1591764752635 0.6494825929391674 0
1591765176157 0.6487978909309358 0
1591765598646 0.6487849737981188 0
1591766021393 0.6488575282593114 0
1591766444323 0.6490102836802331 0
1591766868365 0.649258228674695 0
1591767291193 0.6496673871246504 0
1591767715022 0.6494870119442752 0
1591768138313 0.648948411111557 0
1591768562486 0.649264195544988 0
1591768984911 0.6493736415842254 0
1591769407795 0.6487970573640655 0
1591769827232 0.6495362711431656 0
