1591748731051 0.20435893003117972 0
1591749148243 0.23718633323708005 0
1591749565982 0.3612757844868975 0
1591749983670 0.37866819512299055 0
1591750401948 0.31483713668910285 0
1591750822269 0.2967393381210356 0
1591751240948 0.3363191637372071 0
1591751660875 0.3686798882857457 0
1591752080363 0.3760142832413686 0
1591752501364 0.38338510759268685 0
1591752922225 0.4732296638130293 0
1591753343390 0.43129435724153975 0
1591753764889 0.47475881271562487 0
1591754187057 0.4338541537765083 0
1591754608758 0.4555812018128047 0
1591755030804 0.46911201264626484 0
1591755452604 0.4418730685720286 0
1591755875689 0.4877997121604482 0
1591756297504 0.4643130129375775 0
1591756719890 0.4804602859007193 0
1591757142120 0.4695266180014899 0
1591757565448 0.48050408225394065 0
1591757986974 0.46322971651798894 0
1591758409757 0.47675355544549225 0
1591758831621 0.4661002474314975 0
1591759254512 0.4648419046634559 0
1591759676835 0.46986632588001115 0
1591760100104 0.48063087943450894 0
1591760522624 0.47714213007601536 0
1591760946088 0.47606924900528597 0
1591761368664 0.4732382431506819 0
1591761791986 0.4717812050812475 0
1591762213976 0.47447117536431466 0
1591762637657 0.4720912359148812 0
1591763059948 0.47156400905886237 0
1591763483805 0.4734119525079196 0
1591763906311 0.47347746913787936 0
1591764329891 0.4737143103310006 0
1591764752618 0.47389981771621253 0
1591765176139 0.4736204900861948 0
1591765598629 0.4737164573925348 0
1591766021375 0.473485324309573 0
1591766444306 0.47379903129173884 0
1591766868342 0.47401643186522474 0
1591767291174 0.4746947716313661 0
1591767715001 0.47450463735143555 0
1591768138291 0.47476463083539616 0
1591768562469 0.4743661285581716 0
1591768984893 0.47452728885706386 0
1591769407778 0.4742638351808583 0
1591769827215 0.4745207782405699 0
