1591748731073 0.31982161882965676 0
1591749148269 0.49486168226223604 0
1591749566004 0.6052246150039862 0
1591749983696 0.6271832044223958 0
1591750401971 0.561777616519882 0
1591750822292 0.4955894813483283 0
1591751240969 0.650155824128218 0
1591751660897 0.6670220650265285 0
1591752080389 0.6673360751058398 0
1591752501385 0.6539141964440774 0
1591752922247 0.6771279643826894 0
1591753343415 0.6322565471114286 0
1591753764910 0.6696040980488647 0
1591754187081 0.652668002414511 0
1591754608784 0.6731277839931077 0
1591755030827 0.6700808587558961 0
1591755452628 0.6520248920711847 0
1591755875710 0.6828998914731148 0
1591756297527 0.6705280587732451 0
1591756719920 0.6717234856789779 0
1591757142144 0.6742085159789202 0
1591757565469 0.6780674756718058 0
1591757986999 0.6746156886596628 0
1591758409778 0.6826275536614389 0
1591758831642 0.6746923097063564 0
1591759254533 0.6730666366376257 0
1591759676865 0.6775624200379607 0
1591760100125 0.6837018362104031 0
1591760522646 0.6817691429218047 0
1591760946109 0.6804803851243303 0
1591761368687 0.6773641976421138 0
1591761792018 0.6778293709020198 0
1591762213998 0.6798741262470155 0
1591762637679 0.6776814473760009 0
1591763059969 0.6781444931014177 0
1591763483828 0.679286742383774 0
1591763906332 0.6792320301494561 0
1591764329922 0.678848253145388 0
1591764752639 0.6791232476900094 0
1591765176164 0.6783776383497019 0
1591765598650 0.6784718558970413 0
1591766021397 0.6785467216232711 0
1591766444327 0.6787174157982797 0
1591766868369 0.6790182533423667 0
1591767291198 0.679460474893436 0
1591767715032 0.6792910990622953 0
1591768138317 0.6788811272930859 0
1591768562493 0.6789882338084497 0
1591768984915 0.678821700985107 0
1591769407799 0.6785845321310422 0
1591769827236 0.6788497543304528 0
