1591748701354 0.1791206365363079 0
1591749124305 0.11993244922593566 0
1591749542256 0.10930939769660261 0
1591749959902 0.10378802205767917 0
1591750378121 0.09486495325053904 0
1591750798525 0.09284840092909073 0
1591751217211 0.08928186199642506 0
1591751637156 0.08838905297713325 0
1591752056585 0.08658516256003537 0
1591752477489 0.0872629616256768 0
1591752898384 0.08226006026805763 0
1591753319574 0.07918015786384934 0
1591753741046 0.07808079515298834 0
1591754163222 0.07732948454020527 0
1591754584874 0.07517725473698758 0
1591755007143 0.07672476077493433 0
1591755428716 0.07483466293909573 0
1591755851749 0.07653149144506605 0
1591756273638 0.07458249874977095 0
1591756696113 0.07408342354751724 0
1591757118263 0.07316174144248482 0
1591757541563 0.07380947753881055 0
1591757963228 0.07270447086037521 0
1591758385875 0.07287826358519894 0
1591758807775 0.07196409887507887 0
1591759230483 0.07238123486000657 0
1591759652860 0.07328915436185121 0
1591760076158 0.07256550030424391 0
1591760498776 0.07354873732578492 0
1591760922131 0.073798508251127 0
1591761344905 0.07251548533230925 0
1591761768017 0.07207230627771807 0
1591762190079 0.07177495435820393 0
1591762613819 0.07354715615745974 0
1591763036121 0.07137653052994881 0
1591763460001 0.07251210644700173 0
1591763882514 0.07388690507703399 0
1591764305998 0.07169177486599432 0
1591764728755 0.07248704147169642 0
1591765152244 0.07233602213981775 0
1591765574720 0.07219306512350916 0
1591765997487 0.07065456190178823 0
1591766420386 0.07154908164607049 0
1591766844343 0.0724120057049892 0
1591767267172 0.07189130895309832 0
1591767691186 0.07276895173975158 0
1591768114467 0.07413714983109797 0
1591768538612 0.07394212568972013 0
1591768961051 0.07189373233669939 0
1591769383993 0.07242560344939164 0
1591769803530 0.07203785027450756 0
