1591748701363 0.9779879048654709 0
1591749124311 0.8356518020342201 0
1591749542263 0.8013724137908464 0
1591749959912 0.7809435613100837 0
1591750378127 0.7496138417664386 0
1591750798532 0.7357519842590255 0
1591751217217 0.7278649666896002 0
1591751637160 0.7220885726602672 0
1591752056590 0.7161462921766735 0
1591752477496 0.7126795028568442 0
1591752898392 0.6992485135182597 0
1591753319584 0.685502737513758 0
1591753741054 0.6830190573980568 0
1591754163227 0.677198251550694 0
1591754584883 0.6726867473369893 0
1591755007150 0.6721240113774308 0
1591755428724 0.6675150843354806 0
1591755851757 0.6701448143280643 0
1591756273646 0.6674107258451943 0
1591756696121 0.6654990513982363 0
1591757118270 0.6633823184936957 0
1591757541569 0.6633310389796078 0
1591757963233 0.6627216066354269 0
1591758385883 0.6600673906857659 0
1591758807780 0.6560447428034684 0
1591759230489 0.6626272091307098 0
1591759652870 0.6599746630864941 0
1591760076164 0.6592425283408879 0
1591760498783 0.6620470291879087 0
1591760922140 0.6603215325047918 0
1591761344911 0.6596325928409957 0
1591761768025 0.6571714643870806 0
1591762190087 0.6564714471318932 0
1591762613824 0.660844542144883 0
1591763036129 0.655549677670566 0
1591763460008 0.6578805634181958 0
1591763882519 0.659759966204125 0
1591764306008 0.6550523744255586 0
1591764728760 0.6571142301198436 0
1591765152250 0.6559132191261471 0
1591765574724 0.658228431907644 0
1591765997493 0.6556930558092022 0
1591766420392 0.6598792428133146 0
1591766844350 0.6577569502185477 0
1591767267178 0.6570115462121809 0
1591767691190 0.6569493573205987 0
1591768114473 0.6624543741110371 0
1591768538618 0.6608488673479399 0
1591768961057 0.6568201543992438 0
1591769383997 0.6600888310887554 0
1591769803535 0.6554226633983926 0
