1590451784368 0.005675010333468939 0
1590452469489 0.03232538728464924 0
1590453155881 0.06152608427645835 0
1590453844366 0.0698859404340143 0
1590454533415 0.08173724486510765 0
1590455222326 0.08909511711414395 0
1590455911666 0.08695015668591627 0
1590456601745 0.08944418794999953 0
1590457292747 0.09948686545248486 0
1590457984155 0.1061416175388657 0
1590458675530 0.11129649604391578 0
1590459367971 0.1104502240604789 0
1590460060814 0.11238618980541622 0
1590460753612 0.11321422698957495 0
1590461455395 0.11416621643505111 0
1590462218366 0.11401715142274736 0
1590462929281 0.11373569082753224 0
1590463660959 0.11487273459449966 0
1590464587122 0.11607617081308387 0
1590465538785 0.11576082813226447 0
