1590451784365 0.016351862427594243 0
1590452469486 0.06780382375466969 0
1590453155879 0.09808190776920138 0
1590453844363 0.1121025733042821 0
1590454533413 0.12287110661121743 0
1590455222324 0.1313128500322057 0
1590455911664 0.13224733450146695 0
1590456601743 0.1326653777519781 0
1590457292744 0.14077942343560723 0
1590457984153 0.1443055216683482 0
1590458675527 0.14844248382583905 0
1590459367966 0.14879642711921678 0
1590460060810 0.14984073498410883 0
1590460753609 0.1499928254606504 0
1590461455393 0.1509743336091552 0
1590462218363 0.15185543576759475 0
1590462929278 0.1510307597654961 0
1590463660956 0.15206135125730086 0
1590464587119 0.15300491492185095 0
1590465538783 0.15233826220245877 0
