1590451784366 0.01238448111732447 0
1590452469487 0.057500821051378645 0
1590453155880 0.08926724270338295 0
1590453844364 0.10108298464501826 0
1590454533413 0.11199601254475877 0
1590455222324 0.12066341375196027 0
1590455911664 0.12129714581699348 0
1590456601744 0.12197151832788651 0
1590457292746 0.13056108264180533 0
1590457984154 0.13527452439055107 0
1590458675528 0.1401441790393334 0
1590459367967 0.1396104683775471 0
1590460060811 0.14139488652157672 0
1590460753610 0.14191916401352916 0
1590461455394 0.1427703561511404 0
1590462218364 0.14310157948472657 0
1590462929279 0.14270762482924312 0
1590463660957 0.14373507659600365 0
1590464587120 0.14482389784854766 0
1590465538784 0.14437313510473507 0
