1590451784376 0.004813934627248703 0
1590452469497 0.036614825408589007 0
1590453155891 0.08658979563095259 0
1590453844371 0.09699214437405135 0
1590454533420 0.11171652919530357 0
1590455222331 0.12230817345032413 0
1590455911672 0.1345240604685803 0
1590456601750 0.13078219575872804 0
1590457292754 0.15491853498951594 0
1590457984165 0.16465335428774217 0
1590458675535 0.18296489929154436 0
1590459367978 0.18089411572475358 0
1590460060821 0.18606596091090735 0
1590460753617 0.18841833587430937 0
1590461455401 0.18984223867006284 0
1590462218372 0.18941058336051905 0
1590462929286 0.18943989265584488 0
1590463660965 0.18723267373834432 0
1590464587130 0.18958311324241686 0
1590465538791 0.193212318349899 0
