1590451784377 0.0027403381418550352 0
1590452469499 0.02257297772587455 0
1590453155892 0.061054383999048674 0
1590453844372 0.06898119219656274 0
1590454533421 0.08390016376434514 0
1590455222332 0.09366017046691612 0
1590455911673 0.09761484647195856 0
1590456601751 0.09738740772662553 0
1590457292755 0.11814047525437496 0
1590457984166 0.13056239641598186 0
1590458675536 0.14639781153342252 0
1590459367979 0.14321461559166476 0
1590460060821 0.14921450014370632 0
1590460753618 0.1522667631726443 0
1590461455401 0.15225057201361522 0
1590462218373 0.14884633670381825 0
1590462929287 0.15283503925605402 0
1590463660965 0.15076813989686957 0
1590464587131 0.15258107940786325 0
1590465538791 0.1550950777673987 0
