1590366065138 0.01338853904136515 0
1590366671404 0.015102178941765205 0
1590367278639 0.014941768511857523 0
1590367887679 0.022757060989958375 0
1590368496571 0.03282057294126143 0
1590369105817 0.04610007683227008 0
1590369716016 0.05867193362270587 0
1590370326182 0.08328473290092893 0
1590370944302 0.09591871385378577 0
1590371566784 0.09596517445768879 0
1590372179660 0.13387245497726544 0
1590372791487 0.14234861141512897 0
1590373404164 0.15683354480905484 0
1590374016466 0.16477338944075376 0
1590374628931 0.19323151958529444 0
1590375241544 0.17599141463443851 0
1590375880385 0.18138782401351966 0
1590376493627 0.1779132236015246 0
1590377157822 0.18126088800291013 0
1590377882647 0.19523199218899556 0
1590378498236 0.22499729610527214 0
1590379129906 0.2266303907526471 0
1590379747970 0.22071644690685974 0
1590380363995 0.2254642397253337 0
1590380987901 0.22349109054707939 0
1590381636248 0.2262186960058989 0
1590382298595 0.22322485608373868 0
1590382943127 0.22221647282996274 0
1590383593918 0.22099111500941682 0
1590384245284 0.21958894755417313 0
1590384883377 0.21904169825861902 0
1590385502370 0.2210065854200722 0
1590386117111 0.22073888193840785 0
1590386730780 0.21810344717319263 0
1590387344156 0.2196832274346797 0
1590387981606 0.21567090736392944 0
1590388678970 0.2200480465289624 0
1590389392737 0.21928555089194157 0
1590390084990 0.2158913045792375 0
1590390702339 0.2259805315889825 0
1590391329190 0.23784012983174677 0
1590391949520 0.2369823919352161 0
1590392564040 0.23519382010307327 0
1590393176283 0.23388520252016404 0
