1590366065127 0.013800736454043559 0
1590366671394 0.01425312413922705 0
1590367278632 0.015199451269753935 0
1590367887674 0.021974219188597603 0
1590368496566 0.027280229748621713 0
1590369105811 0.03882613335016023 0
1590369716007 0.04422560875877771 0
1590370326176 0.05965501307040521 0
1590370944295 0.06904569835673602 0
1590371566777 0.06717246185224861 0
1590372179651 0.07997670874257604 0
1590372791482 0.08412552881519719 0
1590373404159 0.09094621252026693 0
1590374016460 0.08904142506409884 0
1590374628926 0.0970282311097942 0
1590375241539 0.09391590519590524 0
1590375880380 0.09494143213700837 0
1590376493619 0.0950312073835452 0
1590377157817 0.0978758708849333 0
1590377882641 0.10016827930694851 0
1590378498231 0.11655926226928832 0
1590379129901 0.11568412189866628 0
1590379747965 0.1146406891440602 0
1590380363989 0.11494888747025722 0
1590380987896 0.11367888030861453 0
1590381636240 0.11384000141811342 0
1590382298590 0.11346559945966536 0
1590382943122 0.11258629379804665 0
1590383593910 0.11229712287556345 0
1590384245278 0.11145468854699318 0
1590384883370 0.11059069710834452 0
1590385502364 0.11103353052777483 0
1590386117106 0.11077286076723461 0
1590386730773 0.11041935611885698 0
1590387344148 0.11024822436030454 0
1590387981600 0.10934720678698828 0
1590388678962 0.10996310637147187 0
1590389392731 0.10939295776133233 0
1590390084984 0.1087678650324427 0
1590390702334 0.11076244550938623 0
1590391329183 0.11348887794861424 0
1590391949514 0.11346089880382447 0
1590392564034 0.11284533782175364 0
1590393176278 0.11258639135776499 0
