1590366065132 0.004962129232120049 0
1590366671398 0.005708857726592444 0
1590367278635 0.0060095424019281874 0
1590367887676 0.008705323473072466 0
1590368496568 0.011740229260625108 0
1590369105814 0.017182450218439702 0
1590369716012 0.019336570175040438 0
1590370326179 0.02835541034448851 0
1590370944298 0.037479959470355 0
1590371566780 0.0373739694056431 0
1590372179655 0.04472467579253815 0
1590372791484 0.04679874620483354 0
1590373404161 0.05418138800283801 0
1590374016463 0.04688736109727585 0
1590374628929 0.05154169891624937 0
1590375241541 0.05032005629107177 0
1590375880382 0.050412412814824614 0
1590376493623 0.04861389450298223 0
1590377157819 0.04974367749970636 0
1590377882643 0.05622166607981386 0
1590378498233 0.07860196906957269 0
1590379129903 0.07737233969509735 0
1590379747967 0.07640864300256599 0
1590380363992 0.07600433317407283 0
1590380987899 0.074277830916973 0
1590381636243 0.07459064667170628 0
1590382298592 0.07415233735944149 0
1590382943124 0.07247633059552612 0
1590383593914 0.0721242224238114 0
1590384245281 0.07099099310318714 0
1590384883373 0.0702050080470742 0
1590385502367 0.07048390017005689 0
1590386117108 0.06993769221138754 0
1590386730777 0.06872005858406245 0
1590387344152 0.06836112255935503 0
1590387981603 0.06662166695606087 0
1590388678965 0.06794622033428185 0
1590389392734 0.06771223236119375 0
1590390084987 0.06696817495399617 0
1590390702336 0.06840826664532011 0
1590391329186 0.07185542568068254 0
1590391949517 0.07183483759277463 0
1590392564036 0.0710898428523529 0
1590393176281 0.07089605152342118 0
