1590366065139 0.009100179352554994 0
1590366671405 0.010099834451376664 0
1590367278640 0.009913521796071738 0
1590367887680 0.015873785851126525 0
1590368496572 0.024491293501110453 0
1590369105817 0.03437922034962392 0
1590369716017 0.04455807375964233 0
1590370326183 0.06783902836409056 0
1590370944303 0.08237315210515712 0
1590371566785 0.08224585952590682 0
1590372179661 0.11866461451266697 0
1590372791488 0.12804827083016693 0
1590373404165 0.14265160701748733 0
1590374016467 0.14148778784697924 0
1590374628932 0.16824413214513562 0
1590375241545 0.1520436724545863 0
1590375880386 0.15595049415024068 0
1590376493628 0.15341954808885241 0
1590377157823 0.1546529227383748 0
1590377882647 0.17036856493047636 0
1590378498237 0.20739937970166758 0
1590379129907 0.20873001990135467 0
1590379747971 0.20311487287162608 0
1590380363996 0.2066112369342143 0
1590380987902 0.20448663215281268 0
1590381636249 0.2071556283855615 0
1590382298596 0.20415251724082473 0
1590382943128 0.2020554503987572 0
1590383593919 0.20150947154969906 0
1590384245285 0.19952161120574669 0
1590384883377 0.1986591413199049 0
1590385502370 0.1991409154318726 0
1590386117112 0.20014572537937894 0
1590386730781 0.1955578635874227 0
1590387344157 0.1972326091116726 0
1590387981606 0.19310080336315014 0
1590388678971 0.19712957291650524 0
1590389392738 0.19681667413829707 0
1590390084991 0.1933232902768055 0
1590390702340 0.2033494603329132 0
1590391329190 0.21488253883342903 0
1590391949521 0.214843132508662 0
1590392564041 0.21299077728997803 0
1590393176284 0.2113112032260915 0
