1590366065133 0.002999333787133554 0
1590366671400 0.0034420337829922858 0
1590367278636 0.003538676028541369 0
1590367887677 0.005175398294157721 0
1590368496569 0.007334056444589538 0
1590369105814 0.010579582408639756 0
1590369716014 0.011881860125160106 0
1590370326180 0.017931086420946617 0
1590370944299 0.024839331201669864 0
1590371566781 0.02532950170049874 0
1590372179656 0.030279453423127545 0
1590372791485 0.03191216913499186 0
1590373404162 0.03793246304134727 0
1590374016463 0.03153559672063721 0
1590374628929 0.03427901684121707 0
1590375241542 0.03411979387381424 0
1590375880383 0.03430585461227224 0
1590376493625 0.03144045398324905 0
1590377157820 0.03296383346460737 0
1590377882644 0.038497089726445964 0
1590378498233 0.06066197936231932 0
1590379129904 0.059657648856152164 0
1590379747968 0.05852424808341986 0
1590380363993 0.057963744288177875 0
1590380987899 0.05652184636769395 0
1590381636245 0.056557461890607716 0
1590382298593 0.056270785623024115 0
1590382943125 0.05465144372513025 0
1590383593915 0.05394267866788805 0
1590384245282 0.052684817398622026 0
1590384883374 0.052058634317175265 0
1590385502367 0.05153716270374406 0
1590386117109 0.05169351692563218 0
1590386730778 0.05051168665791654 0
1590387344153 0.050323946903410716 0
1590387981603 0.04852454180656474 0
1590388678967 0.04979531505019674 0
1590389392735 0.04967668977704573 0
1590390084987 0.04840356590738094 0
1590390702337 0.049751565900065096 0
1590391329187 0.05314525107804887 0
1590391949518 0.053018239043167006 0
1590392564037 0.05229427203896407 0
1590393176281 0.052276360390103735 0
