1590366065142 0.0031491875740813054 0
1590366671406 0.0035987887371010407 0
1590367278641 0.0038993440829179255 0
1590367887682 0.006881781127863285 0
1590368496574 0.011124626462264605 0
1590369105819 0.01646640250745824 0
1590369716020 0.021498766024926966 0
1590370326184 0.03697945285137576 0
1590370944305 0.05127346602082641 0
1590371566787 0.05073666425852353 0
1590372179664 0.07867723648051125 0
1590372791489 0.08623944911168704 0
1590373404166 0.09889877188046231 0
1590374016468 0.08621426286193969 0
1590374628934 0.10235721535643257 0
1590375241546 0.09485588742317018 0
1590375880387 0.09731704628394165 0
1590376493629 0.09088866335856927 0
1590377157825 0.0920105133095098 0
1590377882649 0.10726931525812275 0
1590378498238 0.15850962162877424 0
1590379129908 0.15819596285080306 0
1590379747972 0.15444875272062683 0
1590380363998 0.15541817746858339 0
1590380987904 0.15162547362132564 0
1590381636250 0.15256629370555574 0
1590382298597 0.1509603681560142 0
1590382943129 0.14728911118279858 0
1590383593920 0.14609119420467231 0
1590384245286 0.14273727079274248 0
1590384883379 0.14312204779019952 0
1590385502372 0.14315046752213567 0
1590386117113 0.14234653403615177 0
1590386730783 0.13933226760064782 0
1590387344159 0.13797355877560047 0
1590387981608 0.13421136111976958 0
1590388678974 0.13752562815099784 0
1590389392740 0.13751371052219918 0
1590390084993 0.13489528434042752 0
1590390702341 0.141350722349962 0
1590391329192 0.15107473052727027 0
1590391949522 0.15108457914997808 0
1590392564042 0.149139053978106 0
1590393176286 0.148523045931823 0
