1590366015750 1.1758794703688598 0
1590366624242 1.0964085423036183 0
1590367231650 1.0833949921217736 0
1590367840432 1.0574731651370484 0
1590368449437 1.0086569519198498 0
1590369058363 0.9502089149515394 0
1590369668610 0.8942331758316046 0
1590370278965 0.8409889662504373 0
1590370895677 0.7930542197025997 0
1590371519063 0.7506189249991664 0
1590372132067 0.7152628193438892 0
1590372743953 0.6848308238124211 0
1590373356485 0.6576884386272586 0
1590373968948 0.63568049815074 0
1590374581272 0.6160950049636451 0
1590375193815 0.5978091480645363 0
1590375832640 0.5841579564948538 0
1590376445896 0.5712022539904773 0
1590377075078 0.5625407186104158 0
1590377834661 0.5532753117620017 0
1590378450510 0.5523502253178229 0
1590379081645 0.5046621143066768 0
1590379700186 0.4828735765834664 0
1590380316319 0.4664168564410807 0
1590380938827 0.45267747370201716 0
1590381583114 0.4406684956743242 0
1590382245288 0.42940095344280826 0
1590382895101 0.42071111165567004 0
1590383546078 0.41154750014031877 0
1590384197258 0.4044248665302572 0
1590384834944 0.3950087774829391 0
1590385454607 0.3895252513125528 0
1590386069456 0.3836018021478752 0
1590386682977 0.37725237484681684 0
1590387296477 0.37142611388324187 0
1590387933900 0.36477560022524147 0
1590388613365 0.36085866621417234 0
1590389331629 0.3557847088204215 0
1590390036810 0.3515936935760959 0
1590390654359 0.3472959413030927 0
1590391280090 0.38266748272771745 0
1590391901703 0.3703048124611157 0
1590392516149 0.3636802273206661 0
1590393128549 0.36085203032612007 0
