1590581199019 0.5560258297742684 0
1590582041982 0.655254613457892 0
1590582868284 0.6016577445404385 0
1590583736000 0.6655526034324762 0
1590584568741 0.6792338335735282 0
1590585400122 0.6617955708658169 0
1590586269586 0.6918438152426378 0
1590587109396 0.7269151012048215 0
1590587947656 0.6764673703377175 0
1590588804635 0.6736824924965172 0
1590589646734 0.7231940402685445 0
1590590493630 0.7044105833570564 0
1590591339809 0.7251296370555145 0
1590592171755 0.729529796593651 0
1590593023701 0.6833995438322771 0
1590593866452 0.7388045648595372 0
1590594704944 0.7285375497374256 0
1590595556162 0.7375303797777846 0
1590596395852 0.7434703056829465 0
1590597269392 0.7241858967280982 0
1590598244139 0.7528918096337945 0
1590599195620 0.7672977132032959 0
1590600157392 0.753081395419774 0
1590601163697 0.73742227230337 0
1590602000639 0.7611911919263901 0
1590602897891 0.7802640379127492 0
1590603795154 0.7746643001944158 0
1590604686751 0.7729592633342125 0
1590605583813 0.7783487875661373 0
1590606480043 0.7826977875426006 0
1590607371053 0.783247469282717 0
1590608266666 0.7853457140291132 0
1590609159494 0.7942408731140445 0
1590610049379 0.7934421502717908 0
1590610948460 0.7904188139462276 0
1590611840296 0.7868940615200305 0
1590612730104 0.7891968490652691 0
1590613628016 0.7998200705828397 0
1590614521122 0.7871233968995324 0
1590615412201 0.8001983147520318 0
1590616306979 0.7969549149090169 0
1590617196424 0.8045994839037591 0
1590618094102 0.8034713822859759 0
1590618990867 0.8074328441876496 0
1590619875917 0.8030577037869764 0
1590620775398 0.8032986540973256 0
1590621673520 0.8068550615369497 0
1590622561088 0.7989464482492795 0
1590623464020 0.799855534674926 0
1590624357999 0.8034165773182915 0
1590625183012 0.8003503604825208 0
