1590581199061 0.7064125677035301 0
1590582042017 0.7703464275435493 0
1590582868296 0.7151561784273692 0
1590583736017 0.7603565243529756 0
1590584568766 0.7889855397016611 0
1590585400137 0.7677859899604679 0
1590586269612 0.7843570689898055 0
1590587109417 0.7911040543570901 0
1590587947670 0.7660371501508242 0
1590588804658 0.7828149597060096 0
1590589646756 0.8008885609172512 0
1590590493649 0.7894004747089257 0
1590591339832 0.7980969117242215 0
1590592171788 0.8051023119477146 0
1590593023717 0.7827349681988722 0
1590593866484 0.7960053749217281 0
1590594704973 0.8003020800561053 0
1590595556180 0.8145378365618429 0
1590596395888 0.8089147077651885 0
1590597269419 0.7848127163005983 0
1590598244185 0.8122141212774013 0
1590599195664 0.8208527211401301 0
1590600157432 0.8107397064576389 0
1590601163775 0.7915172983083818 0
1590602000661 0.8122698127122493 0
1590602897973 0.8175372538922766 0
1590603795171 0.8200377450685724 0
1590604686788 0.82256043811871 0
1590605583831 0.8198713675316198 0
1590606480072 0.821235743316134 0
1590607371100 0.8217732744458345 0
1590608266697 0.8231467420741074 0
1590609159526 0.8243521248243787 0
1590610049417 0.8173217788469332 0
1590610948492 0.8224298870899843 0
1590611840334 0.8259604037144063 0
1590612730127 0.8258181169906341 0
1590613628038 0.8266713524157998 0
1590614521153 0.8217220669328388 0
1590615412222 0.8263326198446054 0
1590616307000 0.8255034842501278 0
1590617196465 0.8262967441838098 0
1590618094145 0.8277464053954168 0
1590618990948 0.8285277226087757 0
1590619875934 0.8256018966591813 0
1590620775422 0.8254205247070378 0
1590621673545 0.8238444831093639 0
1590622561105 0.819993872061203 0
1590623464044 0.8221525387905125 0
1590624358015 0.8237389319520271 0
1590625183040 0.8211801697106381 0
