1590581199051 0.6662778196576906 0
1590582042010 0.7252071803136871 0
1590582868295 0.6748391359644565 0
1590583736016 0.7257151018166674 0
1590584568764 0.7437935713067149 0
1590585400136 0.7301512447189756 0
1590586269611 0.7452927446284647 0
1590587109416 0.7396936160267064 0
1590587947667 0.7272220293956709 0
1590588804654 0.7397303490862984 0
1590589646754 0.7574667935204018 0
1590590493648 0.7490687144140175 0
1590591339830 0.7541103879667445 0
1590592171785 0.7579328725353521 0
1590593023716 0.7416856310397462 0
1590593866483 0.7571433499087262 0
1590594704969 0.7610157000609596 0
1590595556178 0.7728881059872604 0
1590596395883 0.7704930315624071 0
1590597269416 0.7456722340838323 0
1590598244181 0.7703180939561495 0
1590599195657 0.7761524399614117 0
1590600157427 0.7687593903141406 0
1590601163738 0.7495139172227756 0
1590602000658 0.7712643840733077 0
1590602897968 0.7728146179325973 0
1590603795170 0.7784545213628914 0
1590604686784 0.7797306247732911 0
1590605583830 0.7741169396259854 0
1590606480070 0.7751924287074352 0
1590607371097 0.7764695847807157 0
1590608266696 0.7784549887269177 0
1590609159523 0.7790036739235029 0
1590610049414 0.7707420329507888 0
1590610948490 0.7750582726203462 0
1590611840330 0.7800742331273735 0
1590612730124 0.7795695000213788 0
1590613628035 0.7840920488473231 0
1590614521151 0.7759001305230561 0
1590615412219 0.7815324023888414 0
1590616306997 0.7779170029785316 0
1590617196460 0.7801959728584226 0
1590618094140 0.7829599267642554 0
1590618990942 0.7840034921640062 0
1590619875931 0.7783155020015157 0
1590620775420 0.7823022557129174 0
1590621673542 0.7778045169818234 0
1590622561104 0.7726699971947971 0
1590623464042 0.7768610479279994 0
1590624358014 0.779193453251872 0
1590625183037 0.7759686574599738 0
