1590581199025 0.5320111874882001 0
1590582041988 0.621539106413562 0
1590582868288 0.5751512053709791 0
1590583736005 0.6394981870664455 0
1590584568747 0.6452632544756636 0
1590585400125 0.6343668557341029 0
1590586269591 0.6651709786997966 0
1590587109400 0.6883683485132721 0
1590587947660 0.6488589221452965 0
1590588804640 0.6445904289404781 0
1590589646740 0.6897343041486027 0
1590590493638 0.6753743177562196 0
1590591339814 0.6914585826287084 0
1590592171760 0.6955050742308679 0
1590593023706 0.6558751571435386 0
1590593866457 0.7060928342963954 0
1590594704949 0.6965936506053876 0
1590595556168 0.7061789280584151 0
1590596395858 0.7117904312148474 0
1590597269397 0.6922231836242269 0
1590598244144 0.7211848587967229 0
1590599195630 0.7308698337287817 0
1590600157397 0.7205742554807757 0
1590601163703 0.7045524587806652 0
1590602000644 0.7279667083900674 0
1590602897900 0.7413945940737459 0
1590603795159 0.7379520738136733 0
1590604686756 0.7364758805870119 0
1590605583818 0.7407057922440681 0
1590606480048 0.7415169787257312 0
1590607371058 0.745361170105699 0
1590608266671 0.7466412700822614 0
1590609159499 0.7526652935134136 0
1590610049387 0.7498117182051466 0
1590610948466 0.7507421379573227 0
1590611840307 0.7477417796682267 0
1590612730109 0.7477874645984155 0
1590613628021 0.7583829804464878 0
1590614521129 0.7482147345413444 0
1590615412205 0.7560513713396483 0
1590616306984 0.7532803116123438 0
1590617196429 0.7614969670971806 0
1590618094108 0.761010781002596 0
1590618990891 0.7634117372279494 0
1590619875922 0.759801187061134 0
1590620775404 0.7602360131262389 0
1590621673526 0.76204413340983 0
1590622561094 0.7557574869109394 0
1590623464026 0.7566765892324138 0
1590624358004 0.7590154381297614 0
1590625183017 0.7589197112240454 0
