1590580977420 0.0910535902198818 0
1590581850252 0.06448208606905408 0
1590582710255 0.058968054925402004 0
1590583539429 0.05771895013335678 0
1590584375283 0.05338416949328449 0
1590585242617 0.053314094605545204 0
1590586073063 0.05153748017632299 0
1590586915775 0.049764381469123896 0
1590587783805 0.05036685725260112 0
1590588608954 0.04809033209251033 0
1590589450463 0.0423740523101555 0
1590590322688 0.041032962983267175 0
1590591151843 0.04146889194432232 0
1590591981385 0.04018545183663567 0
1590592847204 0.03949707149631447 0
1590593672369 0.03959538279929095 0
1590594516360 0.03752299597072933 0
1590595374148 0.03833511208701465 0
1590596207081 0.037498678461545046 0
1590597047403 0.036597805145300095 0
1590598021445 0.033780430861645276 0
1590598963078 0.03303215580474999 0
1590599930473 0.032560184031931894 0
1590600927401 0.03195464424581991 0
1590601801480 0.03108460781474908 0
1590602693240 0.030888744325687487 0
1590603590384 0.030515442370540567 0
1590604485140 0.030276303550021515 0
1590605378778 0.02981936330596606 0
1590606277849 0.029672626598427693 0
1590607165016 0.028203817022343477 0
1590608061817 0.02772632561106649 0
1590608957196 0.027656562375939553 0
1590609846631 0.02679378850799468 0
1590610746246 0.026489334621777137 0
1590611640531 0.027037443936698966 0
1590612523899 0.026484781451937226 0
1590613425005 0.026091788362504708 0
1590614322400 0.026194500364363195 0
1590615206104 0.02532712649864455 0
1590616102220 0.02453564351735016 0
1590617000402 0.024761707560262747 0
1590617887153 0.024460727762844827 0
1590618785545 0.02429181783874002 0
1590619681508 0.024164330696480142 0
1590620567133 0.024605416061563624 0
1590621471485 0.02380145849660039 0
1590622364771 0.024123724764212966 0
1590623260340 0.02410235621862941 0
1590624155429 0.02367864143724243 0
1590625030557 0.02349832686388658 0
