1590580977421 0.16040835595793193 0
1590581850253 0.15146507364180353 0
1590582710256 0.14779965283142196 0
1590583539431 0.1463671854800648 0
1590584375284 0.14460018689433735 0
1590585242618 0.14378128331568507 0
1590586073064 0.14258789641989603 0
1590586915776 0.14171688915954697 0
1590587783806 0.1414560272792975 0
1590588608955 0.1405872288842996 0
1590589450464 0.13703923109504912 0
1590590322689 0.13656062366233931 0
1590591151844 0.13595395926800038 0
1590591981387 0.1353328249355157 0
1590592847205 0.13513617946041956 0
1590593672370 0.13502785929375224 0
1590594516361 0.13480758531226053 0
1590595374149 0.13440731897950173 0
1590596207082 0.13431925404402945 0
1590597047405 0.13391721523470348 0
1590598021446 0.13218291451533634 0
1590598963079 0.13114300222860442 0
1590599930475 0.13146870732307434 0
1590600927402 0.1311300864484575 0
1590601801481 0.13031306728720665 0
1590602693241 0.1301815927359793 0
1590603590386 0.13004248071047994 0
1590604485141 0.13019703124960263 0
1590605378780 0.12988582539889548 0
1590606277850 0.12927699610590934 0
1590607165017 0.12810543088449372 0
1590608061819 0.12822304180926747 0
1590608957197 0.1281672951247957 0
1590609846632 0.127792746639914 0
1590610746247 0.1274860702123907 0
1590611640532 0.12761546027329232 0
1590612523900 0.12765855959720082 0
1590613425007 0.12698678606086308 0
1590614322401 0.12677174480424988 0
1590615206105 0.12664164021611213 0
1590616102221 0.1265991780658563 0
1590617000403 0.12598191792766253 0
1590617887154 0.12607559728953574 0
1590618785546 0.12617478961745898 0
1590619681509 0.12604184985160827 0
1590620567134 0.1254917610022757 0
1590621471486 0.1256121375494533 0
1590622364772 0.12556320698724852 0
1590623260341 0.12523194404111967 0
1590624155430 0.1250826466580232 0
1590625030558 0.12506763075788815 0
