1592629674261 0.6171020818958811 0
1592630591269 0.5784911907557986 0
1592631511529 0.6038545204094536 0
1592632426834 0.6241019979063102 0
1592633363552 0.6555575491690323 0
1592634280277 0.6270192752528714 0
1592635191480 0.6924239009584547 0
1592636104800 0.6523539176546399 0
1592637019887 0.6355152496814989 0
1592637937983 0.6508996320210346 0
1592638847124 0.7069600697757692 0
1592639766957 0.7169611077252824 0
1592640680945 0.7108408665902587 0
1592641597858 0.6983168123334328 0
1592642515511 0.7015209153496071 0
1592643436507 0.694713423048997 0
1592644356786 0.7294649955793907 0
1592645273335 0.7377996279427297 0
1592646187957 0.720207177372711 0
1592647107869 0.7215729310004318 0
1592648020834 0.7433819679674621 0
1592648954375 0.7325881139274178 0
1592649869296 0.7490204629598556 0
1592650799447 0.7318903522442016 0
1592651737369 0.7285626504735642 0
1592652672929 0.7220980996560469 0
1592653611408 0.7515409765570702 0
1592654556727 0.7472435505857117 0
1592655482802 0.7538874038898474 0
1592656417587 0.7473996860159131 0
1592657360156 0.7427096258598987 0
1592658297438 0.7572157754979182 0
1592659228780 0.7552662084289068 0
1592660162460 0.7509976925103233 0
1592661103325 0.7582583333662608 0
1592662035270 0.7398714820398019 0
1592662967123 0.7481578133758684 0
1592663904972 0.7479667563016638 0
1592664843143 0.7517214787740863 0
1592665778414 0.7403677245458572 0
1592666714637 0.7611248681811977 0
1592667661297 0.7631034395202487 0
1592668586313 0.7566937570267211 0
1592669525191 0.7583864636592881 0
1592670462839 0.7494406751152077 0
1592671404646 0.7568568277802173 0
1592672340505 0.7565989364303793 0
1592673275240 0.7580824523084169 0
1592674209280 0.7600141998630326 0
1592675061840 0.7535128343519547 0
1592675710983 0.7560370350055758 0
