1592629471788 0.29352285510963866 0
1592630408257 0.2612265643146303 0
1592631325339 0.2514397660891215 0
1592632243038 0.2449256850282351 0
1592633181179 0.23821543683608373 0
1592634097598 0.23458897375398213 0
1592635010828 0.22904002610180113 0
1592635921983 0.22745330658223895 0
1592636836150 0.22341634968916574 0
1592637754050 0.2238175955414772 0
1592638663969 0.20902022414737279 0
1592639587595 0.2055495431025823 0
1592640499238 0.20401908268531163 0
1592641414013 0.20300760885079702 0
1592642331306 0.2006767263677385 0
1592643251641 0.19635615464713838 0
1592644172952 0.19493446634875403 0
1592645089848 0.19372697869936625 0
1592646007237 0.19355239864852694 0
1592646923236 0.189697877532906 0
1592647835768 0.18632172842820485 0
1592648769782 0.18277440081040064 0
1592649684721 0.18220960421694649 0
1592650609871 0.18095385379261442 0
1592651548438 0.18071315659417048 0
1592652484308 0.17883012014958594 0
1592653424274 0.1798491703470548 0
1592654366564 0.17724489238527086 0
1592655296837 0.17747287382682164 0
1592656230698 0.1733296615547604 0
1592657172698 0.17276758023434216 0
1592658109767 0.17090261499087014 0
1592659040871 0.17008101541135046 0
1592659975571 0.16722398125463062 0
1592660915905 0.16777045807904667 0
1592661849798 0.16851050679882368 0
1592662780442 0.16666785980264345 0
1592663718689 0.16703102853563095 0
1592664653179 0.16568580801288288 0
1592665590100 0.16600876121057404 0
1592666525683 0.16522184052401118 0
1592667473033 0.16362600510319075 0
1592668399244 0.16269146866268583 0
1592669336884 0.16297104840477308 0
1592670275426 0.16175202334920566 0
1592671217822 0.16307800584369236 0
1592672151907 0.16262816520200835 0
1592673090704 0.16285816070106293 0
1592674021683 0.16268757020433744 0
1592674953165 0.1619606806172265 0
1592675601987 0.16188061495622 0
