1590545311041 0.47392624467722 0
1590545719875 0.5207440578302271 0
1590546130077 0.5673083072637826 0
1590546540724 0.4103048747219252 0
1590546951138 0.6102531581532717 0
1590547362280 0.6287445831147614 0
1590547773541 0.6331494755153818 0
1590548185754 0.5727212833177855 0
1590548598037 0.6496631218627823 0
1590549011411 0.5727414651737981 0
1590549423325 0.6827141424759532 0
1590549835368 0.6466464314633185 0
1590550246876 0.6570620358157814 0
1590550658288 0.6651203369871254 0
1590551068817 0.694979636043272 0
1590551479824 0.6528463921786283 0
1590551890567 0.6927662633707884 0
1590552301659 0.7016047354148117 0
1590552712442 0.6834893809821254 0
1590553123865 0.6850765843696124 0
1590553534405 0.7139741624523798 0
1590553945869 0.7210759712552929 0
1590554357202 0.7154522532225459 0
1590554768725 0.7072917710786661 0
1590555179570 0.6865379610620572 0
1590555591667 0.7114530851795554 0
1590556002827 0.7010005098580085 0
1590556414681 0.711605040653139 0
1590556826429 0.7018691619074408 0
1590557239149 0.7248519141905228 0
1590557650687 0.7217822113022959 0
1590558062821 0.7305613850873137 0
1590558474258 0.7114694861580987 0
1590558885883 0.7157188670443193 0
1590559297373 0.730190362413043 0
1590559708931 0.71831692762407 0
1590560120345 0.725393340131622 0
1590560531601 0.7261695008037459 0
1590560942716 0.7324646901278798 0
1590561354509 0.7274745548645937 0
1590561765910 0.7196541611831363 0
1590562177110 0.7295994240328331 0
1590562588179 0.7291758360414259 0
1590562999516 0.7319354978391637 0
1590563410398 0.7259301749361414 0
1590563822554 0.7243941022513658 0
1590564233568 0.7359755143497665 0
1590564645222 0.7248831133420471 0
1590565056292 0.7004554777116802 0
1590565467817 0.7317597668686606 0
1590565878966 0.722338185604469 0
1590566290239 0.7279328649079541 0
1590566701349 0.7252890931559862 0
1590567112943 0.7304707620873604 0
1590567523819 0.7319730652318435 0
1590567935321 0.7218393512415497 0
1590568346582 0.7306990526421947 0
1590568757884 0.729354735448253 0
1590569168138 0.7273138644246812 0
1590569579402 0.7311273837316697 0
1590569990309 0.7336824006093434 0
1590570401496 0.7349366992920563 0
1590570812707 0.7303756765217576 0
1590571224895 0.731055692099041 0
1590571636532 0.7320869320085842 0
1590572047746 0.7282339855591455 0
1590572458672 0.7296883704926064 0
1590572871470 0.7300945540148727 0
1590573283022 0.727167826676111 0
