1590545311028 0.47388897311264366 0
1590545719862 0.5207320594360219 0
1590546130058 0.567243762401912 0
1590546540710 0.4103048747219252 0
1590546951122 0.6102046696576351 0
1590547362262 0.6271614367339094 0
1590547773526 0.6331220825039514 0
1590548185740 0.5727122171894453 0
1590548598022 0.6496631218627823 0
1590549011396 0.5727414651737981 0
1590549423306 0.6827046313094389 0
1590549835354 0.6466464314633185 0
1590550246861 0.6570620358157814 0
1590550658274 0.6651203369871254 0
1590551068800 0.694979636043272 0
1590551479805 0.6527449033182001 0
1590551890553 0.6927662633707884 0
1590552301644 0.7015822765594348 0
1590552712427 0.6834893809821254 0
1590553123849 0.6850658939274022 0
1590553534389 0.7139741624523798 0
1590553945847 0.721054760344948 0
1590554357187 0.7154522532225459 0
1590554768710 0.7072794559775936 0
1590555179555 0.6865080159215545 0
1590555591649 0.7114530851795554 0
1590556002813 0.7010005098580085 0
1590556414667 0.711605040653139 0
1590556826415 0.7018691619074408 0
1590557239136 0.7248261874089431 0
1590557650674 0.7217822113022959 0
1590558062806 0.7305613850873137 0
1590558474244 0.7114694861580987 0
1590558885868 0.7157188670443193 0
1590559297358 0.730190362413043 0
1590559708914 0.718304541225044 0
1590560120324 0.725393340131622 0
1590560531587 0.7261580287593067 0
1590560942702 0.7324646901278798 0
1590561354495 0.7274745548645937 0
1590561765893 0.7196410556244136 0
1590562177095 0.7295602893783137 0
1590562588159 0.7291758360414259 0
1590562999501 0.7319354978391637 0
1590563410383 0.7258873233316521 0
1590563822539 0.7243769510636461 0
1590564233555 0.7359755143497665 0
1590564645209 0.7248831133420471 0
1590565056279 0.7004016903307427 0
1590565467803 0.7317597668686606 0
1590565878948 0.722338185604469 0
1590566290225 0.7279328649079541 0
1590566701335 0.7252890931559862 0
1590567112926 0.7304454113524873 0
1590567523805 0.7319730652318435 0
1590567935308 0.7218393512415497 0
1590568346566 0.7306990526421947 0
1590568757870 0.729354735448253 0
1590569168124 0.7273138644246812 0
1590569579384 0.7311273837316697 0
1590569990289 0.7336659971926609 0
1590570401482 0.7349366992920563 0
1590570812692 0.7303756765217576 0
1590571224880 0.7310333800335684 0
1590571636514 0.7320631176818853 0
1590572047730 0.7282339855591455 0
1590572458655 0.729667269509967 0
1590572871456 0.7300945540148727 0
1590573283008 0.727167826676111 0
