1590545311024 0.4965434841198382 0
1590545719858 0.5429824810352883 0
1590546130054 0.5888013072022134 0
1590546540706 0.4265132709003999 0
1590546951118 0.6374814703895928 0
1590547362259 0.6536312787921822 0
1590547773522 0.663922322008733 0
1590548185736 0.6006062211102557 0
1590548598017 0.6787247033774616 0
1590549011392 0.59237712705244 0
1590549423301 0.7103403194138559 0
1590549835350 0.6708028975475018 0
1590550246857 0.6848609983346101 0
1590550658271 0.6924723260009624 0
1590551068795 0.7247022220838608 0
1590551479799 0.6857853091039661 0
1590551890549 0.7214635555722172 0
1590552301639 0.7322838037555346 0
1590552712423 0.7134865616081495 0
1590553123843 0.7148141440538867 0
1590553534384 0.7449717064920796 0
1590553945843 0.75226276457539 0
1590554357183 0.7457367885879703 0
1590554768706 0.736082312361039 0
1590555179551 0.7137766508228506 0
1590555591645 0.739782870128807 0
1590556002810 0.7298644066985839 0
1590556414663 0.7407059323364064 0
1590556826411 0.730365662768498 0
1590557239132 0.7564540163307075 0
1590557650670 0.7530792543459691 0
1590558062802 0.7613972520917452 0
1590558474240 0.7415208511310549 0
1590558885864 0.7485965681974006 0
1590559297353 0.762399615888828 0
1590559708909 0.7505354254295692 0
1590560120316 0.757170895186015 0
1590560531583 0.7590902502910581 0
1590560942698 0.7662482721662093 0
1590561354491 0.7600985980864695 0
1590561765887 0.7517687864540591 0
1590562177092 0.7621751959700224 0
1590562588155 0.7614221763559084 0
1590562999497 0.7652860675021921 0
1590563410379 0.758784710485269 0
1590563822535 0.7561270922974166 0
1590564233551 0.7698866269152062 0
1590564645205 0.7574247223837016 0
1590565056275 0.7331211942500937 0
1590565467799 0.7634647648959134 0
1590565878943 0.7543609114436283 0
1590566290221 0.7616054500236837 0
1590566701331 0.7585178985700998 0
1590567112922 0.7631242602525881 0
1590567523799 0.7652412365105352 0
1590567935304 0.7553143596565609 0
1590568346561 0.7632133633106533 0
1590568757866 0.7622567367460609 0
1590569168120 0.7616665271970525 0
1590569579379 0.7651136291227625 0
1590569990283 0.7673582320241419 0
1590570401478 0.7685094205046684 0
1590570812688 0.763870100217124 0
1590571224876 0.7643045797154947 0
1590571636510 0.7660117525341331 0
1590572047725 0.7620846865198949 0
1590572458651 0.7639409710621108 0
1590572871452 0.7628428098411211 0
1590573283004 0.762651633562723 0
