1590545311038 0.49658530466887685 0
1590545719871 0.5429952621992512 0
1590546130073 0.5888695937316981 0
1590546540720 0.4265132709003999 0
1590546951133 0.6375341315252958 0
1590547362275 0.6552785324563974 0
1590547773537 0.6639497150201635 0
1590548185750 0.600616106768775 0
1590548598033 0.6787247033774616 0
1590549011407 0.59237712705244 0
1590549423320 0.7103507160299058 0
1590549835364 0.6708028975475018 0
1590550246872 0.6848609983346101 0
1590550658284 0.6924723260009624 0
1590551068812 0.7247022220838608 0
1590551479820 0.6858888789062209 0
1590551890563 0.7214635555722172 0
1590552301654 0.732307369932947 0
1590552712438 0.7134865616081495 0
1590553123861 0.7148253300426366 0
1590553534401 0.7449717064920796 0
1590553945864 0.7522839754857349 0
1590554357198 0.7457367885879703 0
1590554768721 0.7360958076376922 0
1590555179565 0.7138065959633533 0
1590555591663 0.739782870128807 0
1590556002823 0.7298644066985839 0
1590556414677 0.7407059323364064 0
1590556826425 0.730365662768498 0
1590557239145 0.7564797431122872 0
1590557650684 0.7530792543459691 0
1590558062817 0.7613972520917452 0
1590558474254 0.7415208511310549 0
1590558885879 0.7485965681974006 0
1590559297368 0.762399615888828 0
1590559708926 0.7505490189047012 0
1590560120340 0.757170895186015 0
1590560531597 0.7591097969340395 0
1590560942712 0.7662482721662093 0
1590561354505 0.7600985980864695 0
1590561765904 0.7517833903617211 0
1590562177106 0.7622143306245416 0
1590562588175 0.7614221763559084 0
1590562999511 0.7652860675021921 0
1590563410394 0.7588298815339164 0
1590563822550 0.7561450632110199 0
1590564233564 0.7698866269152062 0
1590564645218 0.7574247223837016 0
1590565056288 0.7331788669606627 0
1590565467813 0.7634647648959134 0
1590565878962 0.7543609114436283 0
1590566290235 0.7616054500236837 0
1590566701345 0.7585178985700998 0
1590567112939 0.7631528916707977 0
1590567523815 0.7652412365105352 0
1590567935318 0.7553143596565609 0
1590568346578 0.7632133633106533 0
1590568757880 0.7622567367460609 0
1590569168134 0.7616665271970525 0
1590569579396 0.7651136291227625 0
1590569990301 0.7673746354408243 0
1590570401491 0.7685094205046684 0
1590570812703 0.763870100217124 0
1590571224891 0.7643268917809672 0
1590571636525 0.7660385944887046 0
1590572047742 0.7620846865198949 0
1590572458668 0.7639620720447503 0
1590572871466 0.7628428098411211 0
1590573283018 0.762651633562723 0
