1590545311039 0.4879409930493501 0
1590545719873 0.5342996693769385 0
1590546130075 0.5806223092351716 0
1590546540722 0.4198843505439457 0
1590546951136 0.6267724153211497 0
1590547362277 0.6444495334918464 0
1590547773539 0.6528267934072264 0
1590548185752 0.5899032465354991 0
1590548598035 0.6675200352828737 0
1590549011409 0.5842690031807822 0
1590549423322 0.6990807414120666 0
1590549835366 0.661152294239425 0
1590550246874 0.6738554209339628 0
1590550658286 0.6814373386620362 0
1590551068814 0.7119076274430189 0
1590551479822 0.6721384957826028 0
1590551890565 0.7100488704449616 0
1590552301656 0.7197370920017693 0
1590552712440 0.7022488645755034 0
1590553123863 0.7019879936822284 0
1590553534403 0.7327339074638102 0
1590553945867 0.7401152665936429 0
1590554357200 0.7332682258148205 0
1590554768723 0.723541875740757 0
1590555179568 0.7018186473373911 0
1590555591665 0.7281378131110039 0
1590556002825 0.7177232166109423 0
1590556414679 0.72826000030087 0
1590556826427 0.7185897181443558 0
1590557239147 0.7438929801188623 0
1590557650685 0.7395717190306403 0
1590558062819 0.7485288602298731 0
1590558474256 0.7286546970377035 0
1590558885881 0.7352422392268738 0
1590559297370 0.7495234408648956 0
1590559708928 0.7369957687340206 0
1590560120343 0.7440847367028446 0
1590560531599 0.7458638730541713 0
1590560942714 0.753117412365196 0
1590561354507 0.7462850572248116 0
1590561765906 0.7390327037133448 0
1590562177108 0.7483436924926947 0
1590562588177 0.7486847137985522 0
1590562999514 0.752395487965989 0
1590563410396 0.7457378826860692 0
1590563822552 0.7436936596810967 0
1590564233566 0.7563043882551782 0
1590564645220 0.7440982154502002 0
1590565056290 0.719238407991659 0
1590565467815 0.7511001006516572 0
1590565878964 0.7413728001488838 0
1590566290237 0.7479990422547129 0
1590566701347 0.7450107577811463 0
1590567112941 0.7495334662019839 0
1590567523817 0.7513881943362883 0
1590567935319 0.7422237153987322 0
1590568346580 0.7497752943378669 0
1590568757882 0.7493122347970995 0
1590569168136 0.7480980398047787 0
1590569579399 0.7513738609551613 0
1590569990305 0.7540618574040746 0
1590570401493 0.7549155844866206 0
1590570812705 0.7505291381052661 0
1590571224893 0.7512550999523613 0
1590571636528 0.7525502572419068 0
1590572047744 0.7492396652300488 0
1590572458670 0.7499716213033613 0
1590572871468 0.7499147404348622 0
1590573283020 0.7486277523218469 0
