1590545311034 0.5071995898440149 0
1590545719868 0.5521915351113984 0
1590546130066 0.5975902212933687 0
1590546540716 0.4337763710012586 0
1590546951128 0.6504113301380404 0
1590547362270 0.669031356728056 0
1590547773532 0.6779924596978759 0
1590548185746 0.6130295811338411 0
1590548598029 0.6913282617172734 0
1590549011403 0.6003267794102186 0
1590549423315 0.7210378775595631 0
1590549835360 0.6810672965423699 0
1590550246867 0.6962021679465522 0
1590550658281 0.7049976838341537 0
1590551068807 0.7365737161635467 0
1590551479814 0.6995506300118851 0
1590551890559 0.7331398800110331 0
1590552301650 0.7457126561629805 0
1590552712434 0.7254778115716649 0
1590553123856 0.727766783520058 0
1590553534397 0.7585291343996817 0
1590553945856 0.7655715423944933 0
1590554357194 0.7585087724395173 0
1590554768717 0.7482502528681784 0
1590555179561 0.7256282347609327 0
1590555591657 0.7531191336580493 0
1590556002819 0.7432910049738984 0
1590556414673 0.7542529689949492 0
1590556826421 0.7437704307815984 0
1590557239141 0.7698857483447615 0
1590557650680 0.7668954782018547 0
1590558062813 0.7756720154327086 0
1590558474250 0.7533732727182737 0
1590558885875 0.7615499984300027 0
1590559297364 0.7754127054731748 0
1590559708922 0.764256262128437 0
1590560120334 0.7694382796758291 0
1590560531593 0.7737430200375628 0
1590560942708 0.781411278030313 0
1590561354501 0.7745946388254948 0
1590561765900 0.7655986849502425 0
1590562177101 0.7759171434092627 0
1590562588171 0.7751274903384724 0
1590562999507 0.7798934605544267 0
1590563410389 0.7727049027344194 0
1590563822546 0.769519128392959 0
1590564233561 0.782465084002915 0
1590564645215 0.7699550148523772 0
1590565056285 0.7465564150002649 0
1590565467809 0.7773574614899252 0
1590565878958 0.768281848135984 0
1590566290231 0.775967187079153 0
1590566701341 0.7721419014109134 0
1590567112933 0.7771334408752648 0
1590567523811 0.7793311288463745 0
1590567935314 0.7680229315402088 0
1590568346575 0.7768072751367056 0
1590568757876 0.7758207595828404 0
1590569168130 0.7755805417322461 0
1590569579392 0.7780995400045967 0
1590569990297 0.7803344888485895 0
1590570401488 0.7818454907858932 0
1590570812699 0.7775673999993067 0
1590571224886 0.7774716535141588 0
1590571636520 0.7785539493142003 0
1590572047737 0.7759944424463133 0
1590572458663 0.7784634014228785 0
1590572871462 0.7768670373257809 0
1590573283014 0.7773891523482933 0
