1590545228202 0.7812396895537186 0
1590545640019 0.6794099452073229 0
1590546050661 0.6508472606859351 0
1590546460533 0.6270555329933409 0
1590546871732 0.6151080614165265 0
1590547282671 0.6042516252532955 0
1590547694374 0.5974895379026613 0
1590548106124 0.5918068896659469 0
1590548518561 0.5818869283191375 0
1590548931487 0.575611848356588 0
1590549344110 0.5480406950806549 0
1590549755794 0.541131245694261 0
1590550167450 0.5399072741781025 0
1590550579188 0.536470329366933 0
1590550989840 0.5315014303953954 0
1590551400568 0.5277040669937018 0
1590551811528 0.5241552641003574 0
1590552222316 0.5154769222428416 0
1590552633202 0.51837977804464 0
1590553044717 0.513170846385231 0
1590553455307 0.4974680701077822 0
1590553866599 0.4924147448023043 0
1590554278038 0.4885259805902971 0
1590554689534 0.49099142437514204 0
1590555100583 0.4844878339153555 0
1590555512179 0.4816417526233302 0
1590555923578 0.47683549361556943 0
1590556335465 0.4760287660174072 0
1590556747131 0.4728423628526238 0
1590557159774 0.46929347264641047 0
1590557571411 0.4632651990516519 0
1590557983530 0.4611132443612497 0
1590558394990 0.4586416299237192 0
1590558806878 0.45725851449095944 0
1590559218067 0.4571935312861037 0
1590559629636 0.4536110561247364 0
1590560040974 0.4515479276667641 0
1590560452416 0.4456454981338872 0
1590560863268 0.44746686920892864 0
1590561275121 0.44752771524332197 0
1590561686664 0.44182933716671047 0
1590562098138 0.43952715996454456 0
1590562508977 0.4388228967874008 0
1590562920364 0.4395087857774773 0
1590563331513 0.43729844936252343 0
1590563743143 0.4362345230076793 0
1590564154404 0.43728023774704217 0
1590564566270 0.43458364266604627 0
1590564977261 0.4361516997829829 0
1590565388781 0.43498933884541136 0
1590565799751 0.4333825514985237 0
1590566211100 0.42951838989582286 0
1590566622099 0.4323625963735091 0
1590567033819 0.42974006734545944 0
1590567444707 0.4283015255777705 0
1590567856026 0.4291277542853585 0
1590568267392 0.4282902106739162 0
1590568678765 0.42774708135764405 0
1590569089290 0.4257344006389909 0
1590569500273 0.42658217784331437 0
1590569910950 0.42460957738383504 0
1590570322626 0.42347887862396577 0
1590570733473 0.4260532431340275 0
1590571145530 0.42354177810202115 0
1590571557332 0.42393030849362573 0
1590571968678 0.4238870571389486 0
1590572379496 0.42122699582905193 0
1590572791705 0.42246884272499946 0
1590573203609 0.4232467093763972 0
