1593399274002 0.21189488300173875 0
1593400456697 0.22120865258175657 0
1593401603708 0.2318125192780435 0
1593402744308 0.2586685548762111 0
1593403915099 0.3078897418954519 0
1593405086433 0.2516684779510822 0
1593406235292 0.393858740097694 0
1593407399741 0.2909466059057188 0
1593408575524 0.2525555384061634 0
1593409737772 0.32412965610078653 0
1593410889559 0.2522946026507773 0
1593412050153 0.26826164489992194 0
1593413227541 0.33046556406089345 0
1593414392842 0.2914882876536595 0
1593415543059 0.3056803861144057 0
1593416736440 0.27420125265178313 0
1593417886597 0.31201100327033227 0
1593419048380 0.3025331346405969 0
1593420203572 0.31356008330029755 0
1593421394343 0.2767011581149768 0
1593422452296 0.32952835687251564 0
1593423330751 0.23194707766537026 0
1593424219835 0.207298918499086 0
1593425098197 0.30525641170612366 0
1593425971863 0.3319636658851982 0
1593426859068 0.43127338713395574 0
1593427734447 0.3295857790640217 0
1593428616014 0.2879437122416887 0
1593429498307 0.35083883447970293 0
1593430387036 0.2969588809672225 0
1593431268344 0.3561466936686468 0
1593432151856 0.37764296255209134 0
1593433035040 0.4206385425041781 0
1593433912627 0.3900538652458391 0
1593434801616 0.3591346522362249 0
1593435690382 0.37205697015121125 0
1593436563222 0.4008049626456523 0
1593437449732 0.43328307951196926 0
1593438331546 0.4167709835275806 0
1593439213439 0.3909946275523544 0
1593440097510 0.4233164596604251 0
1593440992995 0.43323382097586555 0
1593441866132 0.441678510961963 0
1593442758631 0.451660374563332 0
1593443641902 0.45973394901805537 0
1593444526751 0.4292703465129679 0
1593445405258 0.4347542111998786 0
1593446298925 0.43884603448884424 0
1593447173041 0.4421218576954951 0
1593448057455 0.43997734373675307 0
1593448943375 0.4400817265867836 0
1593449826295 0.4410910984696275 0
1593450704873 0.4442573334295213 0
1593451597036 0.4461535805369992 0
1593452479542 0.4394216574575604 0
1593453357768 0.43319890658323623 0
1593454249036 0.42781950695321375 0
1593455128095 0.41981722965769225 0
1593456002236 0.4233781728682153 0
1593456898860 0.4205546823709754 0
1593457772351 0.45046889074818197 0
1593458660643 0.4684908104649624 0
1593459552706 0.4416292670454969 0
1593460429290 0.43896879930249 0
1593461309527 0.39515239697374344 0
1593462198238 0.42683451510082243 0
1593463072697 0.40161710971276676 0
1593463956586 0.44640164923101655 0
1593464836739 0.4205363927965857 0
1593465720228 0.43328893916301087 0
1593466594849 0.33253086793179326 0
1593467484009 0.3915859862101995 0
1593468367199 0.44795559417532244 0
1593469249094 0.4229716344688729 0
1593470128207 0.3748736168372013 0
1593471014371 0.3715344199344865 0
1593471887883 0.40272464193098184 0
1593472769992 0.36847111160836293 0
1593473653936 0.4166546212964279 0
1593474529128 0.41310171445147276 0
1593475413539 0.41172670970579456 0
1593476302208 0.37134671224768945 0
1593477178365 0.42646178365980797 0
1593478068953 0.3739918719451563 0
1593478949412 0.3798271592694064 0
1593479821242 0.4356305381215662 0
1593480705865 0.35381206190711945 0
1593481598425 0.36741889948910417 0
1593482473617 0.4178871771274711 0
1593483357166 0.3673192757019414 0
1593484238981 0.42136977244001744 0
1593485115356 0.3833232130470545 0
1593485998180 0.44309092157872393 0
1593486878158 0.38836724049510224 0
1593487752875 0.38652521303645965 0
1593488637563 0.39387185130695923 0
1593489521704 0.398785658853206 0
1593490394197 0.40279883585632853 0
1593491276344 0.38220848142258146 0
1593492163348 0.36447969737201963 0
1593493036855 0.4282157652368297 0
1593493923558 0.4062022968102732 0
1593494805277 0.44786623436139283 0
1593495681296 0.42903084583537493 0
1593496565195 0.40249084363000037 0
1593497453631 0.4286999398627837 0
1593498335835 0.46380460050151046 0
1593499225138 0.41190786231059234 0
1593500109714 0.41459106110869 0
1593500988693 0.4630490042539556 0
1593501869856 0.4742540220381272 0
1593502754230 0.4666509986490169 0
1593503623441 0.500906799789011 0
