1593399273993 0.21530130307962558 0
1593400456681 0.22518273140264974 0
1593401603704 0.23617555838974186 0
1593402744304 0.2631770300585326 0
1593403915095 0.3139716963006126 0
1593405086428 0.25591470590204424 0
1593406235281 0.40239673260707326 0
1593407399736 0.295958138286388 0
1593408575519 0.2569004731786459 0
1593409737768 0.33124457686963493 0
1593410889554 0.25704076445621393 0
1593412050149 0.27341438325233963 0
1593413227536 0.33780246256629753 0
1593414392837 0.2968892902705507 0
1593415543055 0.31175127524436597 0
1593416736430 0.2789599668715324 0
1593417886586 0.3184839926558324 0
1593419048366 0.30825203590369193 0
1593420203562 0.3201168169041914 0
1593421394326 0.2817125735677264 0
1593422452289 0.3359360731643209 0
1593423330743 0.23610097130195265 0
1593424219832 0.21097381967454373 0
1593425098193 0.3118534197295726 0
1593425971860 0.33854943390929676 0
1593426859058 0.44063477932685596 0
1593427734440 0.33534028249570724 0
1593428616007 0.29360650735750876 0
1593429498300 0.358005541509979 0
1593430387032 0.3030191661774177 0
1593431268339 0.36370851191186876 0
1593432151843 0.38523932922673526 0
1593433035036 0.42969952285457486 0
1593433912623 0.3982940424983182 0
1593434801611 0.36633694338852835 0
1593435690372 0.37966647840550916 0
1593436563214 0.4094152070391314 0
1593437449729 0.44296084665847474 0
1593438331541 0.4247171943356806 0
1593439213435 0.39932415121274895 0
1593440097506 0.4314135655790661 0
1593440992987 0.44297565568799613 0
1593441866128 0.4516209956220595 0
1593442758626 0.4619542740054934 0
1593443641898 0.46965912378002767 0
1593444526743 0.43888981350362477 0
1593445405253 0.44445975189228626 0
1593446298920 0.4485934268323548 0
1593447173036 0.45145698257136313 0
1593448057446 0.4496982657060071 0
1593448943370 0.4497793590846389 0
1593449826290 0.45058370353188043 0
1593450704867 0.4540715499417913 0
1593451597031 0.4560605312347832 0
1593452479538 0.448616942106153 0
1593453357762 0.4422452967461899 0
1593454249023 0.43727890794363294 0
1593455128088 0.4288366516821806 0
1593456002232 0.43228871939911623 0
1593456898856 0.4294884571889597 0
1593457772347 0.4601811580575366 0
1593458660638 0.47949225344940116 0
1593459552702 0.45110750666902605 0
1593460429285 0.4479711143246898 0
1593461309519 0.4031267835545412 0
1593462198234 0.43566658966326555 0
1593463072693 0.41049380374092986 0
1593463956576 0.4556612430692198 0
1593464836734 0.42921655546831977 0
1593465720223 0.4422300184773962 0
1593466594840 0.33860941436648223 0
1593467484003 0.398604356344397 0
1593468367194 0.4576788779494615 0
1593469249080 0.43199222593225745 0
1593470128202 0.382290028761321 0
1593471014367 0.3797297523309772 0
1593471887879 0.4105282860466803 0
1593472769984 0.37480076589189415 0
1593473653928 0.4248992719880001 0
1593474529123 0.421302684504591 0
1593475413529 0.42081151676729134 0
1593476302203 0.37931123458847565 0
1593477178361 0.43477722576463895 0
1593478068947 0.38133888767854607 0
1593478949408 0.3871484538170809 0
1593479821237 0.4443162976244531 0
1593480705860 0.36161184339054986 0
1593481598419 0.3754402221920433 0
1593482473613 0.4272951207767914 0
1593483357162 0.3750909342931159 0
1593484238978 0.4304781653216493 0
1593485115337 0.39206998483290806 0
1593485998175 0.4529547187566291 0
1593486878154 0.39648787642910904 0
1593487752864 0.3945356428843447 0
1593488637559 0.4022327968852844 0
1593489521699 0.40661832216870436 0
1593490394193 0.4099533712509919 0
1593491276340 0.3894949557531229 0
