1593399274019 0.5594091531897467 0
1593400456735 0.6081552946206991 0
1593401603724 0.6432528821040854 0
1593402744324 0.6565153606242246 0
1593403915123 0.6856615021692939 0
1593405086441 0.6395020297439749 0
1593406235310 0.6864535340732142 0
1593407399756 0.6660808059983726 0
1593408575533 0.6422637524109619 0
1593409737783 0.7091923070685189 0
1593410889567 0.5875085701989984 0
1593412050161 0.6718663127796556 0
1593413227569 0.7021800586627753 0
1593414392857 0.6746984192283979 0
1593415543073 0.6814916932717785 0
1593416736454 0.6300427212397184 0
1593417886610 0.699584369475743 0
1593419048408 0.6850147476008842 0
1593420203588 0.6841771401329972 0
1593421394389 0.6405639695415747 0
1593422452306 0.6829600105534849 0
1593423330758 0.612759990488207 0
1593424219840 0.5218756054061674 0
1593425098207 0.6542901508578661 0
1593425971871 0.6929963666118407 0
1593426859075 0.7348936506382483 0
1593427734459 0.7010641992389216 0
1593428616022 0.6516406400309709 0
1593429498331 0.7051158668219121 0
1593430387044 0.6367444945844737 0
1593431268359 0.6977228283887924 0
1593432151890 0.7090362821939372 0
1593433035048 0.7229427486132045 0
1593433912688 0.6969603162283876 0
1593434801624 0.7087511756517862 0
1593435690395 0.7052797642169623 0
1593436563245 0.7156449524776017 0
1593437449737 0.7188275807172092 0
1593438331554 0.7197900999569841 0
1593439213493 0.7081351612788112 0
1593440097539 0.7240576981904475 0
1593440993020 0.7245917079876162 0
1593441866151 0.7343052836131393 0
1593442758640 0.7337512742964338 0
1593443641914 0.7415123651920771 0
1593444526785 0.7283464175957945 0
1593445405268 0.7292919664883609 0
1593446298946 0.733624549963028 0
1593447173049 0.729905357117213 0
1593448057468 0.7288820959928085 0
1593448943390 0.7296692728263509 0
1593449826307 0.7267646923042689 0
1593450704883 0.7312267129197099 0
1593451597044 0.7349023379700036 0
1593452479558 0.7273830991961633 0
1593453357778 0.7278466851326529 0
1593454249071 0.7258813592795635 0
1593455128106 0.7203542228541702 0
1593456002244 0.7204237779952494 0
1593456898878 0.7274032538383656 0
1593457772368 0.7307378321953711 0
1593458660678 0.7375543996217638 0
1593459552717 0.7277951979085961 0
1593460429301 0.7394958881633968 0
1593461309537 0.7219015452511841 0
1593462198255 0.7243973432319235 0
1593463072709 0.7142249955805888 0
1593463956601 0.730990640588297 0
1593464836746 0.7207423784217845 0
1593465720241 0.7312905031742792 0
1593466594864 0.6965533833896599 0
1593467484030 0.7303321824116801 0
1593468367206 0.7337268847930805 0
1593469249112 0.7243303047931473 0
1593470128214 0.728197104350703 0
1593471014393 0.7002712558158524 0
1593471887891 0.7094508161599373 0
1593472770017 0.7121602050432688 0
1593473653951 0.7320828384165886 0
1593474529139 0.7235642523353282 0
1593475413551 0.7148176158704844 0
1593476302216 0.7094171856520847 0
1593477178378 0.735222026395387 0
1593478068961 0.7025098984429348 0
1593478949425 0.7119820300490874 0
1593479821252 0.7415316226919374 0
1593480705879 0.7080086443035928 0
1593481598447 0.717773800400753 0
1593482473633 0.7127438596113791 0
1593483357179 0.6988288520188158 0
1593484238987 0.7157248868708455 0
1593485115375 0.7017044489362417 0
1593485998188 0.7290224040523033 0
1593486878170 0.7114440634029918 0
1593487752913 0.7270102724925348 0
1593488637577 0.7053182071111698 0
1593489521719 0.7295336644846587 0
1593490394220 0.7180909659915325 0
1593491276355 0.7059859110489172 0
1593492163364 0.7141836684243095 0
1593493036866 0.7246781823516034 0
1593493923577 0.712162115882864 0
1593494805295 0.746181659028733 0
1593495681332 0.7409887458809155 0
1593496565209 0.7264544578186914 0
1593497453662 0.7269379710375641 0
1593498335855 0.737600930727504 0
1593499225144 0.7083706021553658 0
1593500109724 0.7140661174641648 0
1593500988716 0.7369256141111941 0
1593501869868 0.7324102818354045 0
1593502754242 0.7312603430261028 0
1593503623459 0.7435091252877664 0
