1593399274000 0.19992900183858775 0
1593400456696 0.20965139160331467 0
1593401603707 0.21869723077442035 0
1593402744307 0.24347651583809282 0
1593403915098 0.28764356876107344 0
1593405086432 0.23734945253189174 0
1593406235290 0.36366505836691715 0
1593407399740 0.2718008842505769 0
1593408575522 0.23711494273595632 0
1593409737771 0.30218539455692955 0
1593410889558 0.23604121755844992 0
1593412050152 0.25167963631319684 0
1593413227540 0.30661595253942225 0
1593414392841 0.2733544144637983 0
1593415543058 0.2855556465789809 0
1593416736434 0.2585196252700459 0
1593417886595 0.29221530934169426 0
1593419048372 0.28290694829694474 0
1593420203570 0.29124911123692215 0
1593421394338 0.2598629834079556 0
1593422452293 0.30703656782682515 0
1593423330749 0.21806817155824962 0
1593424219834 0.19645868268857591 0
1593425098196 0.28408581940527505 0
1593425971862 0.3108552181057375 0
1593426859067 0.4004035521807882 0
1593427734444 0.3097134987596429 0
1593428616013 0.2686790062607245 0
1593429498304 0.3274974989543702 0
1593430387035 0.27734543272863127 0
1593431268343 0.33157199829108175 0
1593432151848 0.35228649946028706 0
1593433035039 0.39230608852522975 0
1593433912626 0.3633195712081456 0
1593434801615 0.3341589294375906 0
1593435690380 0.34677916547322346 0
1593436563219 0.37363895517011697 0
1593437449731 0.4013355039147139 0
1593438331544 0.38672206447155827 0
1593439213438 0.3637995672780757 0
1593440097509 0.39340915281129024 0
1593440992991 0.40120104103250526 0
1593441866131 0.40812580008782545 0
1593442758629 0.4176999157303925 0
1593443641901 0.4247812081326496 0
1593444526747 0.39605214462413657 0
1593445405257 0.4022236278967953 0
1593446298924 0.40480990982439924 0
1593447173039 0.4085102722514097 0
1593448057454 0.40603325686525565 0
1593448943374 0.40618069280141694 0
1593449826293 0.4080418937687138 0
1593450704872 0.41033405907113923 0
1593451597035 0.41328677291800214 0
1593452479541 0.40605420021367666 0
1593453357766 0.40186693575246396 0
1593454249032 0.39587737348928886 0
1593455128093 0.3878554542176782 0
1593456002235 0.39207464079307836 0
1593456898859 0.39072124184011614 0
1593457772350 0.4175577696869706 0
1593458660642 0.43147941220769326 0
1593459552705 0.40860822239459793 0
1593460429289 0.40994358635781797 0
1593461309526 0.36950380870282534 0
1593462198237 0.39723681838633906 0
1593463072696 0.3727895272195232 0
1593463956584 0.4133618129629249 0
1593464836738 0.3893077107692457 0
1593465720227 0.4026988864131976 0
1593466594847 0.3115005856547291 0
1593467484007 0.3666094885939223 0
1593468367197 0.41596931569974693 0
1593469249093 0.3915770038253548 0
1593470128205 0.3500852087764246 0
1593471014370 0.34577405980056386 0
1593471887882 0.37554267088275023 0
1593472769989 0.34540716331380833 0
1593473653934 0.38823039822969346 0
1593474529127 0.3831683395004491 0
1593475413537 0.3834989419144385 0
1593476302207 0.34486934545630205 0
1593477178364 0.3953464510851362 0
1593478068951 0.3496623048592082 0
1593478949411 0.35527393231712145 0
1593479821241 0.4055933777862978 0
1593480705864 0.32847067508938843 0
1593481598422 0.3429114446117072 0
1593482473616 0.38765999582421373 0
1593483357165 0.34309628474520404 0
1593484238980 0.390653551748251 0
1593485115354 0.35152617277168585 0
1593485998179 0.4100532514665265 0
1593486878157 0.36223411347297885 0
1593487752871 0.3603279146752006 0
1593488637562 0.3660722001851059 0
1593489521703 0.3702776610622038 0
1593490394196 0.3764642781660006 0
1593491276343 0.35652298823767753 0
1593492163347 0.3409590289377646 0
1593493036854 0.395907466045397 0
1593493923557 0.37822035675697685 0
1593494805275 0.4158909816569969 0
1593495681295 0.4003868831184745 0
1593496565192 0.37473626327617754 0
1593497453629 0.39198857292485856 0
1593498335834 0.42891153784889424 0
1593499225137 0.3805388305604939 0
1593500109713 0.38323067315046194 0
1593500988691 0.4303329511111129 0
1593501869854 0.43789430530791834 0
1593502754228 0.4336946657120572 0
1593503623438 0.46322823271516905 0
