1593399273990 0.21871391114085484 0
1593400456679 0.22760059807432603 0
1593401603700 0.23866644029067693 0
1593402744301 0.26670355720368066 0
1593403915092 0.3186630374927735 0
1593405086426 0.2592969718765874 0
1593406235279 0.4114541816804513 0
1593407399734 0.30186346524383567 0
1593408575516 0.2608474082930954 0
1593409737764 0.33567408459172077 0
1593410889552 0.26070419497413955 0
1593412050147 0.2773281927082409 0
1593413227534 0.3438406584017772 0
1593414392835 0.30143894694845924 0
1593415543052 0.31719750641733513 0
1593416736428 0.2830361737551894 0
1593417886584 0.32249914984700184 0
1593419048364 0.31374653389257345 0
1593420203559 0.3254927823272882 0
1593421394313 0.28555180344578396 0
1593422452286 0.3421218556768456 0
1593423330740 0.23951194813212714 0
1593424219830 0.21332780916457622 0
1593425098190 0.31680623830633065 0
1593425971858 0.34404125993958834 0
1593426859055 0.4482266462762759 0
1593427734438 0.3408745099751248 0
1593428616005 0.2975420385894995 0
1593429498298 0.3638497642632734 0
1593430387030 0.30752974384081266 0
1593431268337 0.36880751533874445 0
1593432151841 0.3923094210388276 0
1593433035034 0.4366286513346096 0
1593433912621 0.4047525980828559 0
1593434801609 0.37260681792143957 0
1593435690370 0.3861223907119477 0
1593436563212 0.41641546254117023 0
1593437449727 0.4501659366339261 0
1593438331538 0.4336801528427634 0
1593439213432 0.4060470815390582 0
1593440097503 0.44074116066837565 0
1593440992985 0.4508683580105351 0
1593441866120 0.46019641515028153 0
1593442758624 0.46990872909936465 0
1593443641895 0.4784802266099656 0
1593444526741 0.4472052951691991 0
1593445405251 0.45283255029393477 0
1593446298918 0.45725331561424837 0
1593447173034 0.46011536653185264 0
1593448057444 0.45799754264554793 0
1593448943368 0.45816978706230066 0
1593449826288 0.4593223911408259 0
1593450704865 0.46251658505841325 0
1593451597028 0.46391607200771806 0
1593452479535 0.45731102795073264 0
1593453357760 0.45071175119555673 0
1593454249021 0.44554152076307757 0
1593455128086 0.4373567223589479 0
1593456002230 0.44165552529231344 0
1593456898854 0.43693472902359975 0
1593457772345 0.4689606652290343 0
1593458660635 0.48916265386536695 0
1593459552699 0.46036821213084095 0
1593460429283 0.4555828389832036 0
1593461309516 0.4095804025667728 0
1593462198232 0.44341361348146363 0
1593463072690 0.41688916061769105 0
1593463956574 0.465788245171564 0
1593464836732 0.43911880868089614 0
1593465720220 0.4509701261510693 0
1593466594836 0.3448631598174887 0
1593467484001 0.406930080449015 0
1593468367192 0.4661344429916506 0
1593469249077 0.44190973209291595 0
1593470128200 0.3887221080978327 0
1593471014364 0.3878070847765181 0
1593471887876 0.41765312575629243 0
1593472769981 0.38088945125609125 0
1593473653926 0.43269042231219373 0
1593474529121 0.4299989264349854 0
1593475413527 0.42815256084745146 0
1593476302201 0.3870467937612637 0
1593477178358 0.4444328974636694 0
1593478068944 0.3876159874597971 0
1593478949406 0.39456474983547213 0
1593479821235 0.4535815388157487 0
1593480705858 0.36823624979831976 0
1593481598417 0.381376879595393 0
1593482473611 0.43402149931023354 0
1593483357160 0.38113170355456144 0
1593484238977 0.43959601759845746 0
1593485115335 0.40234188857671954 0
1593485998173 0.4623685388633374 0
1593486878152 0.4028905483384414 0
1593487752859 0.4014004996705992 0
1593488637556 0.40939088176112737 0
1593489521697 0.41520002146397994 0
1593490394191 0.4179849775285541 0
1593491276338 0.3982920437073632 0
1593492163342 0.3777230915997376 0
1593493036846 0.4472402251692996 0
1593493923552 0.4220976553115486 0
1593494805266 0.465753888396233 0
1593495681290 0.4449337863359552 0
1593496565185 0.41881869319933474 0
1593497453612 0.44988191497428487 0
1593498335828 0.4851693858537046 0
1593499225133 0.4290214784923904 0
1593500109708 0.43088176804610834 0
1593500988685 0.4808541210841808 0
1593501869848 0.4962987218881353 0
1593502754223 0.4850327913477754 0
1593503623424 0.5246109756966205 0
