1593399273996 0.2125620142582271 0
1593400456683 0.22116426242377835 0
1593401603705 0.23253979985929996 0
1593402744305 0.259285563922947 0
1593403915096 0.3091769568222505 0
1593405086429 0.2531141393633091 0
1593406235283 0.3955618105174647 0
1593407399738 0.29124182743990595 0
1593408575520 0.25362153447954794 0
1593409737769 0.3256613063872837 0
1593410889555 0.2534947756334299 0
1593412050150 0.268940674353801 0
1593413227537 0.33216716030674404 0
1593414392838 0.2927799481049843 0
1593415543056 0.30659192803848945 0
1593416736431 0.2748352646785591 0
1593417886587 0.3125052494532335 0
1593419048368 0.30404076776115263 0
1593420203563 0.3148046567765188 0
1593421394332 0.27810915199561786 0
1593422452290 0.3308060555883766 0
1593423330744 0.23268374377280282 0
1593424219832 0.20724570262937167 0
1593425098194 0.30651051712433325 0
1593425971860 0.33180002864188984 0
1593426859059 0.43329454525421557 0
1593427734442 0.33018806085612945 0
1593428616007 0.2892414237695975 0
1593429498301 0.35255537242867196 0
1593430387033 0.2980172526870788 0
1593431268340 0.3579956085747598 0
1593432151844 0.3781916273036428 0
1593433035037 0.4216765502058121 0
1593433912624 0.39130359162289047 0
1593434801612 0.3608671276860318 0
1593435690373 0.3728111549791767 0
1593436563216 0.40202987471638635 0
1593437449730 0.4355494869874086 0
1593438331542 0.41872774132795576 0
1593439213436 0.39252569404421367 0
1593440097507 0.42477445697663596 0
1593440992989 0.43454988620000295 0
1593441866129 0.44374987497170254 0
1593442758627 0.45380350860339885 0
1593443641899 0.46203942669901793 0
1593444526744 0.431114451560545 0
1593445405254 0.436516683043636 0
1593446298921 0.44087542401229224 0
1593447173037 0.444269400263867 0
1593448057447 0.44175019398208965 0
1593448943371 0.44187467618043513 0
1593449826291 0.4424248504108022 0
1593450704868 0.4457994196671294 0
1593451597032 0.44779800390615127 0
1593452479539 0.4412120266798602 0
1593453357763 0.4352071269946263 0
1593454249024 0.4287426181969325 0
1593455128091 0.42147534138737247 0
1593456002233 0.42533201089314693 0
1593456898857 0.42201419292079584 0
1593457772348 0.4522675460334408 0
1593458660639 0.4706420228080863 0
1593459552703 0.4436317381358941 0
1593460429286 0.4400482186231581 0
1593461309520 0.39686090252789735 0
1593462198235 0.42846643410184293 0
1593463072694 0.40345416973734116 0
1593463956577 0.44737522759811443 0
1593464836735 0.42227833420129995 0
1593465720224 0.43371608111747006 0
1593466594843 0.3329214631070781 0
1593467484004 0.3930665525983635 0
1593468367195 0.4497470874334726 0
1593469249081 0.4236896019625251 0
1593470128203 0.3760898740786649 0
1593471014368 0.3716594112838788 0
1593471887880 0.4032238160630609 0
1593472769985 0.3703648951465124 0
1593473653930 0.417327662182215 0
1593474529124 0.4147401906115224 0
1593475413531 0.41265855468389845 0
1593476302204 0.3724491297348085 0
1593477178362 0.4286800722933756 0
1593478068948 0.3749104158250549 0
1593478949409 0.38100070782511725 0
1593479821239 0.4374787106173099 0
1593480705862 0.35585188799585304 0
1593481598420 0.36802240958256205 0
1593482473614 0.42044119229579413 0
1593483357163 0.3676553284815125 0
1593484238979 0.4226495028817546 0
1593485115345 0.383904048485202 0
1593485998176 0.444047932474667 0
1593486878155 0.389922858959628 0
1593487752866 0.38815529289754924 0
1593488637560 0.3953012418471773 0
1593489521700 0.3998575559319784 0
1593490394194 0.40361519535315876 0
1593491276341 0.3826454819874994 0
1593492163345 0.36481191712281463 0
1593493036851 0.4292226701808293 0
1593493923555 0.4074911499846146 0
1593494805271 0.44865761540983345 0
1593495681293 0.43077343210892793 0
1593496565188 0.40364535104912774 0
1593497453627 0.43123326552284447 0
1593498335831 0.4648436610607881 0
1593499225135 0.41313871232940313 0
1593500109711 0.4172770029034967 0
1593500988689 0.4643603272873119 0
1593501869852 0.47600896096413176 0
1593502754226 0.46749686452929184 0
1593503623433 0.5020451924125252 0
