1593399273998 0.2077084529397078 0
1593400456689 0.2171316351861882 0
1593401603706 0.22696622445334547 0
1593402744306 0.25330862183819375 0
1593403915097 0.30073473222398206 0
1593405086431 0.24646490877817812 0
1593406235284 0.38174635765949744 0
1593407399739 0.28483836431322995 0
1593408575521 0.24712869974838508 0
1593409737770 0.3160225381710726 0
1593410889557 0.24709386580831136 0
1593412050151 0.2616271513367809 0
1593413227539 0.32092036730354073 0
1593414392839 0.28475744431346706 0
1593415543057 0.2979910876293645 0
1593416736433 0.2682120165875005 0
1593417886589 0.3049270769601549 0
1593419048369 0.2943379093204409 0
1593420203569 0.30614869680373186 0
1593421394334 0.27057232364932454 0
1593422452291 0.3220838454641427 0
1593423330748 0.22734007539682033 0
1593424219833 0.20335172006364158 0
1593425098195 0.2974356484881671 0
1593425971861 0.3237166839634866 0
1593426859060 0.4198836955639122 0
1593427734443 0.3227973083034479 0
1593428616008 0.2825288521420834 0
1593429498303 0.3419907797740999 0
1593430387034 0.28994302111316206 0
1593431268342 0.3477204138992263 0
1593432151845 0.36826383229052234 0
1593433035038 0.4093436537988293 0
1593433912625 0.3800745096000202 0
1593434801614 0.3500165201929448 0
1593435690374 0.36369954305972924 0
1593436563217 0.390129319398451 0
1593437449731 0.4217802702691159 0
1593438331543 0.40666595542959993 0
1593439213437 0.3809822786639826 0
1593440097508 0.41216125782224744 0
1593440992990 0.4213938976342918 0
1593441866130 0.42990598774437805 0
1593442758628 0.4401073006512574 0
1593443641900 0.4486060164613767 0
1593444526746 0.41935959929791844 0
1593445405256 0.42335488672518434 0
1593446298923 0.4276171235267348 0
1593447173038 0.4311368601875076 0
1593448057448 0.42925034440848964 0
1593448943373 0.4293851306286022 0
1593449826292 0.43024244387186755 0
1593450704869 0.4332616554328405 0
1593451597034 0.43524006774298535 0
1593452479540 0.42927799177855813 0
1593453357765 0.42185646048944087 0
1593454249026 0.417459889046937 0
1593455128092 0.4099223745679362 0
1593456002234 0.41179289125592045 0
1593456898858 0.41032101384208963 0
1593457772349 0.43789103046082684 0
1593458660640 0.4548740548231122 0
1593459552704 0.42948606965412656 0
1593460429287 0.428340285815738 0
1593461309521 0.38517789355784926 0
1593462198236 0.4158594845110528 0
1593463072695 0.3918035860088174 0
1593463956578 0.4342675730352702 0
1593464836737 0.408436156437204 0
1593465720225 0.42299916746682975 0
1593466594845 0.3253691275150049 0
1593467484006 0.38111538468897904 0
1593468367196 0.4355012943701914 0
1593469249082 0.4104796904866534 0
1593470128204 0.36589570397695154 0
1593471014369 0.359790654312166 0
1593471887881 0.39389203568987585 0
1593472769987 0.3608820097168177 0
1593473653932 0.40770223762655416 0
1593474529125 0.4023939779231296 0
1593475413532 0.4000602364569667 0
1593476302206 0.36067529064636006 0
1593477178363 0.4152037472527984 0
1593478068950 0.36469272870679115 0
1593478949410 0.3695239509085699 0
1593479821240 0.42249037263750405 0
1593480705863 0.3436117280849819 0
1593481598421 0.35774039468300606 0
1593482473615 0.4070625569421112 0
1593483357164 0.35828580220976336 0
1593484238980 0.4092711556719844 0
1593485115348 0.3711957494477559 0
1593485998177 0.43050651225126174 0
1593486878156 0.37878962300091035 0
1593487752868 0.3763932210390881 0
1593488637561 0.3835960726374105 0
1593489521702 0.38861186268773845 0
1593490394195 0.3941061087221577 0
1593491276342 0.3707018953511619 0
1593492163346 0.35613479817422367 0
1593493036852 0.41531721145173606 0
1593493923556 0.39517215221290297 0
1593494805273 0.4360106405467357 0
1593495681294 0.418581495761453 0
1593496565190 0.3937247007316088 0
1593497453628 0.41280624613730527 0
1593498335832 0.44900944022057926 0
1593499225136 0.40109174083344273 0
1593500109712 0.4062821142886551 0
1593500988690 0.4510902722073601 0
1593501869853 0.4592614464565315 0
1593502754227 0.4550101754374831 0
1593503623435 0.48474514181279726 0
