1593399273991 0.21715461475342937 0
1593400456680 0.2265212968002822 0
1593401603702 0.2378298619007764 0
1593402744302 0.26606004039582 0
1593403915094 0.31714845977201933 0
1593405086427 0.2578706892544826 0
1593406235280 0.4083282997547601 0
1593407399735 0.2999769559003763 0
1593408575517 0.2597201720013499 0
1593409737766 0.33399003602807736 0
1593410889553 0.2593927974741193 0
1593412050148 0.2765798314351723 0
1593413227535 0.34144678324757877 0
1593414392836 0.2997096818206972 0
1593415543054 0.3149948727778981 0
1593416736429 0.28164446874787163 0
1593417886585 0.32143524136407675 0
1593419048365 0.31191461266877796 0
1593420203560 0.32354843575313286 0
1593421394314 0.2843981126234527 0
1593422452288 0.33918574351458286 0
1593423330741 0.23797755583026897 0
1593424219831 0.21243577677380668 0
1593425098191 0.3148468271830633 0
1593425971859 0.3428193707511901 0
1593426859056 0.4451971042016865 0
1593427734439 0.338601013994078 0
1593428616006 0.29606444533071835 0
1593429498299 0.3611340499478227 0
1593430387031 0.3058986692562327 0
1593431268338 0.36707611399619977 0
1593432151842 0.3895670659925329 0
1593433035035 0.43417678830601253 0
1593433912622 0.40257887846280455 0
1593434801610 0.37082157479081457 0
1593435690371 0.38326308827768146 0
1593436563213 0.41320095700865794 0
1593437449728 0.4479064326081762 0
1593438331540 0.43011279275792585 0
1593439213434 0.4032889925760473 0
1593440097505 0.43739916410493485 0
1593440992986 0.44841408728986193 0
1593441866121 0.4564719921955306 0
1593442758625 0.4664885192900852 0
1593443641896 0.4748376924252948 0
1593444526742 0.44300077492238343 0
1593445405252 0.4491377673474352 0
1593446298919 0.4539270071230357 0
1593447173035 0.4572422643669709 0
1593448057445 0.45513445881312825 0
1593448943369 0.4551007137633076 0
1593449826289 0.45593130809367544 0
1593450704866 0.4595607314058141 0
1593451597030 0.460620035412355 0
1593452479536 0.4540577560163811 0
1593453357761 0.44730586832113944 0
1593454249022 0.4420167322794132 0
1593455128087 0.43345683373203786 0
1593456002231 0.4371252495757162 0
1593456898855 0.433848459410291 0
1593457772346 0.46595517502128264 0
1593458660636 0.48529446563611467 0
1593459552701 0.45657385328849587 0
1593460429284 0.45192675171033214 0
1593461309518 0.4066645909325748 0
1593462198233 0.4403641504609709 0
1593463072692 0.4142724109522979 0
1593463956575 0.4619557935490057 0
1593464836733 0.43486079122254856 0
1593465720221 0.4471193553521027 0
1593466594838 0.34192145712997696 0
1593467484002 0.4031900545865201 0
1593468367193 0.4627025466074117 0
1593469249079 0.4381815525135307 0
1593470128201 0.38615877733201276 0
1593471014365 0.38444555710281436 0
1593471887878 0.4155079171472315 0
1593472769982 0.3784823843250535 0
1593473653927 0.42907773543991096 0
1593474529122 0.42700616773415884 0
1593475413528 0.425178447564721 0
1593476302202 0.38372847929892695 0
1593477178359 0.44033030809922924 0
1593478068945 0.3857309071415404 0
1593478949407 0.3914511609130767 0
1593479821236 0.45032293124808365 0
1593480705859 0.36508998708362395 0
1593481598418 0.3790220462699138 0
1593482473612 0.43084269761568256 0
1593483357161 0.3786556009274913 0
1593484238978 0.43557024141800754 0
1593485115336 0.3989014341680554 0
1593485998174 0.458614575659922 0
1593486878153 0.3998784227695458 0
1593487752862 0.398338707051976 0
1593488637558 0.40663791452564974 0
1593489521698 0.412148529804631 0
1593490394192 0.41466908411710796 0
1593491276339 0.3955935234986637 0
1593492163343 0.3760793875923461 0
1593493036848 0.44352727568993033 0
1593493923553 0.4189591572374618 0
1593494805267 0.4625338319707318 0
1593495681291 0.4413251219400153 0
1593496565186 0.4140506483819396 0
1593497453619 0.4454921374484544 0
1593498335829 0.4794912122617433 0
1593499225133 0.4254076380495452 0
1593500109709 0.4267396991632896 0
1593500988686 0.4785249167768257 0
1593501869850 0.4909900572600746 0
1593502754224 0.48109709280433366 0
1593503623427 0.5186004716564427 0
