1593399180669 0.16726107642788327 0
1593400371027 0.15419737595331037 0
1593401520299 0.1497765926390209 0
1593402665885 0.1485671788933828 0
1593403833975 0.14657539180056614 0
1593405003891 0.14621704282013304 0
1593406156666 0.1449407358428068 0
1593407322613 0.14336122469412108 0
1593408495698 0.14317977625989553 0
1593409657015 0.14229814886030825 0
1593410806618 0.14174803693524815 0
1593411979773 0.1411867969330739 0
1593413146050 0.14053369561831155 0
1593414312098 0.1394112093910349 0
1593415461072 0.13881322741508484 0
1593416662877 0.13816708197930094 0
1593417805873 0.1366559281013906 0
1593418966416 0.13797921207592342 0
1593420123128 0.1364382685472568 0
1593421311122 0.13531003951687703 0
1593422396805 0.13486391338378642 0
1593423275441 0.13379550358336983 0
1593424165326 0.13353066628968174 0
1593425043460 0.13351196019599834 0
1593425917592 0.13245860605754636 0
1593426809916 0.13137882541526447 0
1593427679656 0.13122308615482214 0
1593428560481 0.13068723004085547 0
1593429450460 0.13030667134532423 0
1593430331177 0.1294904281949681 0
1593431212070 0.12910678910768844 0
1593432100494 0.12904466753543326 0
1593432980592 0.12817919357312899 0
1593433858793 0.12741620708821397 0
1593434748196 0.126585004046898 0
1593435636064 0.12619337630034846 0
1593436508703 0.1257863973944702 0
1593437395553 0.12559877748064924 0
1593438277444 0.12514671391214838 0
1593439157425 0.12436117117547175 0
1593440042319 0.12429112311678403 0
1593440937135 0.12486883182304376 0
1593441811506 0.12382539737772083 0
1593442703502 0.12359075224252813 0
1593443587399 0.12370563484728336 0
1593444472148 0.12301068174455201 0
1593445351829 0.12285478525992596 0
1593446244549 0.12346999436108903 0
1593447118956 0.12316067185196461 0
1593448005831 0.12274029812860218 0
1593448890246 0.12261874884874983 0
1593449771130 0.12296076515463716 0
1593450655809 0.12267617833320842 0
1593451542021 0.1228171122740164 0
1593452425118 0.12284632655086392 0
1593453309396 0.12303829849274321 0
1593454194386 0.12340805459428918 0
1593455074554 0.12329662671651352 0
1593455955870 0.12337328288986375 0
1593456844778 0.12300271539469108 0
1593457716737 0.1236682400304937 0
1593458609927 0.12338509777504386 0
1593459499650 0.12320079090017261 0
1593460376807 0.12426497023834875 0
1593461255894 0.12417020531597012 0
1593462149271 0.12444926849143072 0
1593463018820 0.12445109187992233 0
1593463903680 0.12455451505428011 0
1593464789643 0.12505351272270535 0
1593465665990 0.1258088363489757 0
1593466539911 0.12586808077652345 0
1593467433703 0.12578042502035247 0
1593468313588 0.12595456969839605 0
1593469194181 0.12677586319941012 0
1593470075232 0.12635978504620266 0
1593470960763 0.12674927635287697 0
1593471832494 0.1281720535603888 0
1593472715760 0.12771890089480262 0
1593473598940 0.1275388632590572 0
1593474475174 0.12679415237102093 0
1593475360326 0.12998619294640693 0
1593476247504 0.1278882142805466 0
1593477124457 0.12781938957050443 0
1593478015023 0.12790932281958786 0
1593478895560 0.12732550551211744 0
1593479766945 0.1278004066764631 0
1593480651807 0.12774192345695515 0
1593481542297 0.12874650966488954 0
1593482419974 0.12800696039233694 0
1593483302205 0.1273000521133795 0
1593484185239 0.1288893182310417 0
1593485062136 0.12696759680737602 0
1593485945150 0.12901261808689346 0
1593486824378 0.1269609720276838 0
1593487698262 0.1275080390218081 0
1593488584125 0.12680517561790167 0
1593489466944 0.12693964380940254 0
1593490338859 0.12654346316544848 0
1593491222039 0.12713867969190082 0
