1592742899511 0.7566762015418979 0
1592743532894 0.7450549383292688 0
1592744166799 0.7191481118582909 0
1592744800323 0.7775763904570295 0
1592745433496 0.7735035019718297 0
1592746066674 0.790949038434252 0
1592746701183 0.7904190018752816 0
1592747336951 0.7713932231204013 0
1592747970096 0.8003135495504006 0
1592748603482 0.7749273438804387 0
1592749235737 0.7985638325643345 0
1592749868068 0.8256664681896532 0
1592750498811 0.814308377988606 0
1592751131666 0.8278001062236214 0
1592751764457 0.8045221030425284 0
1592752396700 0.8068750355238116 0
1592753029629 0.7984757205224674 0
1592753664215 0.8145910341062628 0
1592754296300 0.8065115821773806 0
1592754930589 0.8010368208309667 0
1592755562327 0.8061927185718897 0
1592756194489 0.8149517046128043 0
1592756825219 0.8244632493383633 0
1592757459514 0.8251950650065513 0
1592758092654 0.8145022066795935 0
1592758723219 0.8235117224913117 0
1592759355440 0.8232405407380602 0
1592759989323 0.8358347570378188 0
1592760619916 0.8212774009073146 0
1592761252659 0.8223780659529153 0
1592761886550 0.821947082792083 0
1592762518857 0.8208953110323207 0
1592763149446 0.8259543771823226 0
1592763782210 0.8212512526018173 0
1592764414003 0.8304521025433275 0
1592765048748 0.8226393752746844 0
1592765680629 0.8271962882000874 0
1592766314083 0.8188303042335338 0
1592766944250 0.8284303711204558 0
1592767579154 0.8280042943462449 0
1592768212571 0.8233222803259146 0
1592768844927 0.82230698975453 0
1592769478303 0.8264201856200705 0
1592770110994 0.821167465807195 0
1592770742072 0.8279929377241739 0
1592771376667 0.8314134362256926 0
1592772008008 0.8250584070549452 0
1592772642160 0.8250404730050097 0
1592773275284 0.8257429070797313 0
1592773906292 0.8277976214718997 0
1592774537679 0.8292815375231394 0
