1592742899509 0.7836942989056339 0
1592743532892 0.7689090460681427 0
1592744166795 0.7427684302761313 0
1592744800321 0.8019671021678015 0
1592745433494 0.7992399652551756 0
1592746066672 0.817419101027685 0
1592746701181 0.8133232209634025 0
1592747336948 0.7973329054258326 0
1592747970093 0.8257976873870693 0
1592748603480 0.7985034594912194 0
1592749235735 0.8211052313654257 0
1592749868066 0.8495931187182533 0
1592750498809 0.8392751805162164 0
1592751131663 0.8527348945261342 0
1592751764455 0.8267836939244677 0
1592752396698 0.8299026097209746 0
1592753029626 0.8211792434117512 0
1592753664213 0.8385159734625998 0
1592754296297 0.8308715620015323 0
1592754930587 0.8238313014685793 0
1592755562325 0.8295889616662971 0
1592756194487 0.8399641479320411 0
1592756825217 0.8483524572790458 0
1592757459512 0.8509994025674635 0
1592758092652 0.8369597189584299 0
1592758723217 0.8475988769683899 0
1592759355438 0.8457832927801203 0
1592759989321 0.8581628638891231 0
1592760619913 0.8430119114778648 0
1592761252657 0.8461062344571844 0
1592761886547 0.8448791441897642 0
1592762518854 0.8452863588304769 0
1592763149444 0.8494686967636019 0
1592763782208 0.8448200070162388 0
1592764414000 0.8546493480296918 0
1592765048746 0.8464980750693254 0
1592765680626 0.8517189436469218 0
1592766314081 0.8438621661926182 0
1592766944248 0.8523377211617922 0
1592767579152 0.8516940397600921 0
1592768212568 0.8470103067663162 0
1592768844924 0.8459212818763341 0
1592769478301 0.8491043379161868 0
1592770110991 0.8450531054227313 0
1592770742070 0.850464343756137 0
1592771376665 0.8555115725156474 0
1592772008005 0.8506464454365477 0
1592772642158 0.8485106483592438 0
1592773275282 0.8497595676901354 0
1592773906289 0.8510010701501427 0
1592774537677 0.8526124366066109 0
