1595571617102 0.47446736822946267 0
1595572990401 0.5381322458743926 0
1595574358223 0.5807210148116028 0
1595575720462 0.5605044352934394 0
1595577083214 0.6019701628214255 0
1595578445907 0.577468929252819 0
1595579802679 0.610373037208093 0
1595581156412 0.6164614500593416 0
1595582518258 0.6474031470556674 0
1595583869969 0.6076737204602958 0
1595585228140 0.6020344188864147 0
1595586580057 0.5990715187303151 0
1595587938723 0.627985048885935 0
1595589283663 0.6426042955539593 0
1595590628291 0.6687735382006111 0
1595591984288 0.6583802442305009 0
1595593322366 0.6824825947009435 0
1595594673992 0.6598138164949765 0
1595596012720 0.6564110079925113 0
1595597355234 0.6741576115331253 0
1595598699398 0.6759850547182256 0
1595600052416 0.6657855991043112 0
1595601405908 0.6825728267341968 0
1595602751155 0.6768757570244742 0
1595604102645 0.67686319489361 0
1595605441967 0.6707018932308633 0
1595606790990 0.690905349023838 0
1595608132979 0.6932035297513472 0
1595609482602 0.6967326982478496 0
1595610827863 0.6852975728345699 0
1595612181438 0.6933312072409534 0
1595613531405 0.6922661891785851 0
1595614881780 0.6903130292944106 0
1595616224767 0.6846166034757317 0
1595617567088 0.6812043874207867 0
1595618918885 0.6840674146769019 0
1595620266585 0.6863406424442742 0
1595621616766 0.6864325047162267 0
1595622966388 0.677235795117647 0
1595624316755 0.6897274461759755 0
1595625665767 0.6831073423264764 0
1595627019293 0.6896464621848143 0
1595628372935 0.6854898884297554 0
1595629726217 0.691242946167893 0
1595631069446 0.6874411731813421 0
1595632420152 0.6912705999689589 0
1595633768721 0.6945783000976241 0
1595635114721 0.6938379879317372 0
1595636465443 0.6941939488993748 0
1595637807278 0.6962675467786589 0
1595639158339 0.690248833558697 0
1595640514388 0.6904048858805044 0
1595641863613 0.6955700655723526 0
1595643208536 0.6937904781712195 0
1595644550916 0.6952807007306228 0
1595645898400 0.6933886488333466 0
1595647246917 0.6920251237261134 0
1595648590506 0.6937038146086518 0
1595649940685 0.6926112582988541 0
1595651294718 0.693420617191456 0
1595652649611 0.6937478282125452 0
1595653999052 0.6962206501650656 0
1595655344325 0.6946291151923393 0
1595656694828 0.6948761043158542 0
1595658042906 0.6954916482787983 0
1595659402449 0.6942886420409172 0
1595660748916 0.6939591220961882 0
1595662104210 0.6950023903553774 0
1595663454620 0.6938065836203781 0
1595664803754 0.6936775725754858 0
1595666164954 0.6947209942568012 0
1595667516845 0.6940443969438715 0
1595668869840 0.6943137148902685 0
1595670232394 0.6951875763552402 0
1595671577985 0.6948567963340899 0
1595672938623 0.6950166574889459 0
1595674284878 0.6951547456475354 0
1595675628734 0.6949447112620968 0
1595676984365 0.6944250467532161 0
1595678352561 0.6945428182839876 0
1595679719257 0.6950379567018605 0
1595681070381 0.6943153580691869 0
1595682431715 0.6945145913561772 0
1595683791221 0.694200980164521 0
1595685150880 0.6941907505956425 0
1595686496192 0.6943629047268377 0
1595687857442 0.6944897825896731 0
1595689209561 0.6944779185398355 0
1595690571439 0.6944950245696675 0
1595691924136 0.6944643565512616 0
1595693283296 0.6946238747095167 0
1595694646104 0.6946865011362013 0
1595696002138 0.6947542098102598 0
1595697363278 0.6947650556241343 0
1595698730493 0.6948471751290863 0
1595700090125 0.6949779266255922 0
1595701451395 0.6950329275973981 0
1595702808608 0.6950290104163799 0
1595704164419 0.6950288026607315 0
1595705515089 0.694955019103678 0
1595706873570 0.6948801137629552 0
1595708233789 0.6944979426401888 0
1595709590684 0.6949784005097128 0
1595710954056 0.6947577379361889 0
1595712320563 0.6948421684472905 0
1595713679849 0.6949518569270733 0
1595715039766 0.6949871699315733 0
1595716411318 0.6950566262572049 0
1595717778109 0.6947943107774934 0
1595719152106 0.6949283407246309 0
1595720512833 0.6948747852326979 0
1595721867280 0.6949790310352639 0
1595723225131 0.6950735861425307 0
1595724580491 0.6948394704115616 0
1595725943059 0.6948909169718706 0
1595727300724 0.6949367383411424 0
1595728646449 0.6952241484801671 0
1595730000864 0.6951462140471805 0
1595731352213 0.6951463461168507 0
1595732706389 0.6950783934030971 0
1595734063480 0.6950954313909001 0
1595735406773 0.6949723398750248 0
1595736760360 0.694986585202246 0
1595738105013 0.6950693966003406 0
1595739457739 0.6949951634223343 0
1595740809318 0.6950551023623927 0
1595742160792 0.6950720887089384 0
1595743507674 0.6948983284034062 0
