1595571617132 0.6784819161608716 0
1595572990424 0.7062479364964314 0
1595574358259 0.7267660636641096 0
1595575720471 0.7135600043461261 0
1595577083230 0.724950319657305 0
1595578445923 0.7168925342351338 0
1595579802694 0.7419609508514652 0
1595581156419 0.7278614967985022 0
1595582518279 0.736707365933073 0
1595583869980 0.7367555745879799 0
1595585228154 0.7249862419586665 0
1595586580073 0.7493558024360328 0
1595587938733 0.7383756874065026 0
1595589283692 0.7499332725958313 0
1595590628344 0.7460164137117724 0
1595591984337 0.751154502479389 0
1595593322382 0.7582533662481304 0
1595594674052 0.7457603741559911 0
1595596012757 0.7552038215699083 0
1595597355248 0.7553029454567098 0
1595598699493 0.7550130731302606 0
1595600052426 0.7577914013724073 0
1595601405972 0.7561134255677335 0
1595602751170 0.756575284697394 0
1595604102708 0.7574560329337179 0
1595605442028 0.7609283243080965 0
1595606791007 0.7590959763950735 0
1595608133009 0.7610374860767743 0
1595609482679 0.7645699919251571 0
1595610827889 0.7578229705434798 0
1595612181450 0.7635776966923485 0
1595613531429 0.7615698262766626 0
1595614881850 0.7638925122596322 0
1595616224793 0.7603491683104273 0
1595617567103 0.7616430559415726 0
1595618918939 0.7622097651689599 0
1595620266595 0.765184308969149 0
1595621616852 0.7636176798123401 0
1595622966409 0.7624902288707585 0
1595624316856 0.7633007052312252 0
1595625665777 0.7611272990847954 0
1595627019305 0.76178690092646 0
1595628372947 0.7625757995052765 0
1595629726231 0.764501656387895 0
1595631069476 0.7633220239701436 0
1595632420203 0.7624624019507464 0
1595633768775 0.7648046606706236 0
1595635114787 0.7643260405353842 0
1595636465536 0.7636141692150016 0
1595637807292 0.7653286576727603 0
1595639158363 0.7633693162596841 0
1595640514428 0.7635738777932604 0
1595641863629 0.765404001818621 0
1595643208546 0.7649941351899018 0
1595644550934 0.7649555324479596 0
1595645898442 0.7637757849220209 0
1595647246927 0.763784283604068 0
1595648590544 0.7650819054634436 0
1595649940695 0.7648332389259853 0
1595651294755 0.7641353332286657 0
1595652649680 0.7643392006739977 0
1595653999066 0.7647295689309548 0
1595655344349 0.7642998545981472 0
1595656694878 0.7649307091126416 0
1595658042930 0.7648267783082531 0
1595659402460 0.764354054036216 0
1595660748970 0.7643639831745381 0
1595662104291 0.7648626093919688 0
1595663454686 0.7639130972898822 0
1595664803821 0.7637056709831817 0
1595666165008 0.7639583429715262 0
1595667516859 0.7635587610543493 0
1595668869859 0.7639947938516848 0
1595670232449 0.763986113532797 0
1595671578001 0.7640963457281579 0
1595672938686 0.76442625196553 0
1595674284909 0.7643630473868626 0
1595675628770 0.76436831577713 0
1595676984408 0.7639879465394434 0
1595678352624 0.7642062175922426 0
1595679719268 0.7642983994926908 0
1595681070414 0.7639355173469287 0
1595682431743 0.7639899939292819 0
1595683791274 0.7639633575966011 0
1595685150949 0.7639917104899325 0
1595686496236 0.7640707485216189 0
1595687857551 0.7642111836733974 0
1595689209580 0.7643454259831401 0
1595690571450 0.7640961247809418 0
1595691924153 0.7642979235329457 0
1595693283358 0.7643802939526454 0
1595694646167 0.7641792338648707 0
1595696002152 0.7643484250870024 0
1595697363313 0.7641638486251611 0
1595698730557 0.7642277637820147 0
1595700090177 0.7643392171707175 0
1595701451405 0.764119675342386 0
1595702808694 0.7642416356726013 0
1595704164450 0.7642404493958448 0
1595705515159 0.7642270125639229 0
1595706873630 0.764145932767843 0
1595708233809 0.7641446570997529 0
1595709590718 0.764418122526867 0
1595710954071 0.7641229391149533 0
1595712320586 0.7643453735094258 0
1595713679869 0.7644426328762745 0
1595715039811 0.7645583434904463 0
1595716411372 0.7645194767508247 0
1595717778133 0.7644432014739431 0
1595719152116 0.7643804157675684 0
1595720512885 0.7643500661572059 0
1595721867296 0.7644004189749364 0
1595723225157 0.7644625619281197 0
1595724580519 0.7642090535580931 0
1595725943115 0.7639875856687917 0
1595727300740 0.7641916796652798 0
1595728646503 0.7643683268358726 0
1595730000906 0.7644044679682762 0
1595731352254 0.7643255516503177 0
1595732706433 0.7644409748778401 0
1595734063508 0.7643391958674679 0
1595735406787 0.7642960113872778 0
1595736760409 0.764244666036701 0
1595738105034 0.7644115879791791 0
1595739457791 0.764233122957931 0
1595740809378 0.7642756936700372 0
1595742160801 0.76435760449273 0
1595743507720 0.7642361165446051 0
