1595571617119 0.743282915399243 0
1595572990407 0.772375233445183 0
1595574358246 0.7852496361390616 0
1595575720468 0.7722834729925447 0
1595577083223 0.7859161617028463 0
1595578445916 0.7772506075282165 0
1595579802686 0.7966051817692632 0
1595581156416 0.7860803791316759 0
1595582518275 0.7943997735730414 0
1595583869977 0.7967370018548238 0
1595585228151 0.7876340957029432 0
1595586580065 0.8020617474154539 0
1595587938729 0.7960885625835189 0
1595589283681 0.7978174656272811 0
1595590628326 0.8015425086229712 0
1595591984318 0.8036806574035138 0
1595593322374 0.8093328950259842 0
1595594674019 0.7972527475672322 0
1595596012734 0.805661167059928 0
1595597355242 0.8079084846246165 0
1595598699453 0.8054180706981505 0
1595600052422 0.8074142279670312 0
1595601405939 0.8081342064688908 0
1595602751163 0.806515429988909 0
1595604102683 0.8061305927651903 0
1595605441988 0.8098816388263848 0
1595606791000 0.8074250449147865 0
1595608132998 0.8126039618179858 0
1595609482660 0.8126396214756448 0
1595610827881 0.8089251449431631 0
1595612181444 0.8121550808374018 0
1595613531425 0.8110223448557382 0
1595614881827 0.8138677560384451 0
1595616224775 0.8103479125000892 0
1595617567100 0.8109697126202492 0
1595618918916 0.8117984850974866 0
1595620266591 0.8139619693550209 0
1595621616814 0.8135445327616532 0
1595622966398 0.8127262343315356 0
1595624316766 0.8131838688905578 0
1595625665773 0.8115125159902252 0
1595627019300 0.8120215986281619 0
1595628372943 0.8124372389493534 0
1595629726223 0.814470652180427 0
1595631069464 0.8132360923041161 0
1595632420186 0.812761347556733 0
1595633768770 0.8141534094545542 0
1595635114769 0.8143985777547794 0
1595636465484 0.8132942442639767 0
1595637807285 0.8146801753498426 0
1595639158351 0.8129234159363319 0
1595640514396 0.81361122715105 0
1595641863620 0.8150228769888986 0
1595643208542 0.8145847775539371 0
1595644550926 0.8144720352991751 0
1595645898426 0.8134690555475245 0
1595647246924 0.8141614342610255 0
1595648590521 0.8151170081520511 0
1595649940691 0.8145032962395927 0
1595651294741 0.8142347001010692 0
1595652649659 0.8144989920727452 0
1595653999059 0.8149647530521179 0
1595655344345 0.814525986595028 0
1595656694866 0.8148851406092091 0
1595658042914 0.8146729447265548 0
1595659402457 0.8145629532050359 0
1595660748957 0.8144886684400199 0
1595662104219 0.8147432185957159 0
1595663454661 0.8138902417908576 0
1595664803793 0.8138313861516283 0
1595666164981 0.8139758905082773 0
1595667516852 0.8137146978466793 0
1595668869852 0.8139921205487431 0
1595670232428 0.8141708886254699 0
1595671577996 0.8140015408654054 0
1595672938636 0.8144765185926038 0
1595674284901 0.814368391551523 0
1595675628756 0.8143481281338767 0
1595676984391 0.8139825676697053 0
1595678352586 0.8142722243481303 0
1595679719264 0.814424653214301 0
1595681070402 0.8141242932434495 0
1595682431726 0.8140225802612229 0
1595683791257 0.8140168730364559 0
1595685150938 0.8140507976949455 0
1595686496225 0.814063333102011 0
1595687857539 0.8141756786042054 0
1595689209569 0.8142076778979247 0
1595690571445 0.8139862569422074 0
1595691924148 0.8142129438548791 0
1595693283347 0.8142098152505116 0
1595694646142 0.814129745661189 0
1595696002145 0.8142193732724674 0
1595697363302 0.8140851268860747 0
1595698730543 0.8141005271682025 0
1595700090155 0.8143095271918175 0
1595701451401 0.8142069655123919 0
1595702808665 0.8142916205509424 0
1595704164446 0.8141938944250974 0
1595705515136 0.8140923045897102 0
1595706873605 0.8140435113319244 0
1595708233803 0.8139948914812221 0
1595709590709 0.8142527878599091 0
1595710954067 0.8139606354617688 0
1595712320571 0.814213721503641 0
1595713679859 0.8142635835069553 0
1595715039791 0.8143762185231065 0
1595716411325 0.8143478393829889 0
1595717778129 0.8143192235028768 0
1595719152112 0.8142807762335179 0
1595720512881 0.8142027152273613 0
1595721867288 0.8142917635392262 0
1595723225148 0.8143372622122975 0
1595724580509 0.8141774803073659 0
1595725943103 0.8140406091693106 0
1595727300733 0.8141758593148692 0
1595728646488 0.8142583319658732 0
1595730000884 0.8142449423266505 0
1595731352239 0.8141239136957232 0
1595732706415 0.814246111530428 0
1595734063497 0.8142970166922903 0
1595735406780 0.8142123602856818 0
1595736760389 0.8141707727499501 0
1595738105020 0.8143073702655297 0
1595739457770 0.8141641413094944 0
1595740809348 0.8142009782581665 0
1595742160798 0.8142633793478623 0
1595743507703 0.814328155258226 0
