1595571290775 0.2786233921333052 0
1595572686120 0.24391535772310616 0
1595574053770 0.23481705624834748 0
1595575414220 0.2288498443687484 0
1595576777499 0.22329489718799647 0
1595578150426 0.22325689907929408 0
1595579504189 0.21842726522442923 0
1595580852966 0.2141884094939362 0
1595582210640 0.20961797105734453 0
1595583560016 0.21090689153832703 0
1595584904169 0.20942151983915333 0
1595586255308 0.2072565132286015 0
1595587609909 0.20384249334168966 0
1595588964508 0.20499060310355696 0
1595590302853 0.20359342680008918 0
1595591653969 0.20064960460122414 0
1595592995677 0.19053803168969347 0
1595594343282 0.18427465238987562 0
1595595683804 0.1821352827841836 0
1595597022248 0.18139175680011485 0
1595598359071 0.18139832791380897 0
1595599711778 0.18032129425447802 0
1595601067583 0.17165728294829707 0
1595602415277 0.17004149046001307 0
1595603762729 0.1677819628892951 0
1595605104860 0.16789261008052173 0
1595606453524 0.16605558587218197 0
1595607805385 0.16394010997084327 0
1595609151213 0.16085732619037418 0
1595610498382 0.16205772611102617 0
1595611847640 0.1586640123170235 0
1595613201356 0.15637033794484387 0
1595614556588 0.1562937068469164 0
1595615901510 0.15490932423624493 0
1595617245678 0.15328583548585312 0
1595618592238 0.1505570144144146 0
1595619942866 0.15092192775116883 0
1595621291792 0.14954263155220168 0
1595622645428 0.15181515162809145 0
1595623994759 0.15104553002547272 0
1595625344297 0.15151668926908593 0
1595626689729 0.14980592844434065 0
1595628038577 0.1482876476506425 0
1595629387569 0.1485489789430363 0
1595630723516 0.1482209801569298 0
1595632066043 0.14924866964226907 0
1595633412729 0.14719867734907582 0
1595634757914 0.14792269250819448 0
1595636100106 0.14817183297112105 0
1595637439086 0.14775997074513175 0
1595638784565 0.14646358475778143 0
1595640135581 0.14657562781620576 0
1595641483665 0.145039393144339 0
1595642829103 0.1465942479337817 0
1595644168922 0.14601470962548235 0
1595645515307 0.14664752835840061 0
1595646856258 0.14480145410023182 0
1595648197858 0.14598395227524585 0
1595649546797 0.14710013758511115 0
1595650899482 0.14520888047140557 0
1595652248444 0.14523546551804126 0
1595653594741 0.14475538210926422 0
1595654942880 0.14537298936830584 0
1595656290227 0.14616914191010272 0
1595657643812 0.14466578019652163 0
1595658999010 0.1459767967831685 0
1595660344509 0.145359898815093 0
1595661700820 0.14559394848693707 0
1595663055044 0.14511328092434012 0
1595664402816 0.14608307976451027 0
1595665755122 0.14574804826401955 0
1595667119665 0.14546703414347031 0
1595668466263 0.14437109583252034 0
1595669825913 0.14541046188192167 0
1595671175215 0.14416043498667924 0
1595672526892 0.1449769237513241 0
1595673882284 0.14508916625582316 0
1595675222377 0.14495653041094714 0
1595676578931 0.14425107992379554 0
1595677939497 0.144752710574698 0
1595679301886 0.1449459240480359 0
1595680662692 0.1458139106643584 0
1595682017182 0.1453579101130108 0
1595683373755 0.14581181644212107 0
1595684733353 0.14491206957265723 0
1595686088842 0.1447290642314662 0
1595687432762 0.1446626458061716 0
1595688791967 0.14674659956840322 0
1595690151861 0.1453024414356438 0
1595691504142 0.14506525388502758 0
1595692856612 0.14426189727472136 0
1595694219108 0.1451720079540911 0
1595695579841 0.1454283630461559 0
1595696929277 0.14503228070689667 0
1595698292286 0.14488686155450925 0
1595699653280 0.1452643775206573 0
1595701011422 0.14357110526655745 0
1595702367499 0.14414090047337416 0
1595703720136 0.14499111529239733 0
1595705080652 0.145073238849443 0
1595706434662 0.1455984234126957 0
1595707790060 0.14530366284482052 0
1595709152996 0.14648411400203956 0
1595710509464 0.14383297913471693 0
1595711873458 0.14545476647950617 0
1595713244866 0.14521668581591965 0
1595714603862 0.14543903863302052 0
1595715965325 0.14398770386539245 0
1595717338573 0.14433049291532263 0
1595718708797 0.14554025964622258 0
1595720071633 0.14424124200121613 0
1595721431598 0.1449359896432064 0
1595722791152 0.14580350800807274 0
1595724151046 0.1451268290945511 0
1595725514765 0.1451324824886712 0
1595726879858 0.14482456899434942 0
1595728231919 0.14517366457930486 0
1595729592384 0.14526537733504735 0
1595730948982 0.1458303127422449 0
1595732297919 0.14565558776776225 0
1595733661851 0.1448072976348914 0
1595735012469 0.14436545174393547 0
1595736362067 0.14556323747365166 0
1595737717346 0.14542092542870788 0
1595739066777 0.144450848812928 0
1595740427435 0.14459967548312183 0
1595741783686 0.1466152224440549 0
1595743136550 0.14375330309032114 0
