1595571290778 0.10534117098906924 0
1595572686123 0.062107774146781 0
1595574053773 0.05726857186263561 0
1595575414222 0.051149471669860065 0
1595576777502 0.047883892517604554 0
1595578150429 0.044483133332156304 0
1595579504191 0.044328457558978254 0
1595580852969 0.04108495156270699 0
1595582210642 0.04028736640761501 0
1595583560019 0.03866096563994097 0
1595584904172 0.03844660413482255 0
1595586255311 0.03653596206160584 0
1595587609912 0.03575795055094039 0
1595588964511 0.036014329271950904 0
1595590302856 0.035150586276735826 0
1595591653971 0.0345734874348746 0
1595592995679 0.03068260665920284 0
1595594343285 0.02885040996229379 0
1595595683808 0.027913659397846444 0
1595597022251 0.02772961451474371 0
1595598359074 0.027210053704212967 0
1595599711781 0.027984626203795403 0
1595601067586 0.025640132914479547 0
1595602415280 0.025147738398731825 0
1595603762731 0.025115240160698837 0
1595605104862 0.02412240772766102 0
1595606453527 0.02392518396335896 0
1595607805387 0.023752665797323082 0
1595609151216 0.023174829346348527 0
1595610498385 0.022141027450599975 0
1595611847643 0.022318355195901245 0
1595613201359 0.021056147864767873 0
1595614556591 0.020859916223754105 0
1595615901513 0.02144232765464981 0
1595617245681 0.021740947342473893 0
1595618592241 0.02158357538534736 0
1595619942869 0.02168171122150294 0
1595621291795 0.02122368217383617 0
1595622645431 0.021344892242765725 0
1595623994761 0.020753594399349106 0
1595625344300 0.02013164895227522 0
1595626689731 0.021115376584665984 0
1595628038580 0.02155583154713515 0
1595629387572 0.020055438457233763 0
1595630723519 0.019932121175232104 0
1595632066046 0.020909455935159294 0
1595633412732 0.019270153474772133 0
1595634757917 0.020440686567604595 0
1595636100109 0.020342899535065108 0
1595637439088 0.01982843733355549 0
1595638784568 0.02015593869948658 0
1595640135584 0.019890644368804986 0
1595641483668 0.0202260002007721 0
1595642829106 0.021363669444817834 0
1595644168924 0.020558494597505764 0
1595645515310 0.019853783599224056 0
1595646856261 0.019904685218535473 0
1595648197861 0.02082064247541714 0
1595649546800 0.02042865508591101 0
1595650899485 0.01914268662332281 0
1595652248447 0.01940368315711399 0
1595653594744 0.019628950198725847 0
1595654942883 0.02059851572060097 0
1595656290230 0.0190333436080966 0
1595657643815 0.01952563891059263 0
1595658999012 0.020325611237273878 0
1595660344512 0.02003155045083845 0
1595661700822 0.020125186263928136 0
1595663055046 0.019888895962030292 0
1595664402819 0.020578114138120166 0
1595665755126 0.020511621017832674 0
1595667119668 0.019521683340982175 0
1595668466266 0.01946992525410001 0
1595669825915 0.020479634196730524 0
1595671175218 0.019800492341058754 0
1595672526895 0.01921286750417091 0
1595673882287 0.020350625616991254 0
1595675222379 0.01988715577481659 0
1595676578934 0.020249042438799214 0
1595677939500 0.02010145211297385 0
1595679301889 0.01936837199305951 0
1595680662695 0.020331153110129962 0
1595682017184 0.019333573570148133 0
1595683373758 0.020202663290378977 0
1595684733356 0.02027408493204776 0
1595686088846 0.019798008654246215 0
1595687432765 0.019734048591730585 0
1595688791970 0.02035816977964522 0
1595690151864 0.01982315639357877 0
1595691504144 0.020231093336927262 0
1595692856614 0.01941442085304286 0
1595694219110 0.019058828469426206 0
1595695579843 0.02007901045217115 0
1595696929280 0.02061546261149899 0
1595698292289 0.021192327850828183 0
1595699653283 0.02069913212604656 0
1595701011425 0.01955603841964454 0
1595702367502 0.019752163898584706 0
1595703720139 0.02027336657270297 0
1595705080654 0.02054815410229152 0
1595706434665 0.01982578340380258 0
1595707790063 0.019514814290486456 0
1595709152998 0.01941713998258586 0
1595710509467 0.019497031123418912 0
1595711873461 0.019947029195701307 0
1595713244869 0.02019210827498813 0
1595714603865 0.01958967240671085 0
1595715965327 0.01881584626056091 0
1595717338576 0.01975224605920278 0
1595718708800 0.020926699687122706 0
1595720071636 0.020623843331242935 0
1595721431601 0.019527757409510137 0
1595722791154 0.020273472575053977 0
1595724151049 0.020191297102758958 0
1595725514767 0.01975564679137064 0
1595726879861 0.019632989405583234 0
1595728231922 0.02014060798608702 0
1595729592387 0.020294133816646916 0
1595730948985 0.02002057074925333 0
1595732297923 0.019442108857490984 0
1595733661854 0.020450836060652133 0
1595735012472 0.020764535694716854 0
1595736362071 0.020031506705738476 0
1595737717349 0.020045330927631888 0
1595739066780 0.019901222177205528 0
1595740427437 0.01948288260636279 0
1595741783688 0.02026966179827379 0
1595743136553 0.020104745296154036 0
