1595571290776 0.2578456536009231 0
1595572686122 0.22632931753020952 0
1595574053771 0.2182839248209429 0
1595575414221 0.21225352249393573 0
1595576777500 0.2103225372048767 0
1595578150428 0.20577817541277182 0
1595579504190 0.20267752179003864 0
1595580852968 0.19986425310028771 0
1595582210641 0.19821357664296096 0
1595583560018 0.19589826937774113 0
1595584904171 0.19401347873429442 0
1595586255310 0.18872017675470854 0
1595587609911 0.18837943073272903 0
1595588964510 0.18821763606552838 0
1595590302855 0.1855865151895953 0
1595591653970 0.18388920719100857 0
1595592995678 0.17281863686469445 0
1595594343284 0.16890435953779126 0
1595595683806 0.1666620643078838 0
1595597022250 0.16419130302873355 0
1595598359073 0.16220422145702149 0
1595599711780 0.161216616876651 0
1595601067585 0.15405319147211868 0
1595602415279 0.150838770596795 0
1595603762730 0.15011979612767154 0
1595605104861 0.14784589747903665 0
1595606453525 0.14702227445277766 0
1595607805386 0.14547344306860702 0
1595609151215 0.14156620280123466 0
1595610498384 0.14164446166644995 0
1595611847642 0.1385917697535577 0
1595613201358 0.13814853740860666 0
1595614556590 0.137403627317691 0
1595615901511 0.13709308530344735 0
1595617245680 0.13507059470286653 0
1595618592240 0.133421768687364 0
1595619942868 0.13367072251970663 0
1595621291794 0.13341855685035126 0
1595622645430 0.13293444112552336 0
1595623994760 0.13276808349297226 0
1595625344299 0.13132880284342513 0
1595626689730 0.1305637470870275 0
1595628038579 0.13050720653428238 0
1595629387571 0.12990109529423133 0
1595630723518 0.12934402829231456 0
1595632066045 0.1296622255120294 0
1595633412731 0.12928392631974622 0
1595634757916 0.12938094698046476 0
1595636100108 0.12933353674740314 0
1595637439087 0.12959606710799856 0
1595638784567 0.12903387116423626 0
1595640135583 0.12923092010694776 0
1595641483666 0.1275185445595831 0
1595642829105 0.12912658019518922 0
1595644168923 0.1279573674574433 0
1595645515309 0.1283324019665023 0
1595646856259 0.12763869494636573 0
1595648197860 0.1285750706488625 0
1595649546799 0.12898834275495505 0
1595650899484 0.128195886928542 0
1595652248446 0.12691575920164683 0
1595653594743 0.12668242663280418 0
1595654942882 0.1276550026015247 0
1595656290229 0.128535906514299 0
1595657643814 0.1283228307882436 0
1595658999011 0.12811803160516758 0
1595660344511 0.12875604133477742 0
1595661700821 0.127912169505406 0
1595663055045 0.12781705467674873 0
1595664402817 0.12895630360338728 0
1595665755123 0.1290558358772814 0
1595667119667 0.12826347422749912 0
1595668466265 0.12767387691402268 0
1595669825914 0.12865272391676705 0
1595671175217 0.12612944831079584 0
1595672526894 0.12734198607012173 0
1595673882286 0.1281116793315141 0
1595675222378 0.12799865676014754 0
1595676578932 0.12656224342901337 0
1595677939499 0.12722716216400917 0
1595679301888 0.12782653296577054 0
1595680662694 0.12775918692012003 0
1595682017183 0.12755622543105402 0
1595683373757 0.12795155058275756 0
1595684733354 0.12762798245113366 0
1595686088845 0.12723394531316742 0
1595687432763 0.1273977074181487 0
1595688791969 0.1282019796592824 0
1595690151863 0.1276546957295828 0
1595691504143 0.12849850825885423 0
1595692856613 0.12772587424530213 0
1595694219109 0.1269517087790589 0
1595695579842 0.12758998868142546 0
1595696929279 0.12777708561723386 0
1595698292288 0.12834699826298127 0
1595699653282 0.12763767140362994 0
1595701011424 0.12701506444201502 0
1595702367501 0.12656216267696302 0
1595703720138 0.128303871939957 0
1595705080653 0.1282211446782388 0
1595706434664 0.1277283987047306 0
1595707790062 0.12797646663012482 0
1595709152997 0.12931201449179333 0
1595710509466 0.12624303358557007 0
1595711873460 0.12751241954863318 0
1595713244868 0.12750713742691117 0
1595714603864 0.1281394652167103 0
1595715965326 0.12684086262933683 0
1595717338575 0.12724711121199153 0
1595718708799 0.12784793213145187 0
1595720071634 0.12688745894337813 0
1595721431600 0.12707244320122738 0
1595722791153 0.12807247402572514 0
1595724151048 0.1276050831239692 0
1595725514766 0.12738880670754799 0
1595726879860 0.12736568831116526 0
1595728231921 0.1282906026804772 0
1595729592386 0.12754919963968037 0
1595730948984 0.1286579886840504 0
1595732297921 0.12766351662022482 0
1595733661853 0.12760225847874124 0
1595735012471 0.12788468441356074 0
1595736362070 0.1282058941149618 0
1595737717348 0.12777206729743767 0
1595739066779 0.12719199478527812 0
1595740427436 0.1279850829297309 0
1595741783687 0.1289113926032941 0
1595743136552 0.12643539769887235 0
