1594920899546 0.719670872719822 0
1594923205599 0.7189692823520025 0
1594925493537 0.7587543824988402 0
1594927793145 0.7603570391985487 0
1594930079167 0.7255743897394198 0
1594932378260 0.6640395764150031 0
1594934661147 0.7018215514668679 0
1594936963158 0.7018636282352976 0
1594939272732 0.7566059321164771 0
1594941563792 0.7629319687270264 0
1594943866091 0.7091943592890102 0
1594946159071 0.7229986630418707 0
1594948465567 0.6782460150321413 0
1594950734793 0.7366440695557221 0
1594952995430 0.7318483074306055 0
1594955287631 0.7236349140268291 0
1594957568886 0.735120514535348 0
1594959854855 0.7137888651851839 0
1594962141491 0.7383164905679629 0
1594964424601 0.7196664303096887 0
1594966703371 0.7350123645061596 0
1594968992530 0.7304775054445959 0
1594971275888 0.7345249587989686 0
1594973574068 0.7380581891579031 0
1594975859949 0.7246599264021437 0
1594978174752 0.7309834267343227 0
1594980470102 0.7207573865974787 0
1594982766156 0.7300349708677369 0
1594985055919 0.7350444248361373 0
1594987320880 0.734113883224081 0
1594989597944 0.7383662134308611 0
1594991861968 0.7290564156339432 0
1594994131767 0.7242847260899278 0
1594996411455 0.7442473459529312 0
1594998696546 0.7293336375682349 0
1595001005855 0.7436597184446021 0
1595003302287 0.7404769491492803 0
1595005598768 0.7262668123277294 0
1595007883851 0.726393375085923 0
1595010163506 0.7379109421528766 0
1595012459880 0.738126807816773 0
1595014772678 0.7318208576888391 0
1595017072459 0.732610702458271 0
1595019358115 0.7359584439898469 0
1595021646073 0.7192363777850626 0
1595023928867 0.7323142067432338 0
1595026214342 0.7337082439239848 0
1595028521939 0.7320167370846872 0
1595030816709 0.735286899169677 0
1595033110243 0.7320166593041966 0
1595035406849 0.7320582328683932 0
1595037694185 0.7283996448628042 0
1595040003446 0.7280272740383709 0
1595042285808 0.7351747933151834 0
1595044598789 0.7407535514967155 0
1595046884785 0.7235168853759223 0
1595049180465 0.7193529997241288 0
1595051462521 0.7256753211271942 0
1595053754584 0.7242118292846089 0
1595056044134 0.733135785759971 0
1595058328385 0.7368261469749808 0
1595060608980 0.7273852927269125 0
1595062895324 0.7361039168653352 0
1595065171761 0.72922894892904 0
1595067459483 0.7337580854560057 0
1595069761561 0.7361003136870485 0
1595072050160 0.7339017113531767 0
1595074354303 0.7264041219418784 0
1595076648132 0.7385183025692624 0
1595078932834 0.7330977197873244 0
1595080901762 0.733324913044894 0
1595082863548 0.7256899787306215 0
1595084812045 0.7183589144477313 0
1595086688462 0.7437725743577107 0
1595088559513 0.7255258970219022 0
1595090452363 0.7190524750144801 0
1595092317634 0.7376910861307558 0
1595094201637 0.7249053887607576 0
1595096081655 0.7221320069245067 0
1595097960964 0.7314388284009595 0
1595099838081 0.7306854742781327 0
1595101715380 0.7313901174736248 0
1595103607627 0.7385063907359843 0
1595105495974 0.709259364680236 0
1595107383161 0.7316396516389725 0
1595109240715 0.7343244112092598 0
1595111113984 0.7222105401942849 0
1595112980452 0.7349198732774794 0
1595114842533 0.7328603718675957 0
1595116708002 0.7308984749828099 0
1595118564383 0.72755026156801 0
1595120426689 0.7397061593253778 0
1595122302618 0.7402944531748291 0
1595124181265 0.7327459045255232 0
1595126051484 0.7279112045348836 0
1595127911069 0.7324981892698625 0
1595129775276 0.7422093962046004 0
1595131636669 0.7300302017967932 0
1595133504197 0.7332047875856852 0
1595135026673 0.7361504999649998 0
