1594920899547 0.6994563645474184 0
1594923205601 0.6992204850499693 0
1594925493539 0.7385579840681924 0
1594927793146 0.7405861810679811 0
1594930079169 0.7078687077572517 0
1594932378265 0.6488478925725256 0
1594934661149 0.6846668758996913 0
1594936963159 0.6863762341785058 0
1594939272733 0.738196800230407 0
1594941563794 0.7427056759535735 0
1594943866092 0.6949373515549874 0
1594946159072 0.7071867979889623 0
1594948465568 0.6663629589052543 0
1594950734794 0.7203523199110411 0
1594952995431 0.7177825620340244 0
1594955287632 0.7093017855921908 0
1594957568887 0.7206622215478784 0
1594959854856 0.7006071241460463 0
1594962141492 0.7240812155215917 0
1594964424602 0.707847614460337 0
1594966703372 0.7205200697870037 0
1594968992531 0.7169245624409661 0
1594971275891 0.7204400429864632 0
1594973574070 0.724270434258764 0
1594975859950 0.711561913015186 0
1594978174755 0.7185000562261553 0
1594980470103 0.7090505581451909 0
1594982766157 0.7169469162205181 0
1594985055920 0.7219187917097493 0
1594987320883 0.7207436351445986 0
1594989597945 0.7246798013233389 0
1594991861970 0.7162670199899689 0
1594994131768 0.711949708242017 0
1594996411456 0.7298382895566863 0
1594998696549 0.7154494029118543 0
1595001005859 0.7295918444188471 0
1595003302288 0.7258159669868134 0
1595005598769 0.7135233956151791 0
1595007883852 0.7133062509625585 0
1595010163507 0.7244040113501045 0
1595012459881 0.7242419975649993 0
1595014772679 0.7184984993312273 0
1595017072460 0.719116406610076 0
1595019358115 0.7226725942006237 0
1595021646074 0.7060878542995228 0
1595023928868 0.7184347897336519 0
1595026214344 0.7202696515461101 0
1595028521940 0.7196624338673793 0
1595030816710 0.7215641902752661 0
1595033110246 0.7187748677193506 0
1595035406850 0.7192169684283624 0
1595037694186 0.7160303904907217 0
1595040003447 0.7150957373968893 0
1595042285809 0.7222621934775364 0
1595044598793 0.7268583861600543 0
1595046884786 0.7106525676483904 0
1595049180466 0.7065665482249595 0
1595051462522 0.7127587039842829 0
1595053754586 0.7112950089045824 0
1595056044135 0.7201297952218558 0
1595058328386 0.7237510238868018 0
1595060608981 0.7141665662037233 0
1595062895326 0.7227606165092437 0
1595065171765 0.7166803932165128 0
1595067459484 0.7199097716186449 0
1595069761562 0.7229634440812074 0
1595072050161 0.7205979471527446 0
1595074354304 0.7138750190101613 0
1595076648133 0.7246619986305836 0
1595078932836 0.720259873799438 0
1595080901763 0.7205375699928916 0
1595082863550 0.712403015368748 0
1595084812046 0.706605652968825 0
1595086688463 0.7292972835098349 0
1595088559514 0.7127203163589304 0
1595090452364 0.7065570024483976 0
1595092317635 0.7250330021097235 0
1595094201638 0.7124227110261614 0
1595096081659 0.7096175431653587 0
1595097960965 0.7177296824095156 0
1595099838082 0.7179140481667421 0
1595101715381 0.7177353365674654 0
1595103607628 0.7249973980703636 0
1595105495975 0.6978188161319402 0
1595107383163 0.7184495189673183 0
1595109240716 0.7210518746490452 0
1595111113985 0.7096888483552252 0
1595112980453 0.7218222553456319 0
1595114842535 0.719993885166265 0
1595116708003 0.7167636136413515 0
1595118564386 0.7148441451456109 0
1595120426690 0.7256929083049058 0
1595122302619 0.7269699125349437 0
1595124181266 0.7196059709969751 0
1595126051485 0.7145893955891641 0
1595127911070 0.719551314530345 0
1595129775277 0.7280171156435389 0
1595131636670 0.7171728861296464 0
1595133504199 0.7202571898760067 0
1595135026674 0.7226214405704157 0
