1594920899544 0.7338733863851555 0
1594923205595 0.7320440683299043 0
1594925493536 0.774072865401011 0
1594927793144 0.7727818368593256 0
1594930079166 0.7364083612733993 0
1594932378255 0.6722483528180015 0
1594934661146 0.7123239611145069 0
1594936963156 0.7113987620821615 0
1594939272731 0.7676424801869164 0
1594941563791 0.7758342519858169 0
1594943866090 0.7180270293543906 0
1594946159070 0.7326196317936192 0
1594948465565 0.6875018977789791 0
1594950734792 0.7466336383984058 0
1594952995429 0.7412275088030714 0
1594955287630 0.73357636078603 0
1594957568885 0.744660664000498 0
1594959854854 0.7231648179009412 0
1594962141489 0.748133184429589 0
1594964424599 0.7286211706836646 0
1594966703370 0.7446257606176421 0
1594968992529 0.7401439178545294 0
1594971275885 0.7440167442871352 0
1594973574067 0.7480080457928606 0
1594975859948 0.734454296667879 0
1594978174750 0.7408367026258379 0
1594980470101 0.7308505046187578 0
1594982766155 0.7400342880529288 0
1594985055919 0.744773915974783 0
1594987320879 0.7439963015015145 0
1594989597943 0.7479873578472134 0
1594991861967 0.7391106159673679 0
1594994131766 0.734123248107956 0
1594996411454 0.7540651391646487 0
1594998696544 0.7387044964163344 0
1595001005852 0.7541662377287568 0
1595003302286 0.7498544484517489 0
1595005598766 0.7362632387321266 0
1595007883850 0.7363113981590689 0
1595010163504 0.748061871271854 0
1595012459879 0.7481253410087252 0
1595014772676 0.7414417451971425 0
1595017072458 0.7424846218379693 0
1595019358114 0.7458302805565453 0
1595021646072 0.7287250334463292 0
1595023928866 0.742236295052872 0
1595026214341 0.7435553878598238 0
1595028521938 0.7425927132908489 0
1595030816708 0.7447752420468157 0
1595033110239 0.7419658428834215 0
1595035406848 0.7421436126863544 0
1595037694184 0.7388903090650492 0
1595040003445 0.7377006970194293 0
1595042285807 0.7448818548634452 0
1595044598786 0.7509094850003414 0
1595046884784 0.7331930285641364 0
1595049180465 0.7289522324260717 0
1595051462520 0.7353321904180224 0
1595053754583 0.7336797565330747 0
1595056044130 0.7428629013051838 0
1595058328384 0.7463036981760018 0
1595060608979 0.7370632817707643 0
1595062895323 0.745974608679119 0
1595065171758 0.7395170120118486 0
1595067459482 0.7441494769559392 0
1595069761560 0.7460251966659653 0
1595072050158 0.7435056267209522 0
1595074354302 0.7359662014387078 0
1595076648131 0.7481893575170573 0
1595078932833 0.7430239802111953 0
1595080901761 0.7433785464887628 0
1595082863547 0.7353758721490804 0
1595084812044 0.7286491773996248 0
1595086688461 0.7534686342515826 0
1595088559512 0.7354462258670815 0
1595090452362 0.7287512235886724 0
1595092317633 0.7472525601642513 0
1595094201636 0.734874061141957 0
1595096081651 0.7324181396517417 0
1595097960963 0.7412822349181452 0
1595099838080 0.7408105911535603 0
1595101715379 0.7411713249507947 0
1595103607626 0.7487507365207409 0
1595105495973 0.7189570785771071 0
1595107383160 0.7411695325855966 0
1595109240714 0.7441923547115059 0
1595111113983 0.7319921414683334 0
1595112980450 0.7446870868290136 0
1595114842532 0.742976844402129 0
1595116708001 0.740027975596475 0
1595118564380 0.7375896074603667 0
1595120426688 0.7495826905236369 0
1595122302617 0.7504427207107115 0
1595124181264 0.7427307070933269 0
1595126051483 0.7374286821989051 0
1595127911068 0.7431201436430179 0
1595129775274 0.7523603547418667 0
1595131636667 0.7406165153357942 0
1595133504196 0.7434118901210935 0
1595135026673 0.7462367750874258 0
