1594920899531 0.36877019039265674 0
1594923205570 0.3716195507455851 0
1594925493523 0.3765177758742752 0
1594927793126 0.37403165591469384 0
1594930079141 0.37516800547660056 0
1594932378239 0.3800213860604805 0
1594934661133 0.37908978325375603 0
1594936963145 0.38281836882986625 0
1594939272718 0.3773186818986718 0
1594941563779 0.38649596112643114 0
1594943866078 0.3781265763919423 0
1594946159058 0.38208238086828467 0
1594948465552 0.37945744307505175 0
1594950734780 0.3870326016815144 0
1594952995417 0.3884827078653052 0
1594955287617 0.39428708998594797 0
1594957568873 0.39115105245795556 0
1594959854846 0.3905854237991818 0
1594962141477 0.38901838082569473 0
1594964424585 0.39027182768218377 0
1594966703358 0.3924452622889914 0
1594968992517 0.3920560437965671 0
1594971275865 0.3912503603121373 0
1594973574056 0.39129107385130146 0
1594975859936 0.3914367928142412 0
1594978174738 0.391651859296441 0
1594980470088 0.38929929228538507 0
1594982766143 0.39290375316867326 0
1594985055906 0.3905562357454297 0
1594987320868 0.39082058395246266 0
1594989597932 0.39247719790649566 0
1594991861956 0.39194302085124805 0
1594994131754 0.39154825342326216 0
1594996411441 0.39237844944144035 0
1594998696522 0.3923228574012441 0
1595001005838 0.39225675561155116 0
1595003302274 0.39054981445629794 0
1595005598755 0.3913761337041356 0
1595007883840 0.391061923248815 0
1595010163490 0.3910024942039239 0
1595012459867 0.39237648212562243 0
1595014772665 0.39114318266366865 0
1595017072446 0.3915543904598795 0
1595019358106 0.3932903285958636 0
1595021646062 0.39074476466930397 0
1595023928855 0.39304134308255506 0
1595026214322 0.394455291511828 0
1595028521925 0.3910010310599101 0
1595030816695 0.39278396788276876 0
1595033110227 0.3925966755384811 0
1595035406835 0.3938390968556123 0
1595037694165 0.3917061131822619 0
1595040003417 0.39108573822688714 0
1595042285796 0.3924009692300817 0
1595044598747 0.39212215984556886 0
1595046884766 0.3912376746162 0
1595049180457 0.39055444392899025 0
1595051462508 0.39192669101788147 0
1595053754572 0.39345218110650043 0
1595056044113 0.39162659151773827 0
1595058328372 0.3938952064987814 0
1595060608971 0.3900230249086117 0
1595062895306 0.39364177971858744 0
1595065171737 0.39290704124145515 0
1595067459440 0.39202408272230577 0
1595069761546 0.39209396759381926 0
1595072050147 0.39377803951890905 0
1595074354279 0.39186228511542204 0
1595076648114 0.39242272037661635 0
1595078932822 0.391088539711759 0
1595080901749 0.3915165073012742 0
1595082863534 0.3931900896197173 0
1595084812032 0.39159792296724627 0
1595086688449 0.3922233981231938 0
1595088559500 0.3917488690789483 0
1595090452354 0.3909167928117363 0
1595092317623 0.39030655943847203 0
1595094201625 0.39182291736008173 0
1595096081635 0.3919363345337533 0
1595097960951 0.39291482754967777 0
1595099838069 0.39256336056355895 0
1595101715367 0.39252411013373967 0
1595103607615 0.39195824810510066 0
1595105495961 0.39113434954021165 0
1595107383145 0.3906568445907647 0
1595109240702 0.3908514296090142 0
1595111113971 0.39246061238032004 0
1595112980439 0.39131925523974864 0
1595114842520 0.3921573363384868 0
1595116707990 0.39167168114619133 0
1595118564361 0.3910293674198865 0
1595120426675 0.3924327574297498 0
1595122302606 0.3904808537694623 0
1595124181254 0.3922278129329465 0
1595126051467 0.3914617671282711 0
1595127911055 0.392297620623264 0
1595129775262 0.39237527447211806 0
1595131636655 0.3938783855106819 0
1595133504181 0.39159184402805786 0
1595135026665 0.39240963194167966 0
