1594920899537 0.35658126604854706 0
1594923205574 0.3600429509994557 0
1594925493528 0.36511553966960636 0
1594927793130 0.3646279795523707 0
1594930079146 0.3647928099500533 0
1594932378244 0.3699828520061884 0
1594934661138 0.3685954588596492 0
1594936963149 0.373591906070309 0
1594939272724 0.36822307738611926 0
1594941563783 0.3766562534895711 0
1594943866083 0.3695576248331445 0
1594946159062 0.3734624687784748 0
1594948465558 0.3714628197202718 0
1594950734784 0.3779548592010544 0
1594952995421 0.38001087034522474 0
1594955287622 0.3848466830052034 0
1594957568877 0.3827188146495121 0
1594959854849 0.381944448897568 0
1594962141482 0.38028554945149046 0
1594964424591 0.38141494539668147 0
1594966703363 0.3838622948580873 0
1594968992522 0.3832172009539633 0
1594971275871 0.3824361615179222 0
1594973574060 0.3824375492284948 0
1594975859940 0.38244238274941084 0
1594978174743 0.3829037874920226 0
1594980470093 0.38038823312073605 0
1594982766147 0.38394414231327895 0
1594985055913 0.3819152873911438 0
1594987320872 0.3819643515674055 0
1594989597936 0.3833268408739271 0
1594991861960 0.3828529420728563 0
1594994131758 0.3828224570799271 0
1594996411446 0.3836786882460268 0
1594998696527 0.3832245002175235 0
1595001005843 0.38353583240547484 0
1595003302279 0.38204331790350643 0
1595005598759 0.3824640959021435 0
1595007883845 0.38240913448614305 0
1595010163494 0.38239390600211115 0
1595012459872 0.3836044358920891 0
1595014772670 0.38243618988067307 0
1595017072450 0.382849874395525 0
1595019358109 0.3842594804415362 0
1595021646066 0.38160380442752817 0
1595023928861 0.38414173710534766 0
1595026214327 0.3850187067545056 0
1595028521930 0.382156726423537 0
1595030816700 0.3837326610486627 0
1595033110232 0.3835208532172334 0
1595035406841 0.38467607782266133 0
1595037694170 0.3824519778500664 0
1595040003422 0.3824583340293445 0
1595042285801 0.3834095629491461 0
1595044598767 0.38347718691953125 0
1595046884771 0.38217024515103293 0
1595049180460 0.3816545779691925 0
1595051462512 0.38300831158488186 0
1595053754576 0.38456925395375235 0
1595056044118 0.38253515401167815 0
1595058328376 0.38506579233730354 0
1595060608974 0.3815435087704186 0
1595062895310 0.384538981039942 0
1595065171741 0.3836006664292111 0
1595067459444 0.3831602584065026 0
1595069761552 0.38331977008227375 0
1595072050152 0.3847570162558938 0
1595074354284 0.3826062389948493 0
1595076648119 0.3836957979631655 0
1595078932826 0.3824060335433997 0
1595080901754 0.3827797555006767 0
1595082863538 0.38409383453790774 0
1595084812037 0.38263462471824833 0
1595086688453 0.38318928462999097 0
1595088559504 0.3829939663348319 0
1595090452358 0.38207776545905536 0
1595092317627 0.38181189582242425 0
1595094201629 0.3828888656303563 0
1595096081640 0.382857828111571 0
1595097960956 0.3841236876421504 0
1595099838073 0.3837461162334797 0
1595101715371 0.3835147836844823 0
1595103607619 0.3831045259673368 0
1595105495966 0.38187279934460716 0
1595107383149 0.3820634588758059 0
1595109240707 0.3822726603250812 0
1595111113976 0.383584367487842 0
1595112980443 0.38249310033610523 0
1595114842525 0.38346930239750004 0
1595116707996 0.382528184427493 0
1595118564367 0.38217156661225277 0
1595120426680 0.38360493823989716 0
1595122302610 0.38170135610260414 0
1595124181259 0.38327184738713727 0
1595126051472 0.38249237027458344 0
1595127911061 0.38301407062238796 0
1595129775267 0.3833326794974254 0
1595131636659 0.3847887550727019 0
1595133504186 0.3826440012427735 0
1595135026668 0.38368671705815205 0
