1594920899543 0.7449930594344901 0
1594923205580 0.7399601779279364 0
1594925493535 0.7819370120827294 0
1594927793142 0.7803437515716483 0
1594930079165 0.7436902118109988 0
1594932378252 0.6782405847239741 0
1594934661145 0.7192302657499342 0
1594936963155 0.7169534238969534 0
1594939272730 0.7753658718490115 0
1594941563790 0.7852105845979227 0
1594943866089 0.7236315352286118 0
1594946159069 0.738691035724808 0
1594948465564 0.6916160595797475 0
1594950734791 0.7530765450904183 0
1594952995428 0.7470065498106108 0
1594955287628 0.7392482231717334 0
1594957568883 0.7499851902618389 0
1594959854853 0.7277084049875021 0
1594962141488 0.7529906605313403 0
1594964424598 0.7338041056816567 0
1594966703369 0.7490813511702948 0
1594968992528 0.7455434657147891 0
1594971275882 0.7491999169979097 0
1594973574066 0.7531650824441238 0
1594975859947 0.7389661296504786 0
1594978174749 0.7461950092204335 0
1594980470099 0.7365067427201103 0
1594982766154 0.7457422456257405 0
1594985055918 0.7510246739104203 0
1594987320878 0.7498125461529327 0
1594989597942 0.7532824406390555 0
1594991861966 0.744117207625393 0
1594994131764 0.7390161982548882 0
1594996411452 0.7595247433751146 0
1594998696534 0.7438195143588046 0
1595001005849 0.7594835278139638 0
1595003302285 0.7553884053469295 0
1595005598765 0.7420995111930307 0
1595007883849 0.7414748006940889 0
1595010163500 0.7539101988155954 0
1595012459878 0.7535488440336519 0
1595014772675 0.7467243522304243 0
1595017072456 0.7474446881843978 0
1595019358113 0.7511139595948347 0
1595021646071 0.7340128494614783 0
1595023928865 0.747122784419828 0
1595026214340 0.74905460804421 0
1595028521936 0.7484926141178191 0
1595030816707 0.7502288380795296 0
1595033110238 0.7468430926012404 0
1595035406846 0.747647873351403 0
1595037694182 0.7446570249482514 0
1595040003444 0.7426587441824788 0
1595042285806 0.7508455796019479 0
1595044598783 0.7563528697914575 0
1595046884782 0.7388263018688438 0
1595049180464 0.7340561322268093 0
1595051462519 0.7401086677613699 0
1595053754582 0.7384132168995482 0
1595056044129 0.7482982376296027 0
1595058328383 0.7519162046640219 0
1595060608978 0.7425260628300463 0
1595062895317 0.7513882556982514 0
1595065171755 0.7451398716438292 0
1595067459481 0.7495487450582565 0
1595069761559 0.7517664932800512 0
1595072050157 0.7491146719464719 0
1595074354301 0.7417232963224966 0
1595076648124 0.7539825047531336 0
1595078932832 0.7485094421258588 0
1595080901760 0.7490532372130327 0
1595082863544 0.74022504034774 0
1595084812043 0.734044382209144 0
1595086688459 0.7591654864478593 0
1595088559510 0.740387875897462 0
1595090452361 0.7337616174083084 0
1595092317632 0.7532388418932339 0
1595094201635 0.7405227858243513 0
1595096081648 0.7376903339091508 0
1595097960962 0.7459458904350219 0
1595099838079 0.7463028339461775 0
1595101715378 0.7459511199357461 0
1595103607625 0.7538461545389633 0
1595105495971 0.7242764874379747 0
1595107383155 0.7461066643590099 0
1595109240713 0.7497192595693583 0
1595111113982 0.7373902387548559 0
1595112980449 0.7498878276727684 0
1595114842531 0.748107825629298 0
1595116708000 0.7449100337813691 0
1595118564377 0.7423912530090551 0
1595120426686 0.754643068256598 0
1595122302616 0.7568786306382805 0
1595124181263 0.7482709865550082 0
1595126051481 0.7423043734188046 0
1595127911067 0.7487745548427159 0
1595129775273 0.7573056127416152 0
1595131636666 0.7458452257742935 0
1595133504192 0.7492842316161987 0
1595135026672 0.7523109231258011 0
