1594920899539 0.3613730246647859 0
1594923205576 0.3643551493380079 0
1594925493531 0.3693232610936222 0
1594927793132 0.3681208188837502 0
1594930079149 0.3687892071058114 0
1594932378246 0.3739282663531091 0
1594934661140 0.37266182299895173 0
1594936963152 0.3768785186359304 0
1594939272726 0.37182613005387305 0
1594941563786 0.38035204336601963 0
1594943866085 0.3728959984634581 0
1594946159065 0.37666724738651575 0
1594948465561 0.37448006327438527 0
1594950734787 0.38152474684836407 0
1594952995423 0.3832541533410904 0
1594955287625 0.3883959500834449 0
1594957568880 0.3860104062617972 0
1594959854850 0.38527126274983603 0
1594962141484 0.3837749457408468 0
1594964424594 0.3849018934141448 0
1594966703365 0.3871063446842953 0
1594968992524 0.38661611299249515 0
1594971275876 0.3858812984831273 0
1594973574063 0.38590641808817067 0
1594975859943 0.3858840241907415 0
1594978174745 0.3862660840317718 0
1594980470096 0.383898612523995 0
1594982766150 0.3873948777566277 0
1594985055916 0.38536030969328144 0
1594987320875 0.38542959426895873 0
1594989597938 0.3869395480353223 0
1594991861962 0.38639439492656985 0
1594994131761 0.3862953574422774 0
1594996411449 0.38701248051653264 0
1594998696530 0.38682657855489233 0
1595001005845 0.38694111858895264 0
1595003302281 0.3852880444475784 0
1595005598762 0.3858969536425388 0
1595007883846 0.38576974189152075 0
1595010163496 0.3858030778260318 0
1595012459874 0.3870093393926868 0
1595014772672 0.38582864549885704 0
1595017072452 0.3861758189698377 0
1595019358111 0.3878232255977996 0
1595021646068 0.3851456487929812 0
1595023928862 0.3875804221572135 0
1595026214329 0.388687821470243 0
1595028521932 0.38554625873613596 0
1595030816702 0.38726935572348237 0
1595033110234 0.3870529656927077 0
1595035406843 0.38828207167944484 0
1595037694174 0.386006951749668 0
1595040003425 0.3857307349569819 0
1595042285803 0.3869732762921399 0
1595044598773 0.38676613625517886 0
1595046884774 0.38563094953766597 0
1595049180462 0.3851289860211609 0
1595051462515 0.3865706409836283 0
1595053754578 0.3879401235700544 0
1595056044120 0.386081729018431 0
1595058328379 0.3884836419288063 0
1595060608976 0.3847736301469664 0
1595062895313 0.3881837766432617 0
1595065171743 0.3872646886320452 0
1595067459466 0.3866144632643615 0
1595069761555 0.386733303955259 0
1595072050154 0.38821110444316836 0
1595074354286 0.3862693985111636 0
1595076648121 0.3871046779820145 0
1595078932829 0.3858151194098642 0
1595080901756 0.3862214332047314 0
1595082863540 0.3877067283636115 0
1595084812039 0.3861207028067379 0
1595086688456 0.3866897295934024 0
1595088559507 0.3864324829347508 0
1595090452359 0.38556391462504397 0
1595092317629 0.3851336978349567 0
1595094201632 0.38637276590822917 0
1595096081643 0.38629789364421446 0
1595097960959 0.38747830413223255 0
1595099838075 0.38714342459165135 0
1595101715374 0.38706958165107563 0
1595103607621 0.38658215300837345 0
1595105495968 0.38550603663482974 0
1595107383152 0.38539599927033624 0
1595109240709 0.38554104844236603 0
1595111113978 0.3869653307335206 0
1595112980445 0.38593241095501524 0
1595114842528 0.3867775909691559 0
1595116707998 0.38617981301742743 0
1595118564371 0.3856243914579096 0
1595120426682 0.38701515822100463 0
1595122302612 0.3850511556580826 0
1595124181261 0.386797745956881 0
1595126051474 0.3859740642826985 0
1595127911063 0.38659171171364565 0
1595129775269 0.38688712773109923 0
1595131636663 0.38835701581507237 0
1595133504188 0.3861889677824049 0
1595135026670 0.3870219125863448 0
