1592917723008 0.26448339722795194 0
1592918155656 0.32252050924851017 0
1592918587519 0.42311530638189676 0
1592919020941 0.28366498432155685 0
1592919453465 0.32603589833319657 0
1592919887229 0.46961998029071195 0
1592920320621 0.3588174827369742 0
1592920754356 0.38315217391304346 0
1592921187127 0.4634253391252271 0
1592921620740 0.4544988925802879 0
1592922053828 0.370250398031553 0
1592922486973 0.5252595476455321 0
1592922912569 0.39268973779843347 0
1592923339684 0.4620933600713013 0
1592923765522 0.36351547388781436 0
1592924192005 0.3399868143978903 0
1592924617987 0.3935857007311492 0
1592925045624 0.44188034188034186 0
1592925471602 0.46642744287121185 0
1592925897947 0.41400241705119756 0
1592926324629 0.3738313008130081 0
1592926751070 0.4872767857142857 0
1592927180712 0.32960500518971286 0
1592927607833 0.44984416168626695 0
1592928033800 0.40957811813790074 0
1592928461006 0.4776709401709402 0
1592928887725 0.49081688596491224 0
1592929314991 0.4809679984098588 0
1592929741353 0.5489493145743145 0
1592930168707 0.4676122327285118 0
1592930595561 0.5280476280476281 0
1592931022152 0.4707911036036036 0
1592931448274 0.5215758103480627 0
1592931875639 0.5842066851554517 0
1592932302217 0.5443722943722944 0
1592932729652 0.4537435705989713 0
1592933155524 0.4894325220398237 0
1592933582065 0.47595598845598847 0
1592934008801 0.4687246861665466 0
1592934436365 0.5189132104454686 0
1592934863096 0.4921470805617147 0
1592935289877 0.5091970121381886 0
1592935716267 0.5001327614379085 0
1592936143944 0.5031375589433073 0
1592936570699 0.5072541854072963 0
1592936998369 0.478269034886682 0
1592937425011 0.4878069307242777 0
1592937852379 0.48531746031746026 0
1592938278925 0.4788454512239678 0
1592938706099 0.47505757243608904 0
