1592917723024 0.5976673035978909 0
1592918155672 0.6999322631206689 0
1592918587538 0.6806771398890964 0
1592919020965 0.7034284887817496 0
1592919453485 0.6912025742194329 0
1592919887247 0.7200201503619695 0
1592920320651 0.7397869548594186 0
1592920754376 0.6578624306027052 0
1592921187152 0.6516247588018688 0
1592921620758 0.6517321123567342 0
1592922053844 0.7206928793160676 0
1592922486994 0.6225359981902754 0
1592922912585 0.7186395746631254 0
1592923339704 0.5877247012458683 0
1592923765545 0.7205795464091316 0
1592924192022 0.7567789885200259 0
1592924618003 0.6836151811151812 0
1592925045640 0.7287926630570606 0
1592925471618 0.7221141713895337 0
1592925897963 0.6882570119854603 0
1592926324646 0.6959570703048964 0
1592926751086 0.6988700762984674 0
1592927180727 0.636789216497044 0
1592927607849 0.7166641513832227 0
1592928033815 0.684556885680074 0
1592928461031 0.7454059658664921 0
1592928887740 0.7395869240796777 0
1592929315006 0.7795789942076174 0
1592929741368 0.7152241688235206 0
1592930168727 0.7076315887547772 0
1592930595576 0.7669031361150926 0
1592931022168 0.7610009925379874 0
1592931448289 0.7774311065343674 0
1592931875658 0.7671003533503534 0
1592932302233 0.7815968109989848 0
1592932729667 0.7264734225784951 0
1592933155542 0.7424420909203517 0
1592933582082 0.7523644364224075 0
1592934008817 0.7939243935077268 0
1592934436381 0.7378033332743478 0
1592934863111 0.7364150078528415 0
1592935289893 0.7547497872497874 0
1592935716285 0.7571850505908477 0
1592936143960 0.759906128493085 0
1592936570724 0.7644352792269459 0
1592936998385 0.7466694430100228 0
1592937425027 0.7312271062271062 0
1592937852394 0.7398851148851149 0
1592938278947 0.7494411452744787 0
1592938706114 0.7494411452744786 0
