1592917722998 0.29228059017958974 0
1592918155647 0.35619637364416384 0
1592918587510 0.48056915544675644 0
1592919020933 0.3053561935140882 0
1592919453457 0.3702431206885928 0
1592919887222 0.5124047828316121 0
1592920320607 0.3795731504341313 0
1592920754347 0.4265510652138559 0
1592921187116 0.48388686655269886 0
1592921620731 0.5165326543375324 0
1592922053819 0.41303999614030007 0
1592922486965 0.6452778543295785 0
1592922912561 0.4864554154995332 0
1592923339674 0.5572336265884652 0
1592923765513 0.40116066963876973 0
1592924191997 0.390294540229885 0
1592924617979 0.47061852875806365 0
1592925045617 0.5168690958164642 0
1592925471594 0.48847571638968496 0
1592925897939 0.4863132363132363 0
1592926324620 0.4346699363732768 0
1592926751062 0.6441735347985348 0
1592927180705 0.39323259279797596 0
1592927607823 0.5227761836441893 0
1592928033792 0.46654990611006786 0
1592928460999 0.5383016364440514 0
1592928887713 0.5871991807475678 0
1592929314983 0.538940503003003 0
1592929741346 0.6174035138248848 0
1592930168698 0.5366650725330783 0
1592930595552 0.618166779457102 0
1592931022144 0.5405859821182402 0
1592931448265 0.5775802378624959 0
1592931875625 0.6464026981546448 0
1592932302209 0.6308779761904761 0
1592932729644 0.5180799307404933 0
1592933155515 0.5586647727272727 0
1592933582057 0.5455034563714621 0
1592934008793 0.5354686571598337 0
1592934436357 0.5930249009620826 0
1592934863089 0.5770548086576313 0
1592935289869 0.5770081036849329 0
1592935716259 0.5836480872645717 0
1592936143936 0.5737909307643653 0
1592936570686 0.5904017857142857 0
1592936998361 0.5579545454545455 0
1592937425002 0.5684990412812994 0
1592937852371 0.5645960365853658 0
1592938278914 0.5566829004329004 0
1592938706090 0.5528950216450217 0
