1592917723016 0.6072003680699334 0
1592918155664 0.7075213675213675 0
1592918587529 0.6989364801864801 0
1592919020948 0.7146428571428571 0
1592919453476 0.7312687312687314 0
1592919887238 0.7354515050167224 0
1592920320636 0.7634482184482185 0
1592920754366 0.6782256644956874 0
1592921187139 0.6573299888517279 0
1592921620749 0.6447802197802198 0
1592922053836 0.7472233724407638 0
1592922486981 0.6344878740970071 0
1592922912577 0.7660225442834139 0
1592923339695 0.6079494024917367 0
1592923765537 0.7248389694041868 0
1592924192014 0.7882855131138884 0
1592924617995 0.7417929292929293 0
1592925045632 0.7762286324786325 0
1592925471610 0.7427801666932101 0
1592925897955 0.712744708994709 0
1592926324636 0.7152657004830918 0
1592926751078 0.7533011272141706 0
1592927180720 0.6825337331334334 0
1592927607841 0.7734902159244265 0
1592928033807 0.7188210702341137 0
1592928461014 0.7683566433566433 0
1592928887732 0.794010989010989 0
1592929314999 0.7994040983171418 0
1592929741361 0.7478282872733675 0
1592930168717 0.7340763403263404 0
1592930595569 0.7887133699633699 0
1592931022160 0.7772689267254485 0
1592931448281 0.7785027472527473 0
1592931875650 0.7865384615384616 0
1592932302225 0.819690635451505 0
1592932729659 0.7573521969174143 0
1592933155534 0.7666083916083916 0
1592933582074 0.776146679407549 0
1592934008809 0.8208574034660991 0
1592934436373 0.7644230769230769 0
1592934863104 0.7653629265471371 0
1592935289885 0.7785027472527473 0
1592935716274 0.7870162446249402 0
1592936143952 0.7903545729632686 0
1592936570712 0.802815934065934 0
1592936998377 0.776146679407549 0
1592937425019 0.760229353979354 0
1592937852386 0.7688873626373627 0
1592938278937 0.7785027472527473 0
1592938706106 0.7785027472527473 0
