1592917723004 0.2824718045112782 0
1592918155651 0.34761061250196823 0
1592918587515 0.4536942249916546 0
1592919020937 0.29699399489888634 0
1592919453461 0.3652207992600213 0
1592919887226 0.49384920634920637 0
1592920320614 0.3729512346141023 0
1592920754352 0.4180944055944056 0
1592921187122 0.4634253391252271 0
1592921620736 0.49695847851335656 0
1592922053823 0.40550453514739226 0
1592922486969 0.5641009852216748 0
1592922912565 0.4777663911092893 0
1592923339678 0.495494257086999 0
1592923765517 0.40116066963876973 0
1592924192001 0.38474223163841803 0
1592924617983 0.4548562548562549 0
1592925045621 0.49738422633159474 0
1592925471599 0.48094025539677715 0
1592925897943 0.4684895965383771 0
1592926324624 0.4346699363732768 0
1592926751066 0.5637713232262731 0
1592927180708 0.3825638444243095 0
1592927607828 0.5063269493844049 0
1592928033796 0.4586217877168332 0
1592928461003 0.5383016364440514 0
1592928887719 0.5671219606703478 0
1592929314987 0.5302514786127591 0
1592929741349 0.605803135037006 0
1592930168703 0.5282446311858077 0
1592930595557 0.6070259594927526 0
1592931022148 0.5197668650793651 0
1592931448270 0.5557880323505324 0
1592931875634 0.6343059239610964 0
1592932302213 0.6182435675883257 0
1592932729648 0.5108769165560961 0
1592933155519 0.5499757483370288 0
1592933582061 0.5455034563714621 0
1592934008797 0.5354686571598337 0
1592934436361 0.5837468982630273 0
1592934863093 0.5674531016875032 0
1592935289873 0.5685876623376623 0
1592935716263 0.5836480872645717 0
1592936143940 0.5737909307643653 0
1592936570692 0.582234565337763 0
1592936998365 0.5579545454545455 0
1592937425007 0.5595246823069404 0
1592937852375 0.5645960365853658 0
1592938278920 0.5566829004329004 0
1592938706095 0.5528950216450217 0
