1592917723018 0.5893432252127905 0
1592918155666 0.7075213675213675 0
1592918587531 0.6818531468531468 0
1592919020954 0.6946212121212121 0
1592919453478 0.7038877788877789 0
1592919887241 0.7177884615384615 0
1592920320639 0.7285196687370601 0
1592920754369 0.6610155195681512 0
1592921187142 0.641025641025641 0
1592921620751 0.6447802197802198 0
1592922053838 0.7303002955176867 0
1592922486984 0.6344878740970071 0
1592922912579 0.74708315034402 0
1592923339697 0.5723611111111111 0
1592923765539 0.7248389694041868 0
1592924192016 0.7882855131138884 0
1592924617997 0.6886111111111111 0
1592925045634 0.738907203907204 0
1592925471612 0.7427801666932101 0
1592925897957 0.6823743386243386 0
1592926324638 0.7152657004830918 0
1592926751080 0.6827380952380953 0
1592927180722 0.6426190130741081 0
1592927607843 0.7260365122207227 0
1592928033809 0.7007051282051282 0
1592928461016 0.7683566433566433 0
1592928887734 0.7546735148909062 0
1592929315001 0.7994040983171418 0
1592929741363 0.7254598662207359 0
1592930168721 0.7340763403263404 0
1592930595571 0.7887133699633699 0
1592931022162 0.7772689267254485 0
1592931448283 0.7785027472527473 0
1592931875652 0.7865384615384616 0
1592932302227 0.7976668259276956 0
1592932729661 0.7573521969174143 0
1592933155536 0.7666083916083916 0
1592933582076 0.776146679407549 0
1592934008811 0.8208574034660991 0
1592934436375 0.7644230769230769 0
1592934863106 0.7653629265471371 0
1592935289887 0.7785027472527473 0
1592935716276 0.7870162446249402 0
1592936143954 0.7903545729632686 0
1592936570715 0.7807921245421245 0
1592936998379 0.776146679407549 0
1592937425021 0.760229353979354 0
1592937852388 0.7688873626373627 0
1592938278940 0.7785027472527473 0
1592938706108 0.7785027472527473 0
