1590467521259 0.13116467383845892 0
1590467951077 0.16984797041285618 0
1590468380992 0.06899389213561279 0
1590468810518 0.1657104031604102 0
1590469239729 0.16246916782672 0
1590469669661 0.18572221744530906 0
1590470098752 0.18308098481902865 0
1590470528483 0.18694871284566875 0
1590470957880 0.19585358237284348 0
1590471388328 0.1772191260614988 0
1590471818214 0.18772975095651154 0
1590472249314 0.17860160408168946 0
1590472680919 0.19077469358628846 0
1590473111421 0.1879671141238978 0
1590473541432 0.19624041708191312 0
1590473972595 0.19092893868512684 0
1590474402947 0.18141755615240107 0
1590474833679 0.17516909586059162 0
1590475264219 0.1925719442984789 0
1590475695527 0.1985696571209859 0
1590476126923 0.19248254850857796 0
1590476559096 0.18544916748519702 0
1590476989231 0.191442203713971 0
