1590467521247 0.22779638681463063 0
1590467951066 0.3018001438150188 0
1590468380983 0.16574130848395568 0
1590468810505 0.3097773304084044 0
1590469239719 0.33860762228014724 0
1590469669650 0.33498129460899795 0
1590470098741 0.3369411935799298 0
1590470528474 0.32365557366286063 0
1590470957866 0.34649152688104506 0
1590471388319 0.3078661571694146 0
1590471818204 0.34758485535253714 0
1590472249304 0.35017436597081814 0
1590472680909 0.3579970871073565 0
1590473111410 0.3571957507391338 0
1590473541422 0.34849327193860796 0
1590473972585 0.3583874277596361 0
1590474402937 0.3485976259355657 0
1590474833669 0.34450216528063465 0
1590475264210 0.3440270681833308 0
1590475695515 0.35255289271046786 0
1590476126913 0.3621608551875997 0
1590476559086 0.3466607720794606 0
1590476989219 0.36757586319361285 0
