1590467521261 0.18894841106425833 0
1590467951079 0.2483388667959949 0
1590468380994 0.12124479971422365 0
1590468810521 0.24894814348798144 0
1590469239731 0.26797357246460674 0
1590469669663 0.27229689458990025 0
1590470098754 0.27406733484277696 0
1590470528485 0.2684620651293516 0
1590470957883 0.2853594102981118 0
1590471388330 0.25529664143095293 0
1590471818216 0.2829549912164541 0
1590472249316 0.2809078442126051 0
1590472680921 0.28987436774260694 0
1590473111423 0.2880798494256757 0
1590473541434 0.2869140978251653 0
1590473972597 0.2906589242996467 0
1590474402949 0.2806970444364784 0
1590474833681 0.27714272963278735 0
1590475264221 0.28263878024385464 0
1590475695530 0.28989031644638835 0
1590476126925 0.2937118995487079 0
1590476559098 0.28166486726909057 0
1590476989234 0.2967823506192488 0
