1590467521244 0.1398111398027183 0
1590467951064 0.16733805269277716 0
1590468380981 0.1038690254140392 0
1590468810503 0.18211440296109901 0
1590469239716 0.18854130877316522 0
1590469669648 0.18309964338716941 0
1590470098739 0.20967061694373826 0
1590470528472 0.2059433589499848 0
1590470957862 0.21880216587474147 0
1590471388317 0.18352020433071847 0
1590471818202 0.21539151785238117 0
1590472249302 0.21821376719987537 0
1590472680907 0.23764595579543332 0
1590473111407 0.22694271219727455 0
1590473541420 0.22425509573066593 0
1590473972584 0.23694213989770152 0
1590474402935 0.2178504602057487 0
1590474833667 0.21876092405250702 0
1590475264207 0.22212081706468456 0
1590475695513 0.2307693670257485 0
1590476126911 0.24063415032255683 0
1590476559084 0.2197059938789339 0
1590476989217 0.24652327127177584 0
