1590467521239 0.1210413859590878 0
1590467951060 0.1459423355277649 0
1590468380977 0.07955877769126875 0
1590468810500 0.15638539314575142 0
1590469239712 0.15902693549797992 0
1590469669643 0.1601979275939412 0
1590470098735 0.18126732211025615 0
1590470528468 0.1811046470105287 0
1590470957854 0.1913348935452797 0
1590471388313 0.1617270150575997 0
1590471818198 0.18610079982711927 0
1590472249295 0.18592968069029556 0
1590472680903 0.20340045798769926 0
1590473111400 0.19415703243785234 0
1590473541416 0.19549562795072906 0
1590473972580 0.2034124788323238 0
1590474402931 0.18596978118819082 0
1590474833663 0.18600436853671756 0
1590475264204 0.19338890333683323 0
1590475695509 0.2008389236818182 0
1590476126907 0.2054663648285693 0
1590476559080 0.1886204871687657 0
1590476989210 0.2088335631022586 0
