1590467521234 0.15175629735160204 0
1590467951056 0.18212246745342728 0
1590468380973 0.11505234872572365 0
1590468810495 0.19860401474488093 0
1590469239707 0.2093088741642285 0
1590469669639 0.19809444467069115 0
1590470098730 0.22889701088654002 0
1590470528464 0.22272237627583633 0
1590470957848 0.2372368112103692 0
1590471388309 0.1988738475466833 0
1590471818194 0.23528177165478734 0
1590472249288 0.2402763001089772 0
1590472680900 0.2607141968793366 0
1590473111394 0.24901350766400257 0
1590473541412 0.2440110210238929 0
1590473972576 0.2600923924944631 0
1590474402927 0.23909043351411147 0
1590474833658 0.24174938488727332 0
1590475264200 0.24137339041101968 0
1590475695505 0.25070878519592155 0
1590476126904 0.2639036729482363 0
1590476559076 0.24036554951572692 0
1590476989206 0.2717050131145419 0
