1590467521249 0.21774769515580103 0
1590467951067 0.28805620295576834 0
1590468380985 0.15090838005320203 0
1590468810507 0.29302897836321595 0
1590469239721 0.32215259478975183 0
1590469669653 0.31823588265474095 0
1590470098743 0.320720447386026 0
1590470528475 0.3102570404794466 0
1590470957869 0.33176607324306046 0
1590471388321 0.2946943631301591 0
1590471818206 0.33292426951747356 0
1590472249306 0.3337253180942034 0
1590472680911 0.3414444785155006 0
1590473111412 0.3402301059518534 0
1590473541424 0.33339697375783106 0
1590473972587 0.342077826114796 0
1590474402939 0.33246174600174794 0
1590474833671 0.32916095896437975 0
1590475264211 0.3298788613524171 0
1590475695517 0.33773488300571675 0
1590476126915 0.346344523054267 0
1590476559088 0.3317987876125325 0
1590476989222 0.35104265976943017 0
