1590467434735 0.2862456849605374 0
1590467868630 0.23078130355336257 0
1590468298258 0.21539771565671503 0
1590468728466 0.2068631690899296 0
1590469157882 0.1995169415673208 0
1590469587152 0.19308454763783506 0
1590470017111 0.1895887642305278 0
1590470446514 0.18203094786793522 0
1590470876064 0.17929196780955298 0
1590471306073 0.1745670933783407 0
1590471736444 0.16071021856640924 0
1590472167711 0.15726938055684933 0
1590472599055 0.1525119641828819 0
1590473029942 0.1535283926676011 0
1590473459575 0.14786172869819156 0
1590473891059 0.14412598754968164 0
1590474321300 0.1449792135132135 0
1590474751986 0.14186513895642827 0
1590475182527 0.1390464556508163 0
1590475613652 0.13703611195528295 0
1590476045349 0.13199686706506994 0
1590476477043 0.1306332713599212 0
1590476907914 0.1267548260119187 0
