1590467434742 1.1567487009971804 0
1590467868637 1.0106904839755162 0
1590468298264 0.9704973556145409 0
1590468728473 0.946643770799129 0
1590469157888 0.9192455067304817 0
1590469587159 0.9019733091166033 0
1590470017118 0.8923847479580422 0
1590470446521 0.8736891360766084 0
1590470876071 0.8666920544656777 0
1590471306082 0.8525280542892112 0
1590471736450 0.8173520369730758 0
1590472167716 0.8004150820135542 0
1590472599061 0.7948639592563612 0
1590473029948 0.7921267092756971 0
1590473459581 0.7831485226485856 0
1590473891068 0.7717188350503614 0
1590474321310 0.7708080203310977 0
1590474751993 0.7622833318964264 0
1590475182533 0.7548804450449507 0
1590475613658 0.7516149388042075 0
1590476045358 0.7340073038179141 0
1590476477049 0.7276734842770022 0
1590476907922 0.7241665797429324 0
