1590467434730 0.3443144137513708 0
1590467868622 0.29754474715015594 0
1590468298252 0.28641164214653375 0
1590468728457 0.27823432398265635 0
1590469157872 0.26941499942858543 0
1590469587144 0.26338681027557725 0
1590470017104 0.2609294459840955 0
1590470446504 0.2547400365831584 0
1590470876059 0.25416778354249764 0
1590471306068 0.24907470908919735 0
1590471736434 0.23937134166970056 0
1590472167706 0.23303636044440185 0
1590472599048 0.23287493722325953 0
1590473029931 0.23196027740924316 0
1590473459565 0.22982522360319216 0
1590473891053 0.2267733124586252 0
1590474321294 0.2262072722322842 0
1590474751976 0.2226511361683614 0
1590475182515 0.2214594752742694 0
1590475613647 0.22110435842762333 0
1590476045342 0.21492631182339064 0
1590476477037 0.21218874349572955 0
1590476907904 0.21338533116339226 0
