1595386519922 0.5485529970067027 0
1595387934194 0.6591380917116784 0
1595389348109 0.7280530712283009 0
1595390783563 0.7237597529098754 0
1595392221481 0.7448170526074027 0
1595393729060 0.7401401627723992 0
1595395258571 0.7244527963781803 0
1595396786624 0.7229326088863741 0
1595398325970 0.7491685306557407 0
1595399633915 0.7469410473638001 0
1595401121668 0.7546965508511191 0
1595402661645 0.744962688443515 0
1595404212250 0.7546602572075244 0
1595405773404 0.7533994576332592 0
1595407327915 0.7578196279476862 0
1595408869768 0.7573563996049448 0
