1595386519916 0.5821595258956787 0
1595387934184 0.6927234354380006 0
1595389348103 0.7692025064875874 0
1595390783555 0.7627947898846201 0
1595392221475 0.7897503920238116 0
1595393729032 0.7826123194298457 0
1595395258566 0.7601537781959392 0
1595396786609 0.7701336726023278 0
1595398325917 0.7932046767194836 0
1595399633907 0.7891130453102367 0
1595401121662 0.7972567251523198 0
1595402661615 0.7935540435579911 0
1595404212233 0.7964491334474425 0
1595405773387 0.7950014377252941 0
1595407327904 0.800506280343816 0
1595408869753 0.8032069267984713 0
