1595386519905 0.5197540261096314 0
1595387934158 0.5823847943027297 0
1595389348088 0.6216665530010623 0
1595390783485 0.6218991579021869 0
1595392221456 0.6436434905854157 0
1595393729010 0.6558345584496609 0
1595395258552 0.6904849928477871 0
1595396786579 0.6354324065666249 0
1595398325886 0.6950174070648757 0
1595399633885 0.714372445331555 0
1595401121644 0.7290657064214521 0
1595402661577 0.6793982677133534 0
1595404212187 0.7040632085163121 0
1595405773340 0.7175279036105067 0
1595407327841 0.7195702458412582 0
1595408869733 0.7190623929988473 0
