1595386519908 0.5999537873589206 0
1595387934163 0.7125513299736251 0
1595389348093 0.7943693272017408 0
1595390783495 0.7862606709653773 0
1595392221465 0.8171486894246001 0
1595393729019 0.8093411362473947 0
1595395258556 0.7815425415359566 0
1595396786593 0.7975131647098836 0
1595398325890 0.8182689053839578 0
1595399633895 0.8142467640672306 0
1595401121652 0.8222783224478712 0
1595402661597 0.8200720178177875 0
1595404212211 0.8214001597572259 0
1595405773361 0.8200830853115156 0
1595407327857 0.8263334170638077 0
1595408869744 0.829330189675116 0
