1595386519906 0.4954814869511556 0
1595387934159 0.5620336635932841 0
1595389348089 0.5999498513423756 0
1595390783488 0.5988094352083152 0
1595392221459 0.6200460884224281 0
1595393729012 0.6320677714039818 0
1595395258553 0.6677733164003395 0
1595396786581 0.6098086298786302 0
1595398325887 0.669699370318423 0
1595399633887 0.6886233671082234 0
1595401121646 0.70353008499435 0
1595402661584 0.653241280647662 0
1595404212188 0.6801004547525654 0
1595405773343 0.6927196689613403 0
1595407327843 0.6947026137982644 0
1595408869737 0.6941228423155427 0
