1595386519919 0.5698674840005264 0
1595387934190 0.679080007150356 0
1595389348106 0.7534546230654197 0
1595390783559 0.7486647762141905 0
1595392221478 0.7721755892306057 0
1595393729052 0.7654545757706723 0
1595395258569 0.7459614311236394 0
1595396786615 0.7503423240487741 0
1595398325924 0.7747626793462667 0
1595399633911 0.7718045077552057 0
1595401121665 0.7796056377529466 0
1595402661630 0.7726528949305704 0
1595404212242 0.7798831473569757 0
1595405773395 0.778936185507125 0
1595407327914 0.7831180230049554 0
1595408869761 0.783328518134701 0
