1595386519925 0.5812004212147519 0
1595387934199 0.6922497953167555 0
1595389348112 0.768824968580196 0
1595390783566 0.7628211424839512 0
1595392221484 0.7897470859264809 0
1595393729064 0.7825703144390369 0
1595395258573 0.7597568517643887 0
1595396786628 0.7690962961922154 0
1595398325976 0.7919908108144839 0
1595399633919 0.7885115128103672 0
1595401121671 0.7963332100483723 0
1595402661648 0.7918334144982834 0
1595404212257 0.7960962758489188 0
1595405773410 0.794628772788574 0
1595407327916 0.8000372665197912 0
1595408869775 0.80203603818779 0
