1595386229363 1.8931100926647297 0
1595387567026 1.8925957087147443 0
1595389066461 1.8962487714729657 0
1595390321743 1.895369056332318 0
1595391830859 1.8914952942598564 0
1595393327555 1.8906679366070018 0
1595394844659 1.8863492908800663 0
1595396312125 1.879154172148417 0
1595397855605 1.8722652587685873 0
1595399294919 1.8697980943541208 0
1595400648878 1.8796444758219133 0
1595402178694 1.868319384722942 0
1595403736599 1.8747869024190107 0
1595405290148 1.8674289426165707 0
1595406849526 1.8714847038050115 0
1595408396465 1.8676690443993402 0
1595409947606 1.8649720326619734 0
