1595386229364 2.7455608821808553 0
1595387567027 2.662406997319886 0
1595389066462 2.6301751378492986 0
1595390321745 2.6102485512787035 0
1595391830861 2.5920463706205985 0
1595393327556 2.5745864617019203 0
1595394844660 2.5544412616212737 0
1595396312126 2.5432729775956613 0
1595397855606 2.4830660992636537 0
1595399294920 2.462567369588578 0
1595400648880 2.466518679449164 0
1595402178695 2.4360893351736483 0
1595403736600 2.441486831731759 0
1595405290151 2.420189299949458 0
1595406849527 2.4008762429996673 0
1595408396466 2.381791405618563 0
1595409947608 2.370108008626187 0
