1595386229360 0.26734046732143957 0
1595387567023 0.24749759426548104 0
1595389066457 0.23962328575003944 0
1595390321736 0.23390331647176568 0
1595391830855 0.23023575774457808 0
1595393327552 0.2257625686726129 0
1595394844656 0.21950731264668788 0
1595396312121 0.21957719073154827 0
1595397855601 0.20529345629704482 0
1595399294917 0.19835617013650922 0
1595400648875 0.1964740450474765 0
1595402178691 0.18955351313857574 0
1595403736595 0.18764258069651468 0
1595405290143 0.1830652855293599 0
1595406849522 0.17360091640696262 0
1595408396462 0.16851269167061192 0
1595409947603 0.1647068871866564 0
