1595571690059 0.7628928226558003 0
1595573043378 0.7831424322914669 0
1595574406676 0.7889404087274982 0
1595575758742 0.8053112231065878 0
1595577115899 0.7932927205913193 0
1595578474879 0.7982449554372115 0
1595579839301 0.7926582387779855 0
1595581198693 0.7934533198090559 0
1595582550186 0.7846165161227663 0
1595583915109 0.8035071837677595 0
1595585277926 0.8061358082162728 0
1595586629257 0.80898090020276 0
1595587988891 0.8075233912160253 0
1595589338993 0.8100933816089617 0
1595590687127 0.8075842765872049 0
1595592039000 0.8113497880306759 0
1595593403766 0.8111914414182761 0
1595594740100 0.8168526090674221 0
1595596085579 0.8190074587440838 0
1595597442996 0.8170509975071574 0
1595598796338 0.8192343521415242 0
1595600138276 0.8164511434758378 0
1595601491740 0.8178558792739535 0
1595602839728 0.8170339045371143 0
1595604185056 0.8169508033962718 0
1595605539545 0.8149197874706208 0
1595606886901 0.8174590175121949 0
1595608239701 0.8174015235580713 0
1595609611071 0.8176102285679107 0
1595610988896 0.8186742225362069 0
1595612346602 0.8205828038323322 0
1595613711519 0.8206667502883702 0
1595615077662 0.8200569074814624 0
1595616441182 0.8213160736885717 0
1595617808799 0.820815580493016 0
1595619170918 0.8195438809614355 0
1595620537366 0.8202604099261704 0
1595621909435 0.8217482592410664 0
1595623278731 0.8214758070073587 0
1595624648749 0.8204613953933217 0
1595626017187 0.8200803312300116 0
1595627382982 0.8206247213112161 0
1595628755895 0.8210520118322128 0
1595630112986 0.8205670188770765 0
1595631478585 0.8203311896523953 0
1595632832881 0.8204900406944666 0
1595634197628 0.8209062860554923 0
1595635570866 0.8206377803094083 0
1595636934507 0.8201247730664563 0
1595638291036 0.8204326493133176 0
1595639645498 0.8200613213945714 0
1595640991039 0.8205186570531281 0
1595642347613 0.8207164355347292 0
1595643704518 0.8201859694751237 0
1595645052711 0.8202527747016336 0
1595646416841 0.8201795243677692 0
1595647765929 0.820337745845317 0
1595649129311 0.8201647012877732 0
1595650479343 0.8204189233425696 0
1595651835001 0.8203836183996088 0
1595653189022 0.820424802337428 0
1595654547623 0.8203763404866451 0
1595655904537 0.8199246356291846 0
1595657250474 0.8202225304838737 0
1595658607893 0.8201521027450503 0
1595659953569 0.8201127101463141 0
1595661300523 0.8203247564567719 0
1595662647875 0.8204692579720395 0
1595663989663 0.8203989006741262 0
1595665334514 0.8202300674127638 0
1595666689906 0.8205636240774914 0
1595668049167 0.8204011665585652 0
1595669403665 0.8207101038082674 0
1595670759963 0.8205815245986119 0
1595672114204 0.8206856043352907 0
1595673462630 0.8207383663501784 0
1595674823112 0.8207226914702839 0
1595676166700 0.8207967964655466 0
1595677520054 0.8205614504556685 0
1595678871101 0.8205645532492376 0
1595680215688 0.8207881176183842 0
1595681579713 0.8205149730014707 0
1595682927231 0.8205969409233486 0
1595684289810 0.8207416314656092 0
1595685649616 0.8206333926189124 0
1595687011436 0.8206096265392745 0
1595688368798 0.8207788371405754 0
1595689723509 0.8206230815070037 0
1595691080370 0.8207512341958214 0
1595692431209 0.8207877240643748 0
1595693797185 0.820694670424991 0
1595695155848 0.8206495786196626 0
1595696511165 0.8207865562072568 0
1595697868176 0.8208435099383242 0
1595699216073 0.8208309849146193 0
1595700572112 0.8206892010481953 0
1595701932297 0.8204255608309472 0
1595703299068 0.8206552225881226 0
1595704661551 0.8207818677681363 0
1595706028164 0.8206086547703753 0
1595707384639 0.8205768892735538 0
1595708731093 0.8206253338763391 0
1595710084059 0.8206431528997735 0
1595711447417 0.8206679818512277 0
1595712800554 0.8207022361029787 0
1595714164276 0.8206644857204197 0
1595715514501 0.8205843218615835 0
1595716863127 0.8205583665323674 0
1595718219199 0.820641799313002 0
1595719567666 0.8206010491592285 0
1595720922388 0.8205900514543173 0
1595722263780 0.8206668363436682 0
1595723615739 0.8206456771204651 0
1595724961766 0.820602542385511 0
1595726319707 0.8206269224972337 0
1595727662081 0.8205617128090212 0
1595729011037 0.8204904501841904 0
1595730362091 0.8207218645890313 0
1595731711178 0.8207019702676674 0
1595733052876 0.8206989726655454 0
1595734398161 0.8205923723760048 0
1595735757464 0.820681719684905 0
1595737106047 0.8206886430535212 0
1595738466965 0.8207776500493555 0
1595739811119 0.8207222128202027 0
1595741159770 0.8206478599989032 0
1595742499548 0.8207135194670833 0
1595743846005 0.8207744681707755 0
