1595571690062 0.7500223722976747 0
1595573043383 0.7729288437917861 0
1595574406678 0.7779485288661446 0
1595575758743 0.7947619323975554 0
1595577115903 0.7825282883464914 0
1595578474880 0.7877930693150477 0
1595579839302 0.7816401846308458 0
1595581198694 0.7821678275530662 0
1595582550190 0.7726924519842542 0
1595583915111 0.791552623111906 0
1595585277929 0.7956495854385472 0
1595586629262 0.7990303791439631 0
1595587988893 0.7976685977758263 0
1595589338995 0.8001333817477875 0
1595590687133 0.7977282750306814 0
1595592039005 0.8018828496930045 0
1595593403774 0.8009810986567903 0
1595594740103 0.8079301250575254 0
1595596085580 0.8087252941657448 0
1595597442997 0.8071141190741195 0
1595598796339 0.809172090488607 0
1595600138278 0.8071404658820622 0
1595601491744 0.8086369101200569 0
1595602839732 0.807223398456236 0
1595604185058 0.8077372467249448 0
1595605539548 0.8047604946818152 0
1595606886905 0.8070433128676224 0
1595608239703 0.8080347791904866 0
1595609611099 0.808031352362129 0
1595610988898 0.8085903142061963 0
1595612346606 0.8103709005670089 0
1595613711520 0.8109014776034322 0
1595615077664 0.8107910325597303 0
1595616441184 0.8116723474090406 0
1595617808803 0.8113796768038302 0
1595619170921 0.80940746194794 0
1595620537370 0.8102843275092939 0
1595621909442 0.810869336475635 0
1595623278734 0.8109774661645441 0
1595624648753 0.81013855358716 0
1595626017189 0.8101666236244197 0
1595627383017 0.8108960249083984 0
1595628755897 0.810856625621713 0
1595630112992 0.8107751248289138 0
1595631478590 0.8104884333124215 0
1595632832885 0.8104912094700923 0
1595634197631 0.8105437060010984 0
1595635570868 0.8104554268819849 0
1595636934510 0.8099992592935648 0
1595638291041 0.8105572692925004 0
1595639645506 0.8099556077465562 0
1595640991041 0.8109448591137384 0
1595642347618 0.811074612368465 0
1595643704527 0.8107421810737697 0
1595645052714 0.810438908815124 0
1595646416845 0.8106022666042456 0
1595647765952 0.8104634364077945 0
1595649129315 0.8103102282944034 0
1595650479349 0.8109685037675459 0
1595651835005 0.8108822731944014 0
1595653189028 0.810769064881266 0
1595654547624 0.810538055509963 0
1595655904566 0.8103023263851891 0
1595657250476 0.8106757485714644 0
1595658607894 0.8105340727840956 0
1595659953573 0.8104739637276313 0
1595661300524 0.8106586198828629 0
1595662647879 0.8107209739135867 0
1595663989666 0.8106671495956592 0
1595665334515 0.8105618824592861 0
1595666689912 0.8106682525854585 0
1595668049168 0.8103748791979033 0
1595669403667 0.810707471253183 0
1595670759964 0.8106912828395385 0
1595672114211 0.8107409079086556 0
1595673462637 0.8106638395173041 0
1595674823116 0.8107301541988051 0
1595676166702 0.8107857566902278 0
1595677520055 0.8106049145837511 0
1595678871104 0.8106182708187263 0
1595680215689 0.8107521039743739 0
1595681579717 0.810460599026307 0
1595682927235 0.8105427331539061 0
1595684289817 0.810714588094271 0
1595685649618 0.8105779341763479 0
1595687011439 0.8104663410189017 0
1595688368806 0.810723086634209 0
1595689723513 0.8105724985782581 0
1595691080372 0.810672820752886 0
1595692431213 0.8107393299861422 0
1595693797187 0.8106946844834023 0
1595695155850 0.8105460729890008 0
1595696511198 0.8106827073020307 0
1595697868182 0.8107587234663126 0
1595699216076 0.8107451139752063 0
1595700572116 0.810604414576183 0
1595701932298 0.8103415427784123 0
1595703299080 0.810551378485745 0
1595704661553 0.8106983477811149 0
1595706028174 0.8105251347833546 0
1595707384642 0.8104933692865333 0
1595708731112 0.8105414961578703 0
1595710084060 0.8105593151813048 0
1595711447421 0.8105841441327584 0
1595712800560 0.8105374154835946 0
1595714164285 0.8105488217282558 0
1595715514503 0.8104767856735872 0
1595716863130 0.810450830344371 0
1595718219203 0.8105106183338867 0
1595719567673 0.8104935129712324 0
1595720922394 0.8105057630478185 0
1595722263785 0.8105593001556711 0
1595723615740 0.8105111106380619 0
1595724961769 0.8104950061975146 0
1595726319713 0.8104890857274651 0
1595727662082 0.8103910262068809 0
1595729011040 0.8104058440462436 0
1595730362092 0.8106372584510845 0
1595731711185 0.8106177584315849 0
1595733052878 0.8105394039939866 0
1595734398166 0.8105081605399238 0
1595735757465 0.8105395094815369 0
1595737106048 0.8105804166999899 0
1595738466968 0.8105914599046248 0
1595739811120 0.8105373264566976 0
1595741159774 0.8105375908804854 0
1595742499551 0.8105802432533478 0
1595743846008 0.8106901797642766 0
