1595571690045 0.518494946798179 0
1595573043370 0.5669150571982432 0
1595574406671 0.5532945625942649 0
1595575758736 0.6140787840569764 0
1595577115871 0.6135476307234561 0
1595578474873 0.6097322755741779 0
1595579839296 0.5948168465941918 0
1595581198688 0.5945102991551758 0
1595582550171 0.6243639439333838 0
1595583915104 0.6484174974749695 0
1595585277912 0.6460027133718702 0
1595586629207 0.6734710891371081 0
1595587988884 0.6677264223519854 0
1595589338988 0.6780670024652888 0
1595590687122 0.6641665447651307 0
1595592038983 0.6810170745903745 0
1595593403758 0.6740782251089465 0
1595594740094 0.7003612110406685 0
1595596085571 0.6921656630816608 0
1595597442991 0.6852161697786128 0
1595598796304 0.7032979123770725 0
1595600138216 0.6934443450325186 0
1595601491727 0.6804498593129774 0
1595602839698 0.6875829104207788 0
1595604185049 0.6852358581859436 0
1595605539524 0.6861022482664847 0
1595606886884 0.6863163897739492 0
1595608239687 0.6923955081736419 0
1595609611032 0.6834697396738103 0
1595610988889 0.6937393407520525 0
1595612346589 0.6898273210791434 0
1595613711514 0.6879531766788781 0
1595615077658 0.6950678143116675 0
1595616441177 0.689029721019812 0
1595617808783 0.696000520192621 0
1595619170902 0.6789889099073166 0
1595620537347 0.6870265568182385 0
1595621909408 0.6792900316727479 0
1595623278726 0.6897018939517146 0
1595624648729 0.6892414072533732 0
1595626017179 0.6883598420904762 0
1595627382976 0.6868921492694631 0
1595628755889 0.6889564385521459 0
1595630112966 0.6871720647778049 0
1595631478573 0.6867415068349317 0
1595632832863 0.6883460661054419 0
1595634197618 0.6895985933734665 0
1595635570861 0.6896569271987092 0
1595636934503 0.6865668712452534 0
1595638291020 0.6877804082581063 0
1595639645472 0.688380042457336 0
1595640991015 0.6867126955229926 0
1595642347581 0.691239239870373 0
1595643704485 0.6880090806766409 0
1595645052699 0.6886008873563729 0
1595646416828 0.6900249092363698 0
1595647765919 0.6889587516071171 0
1595649129296 0.6897664843829274 0
1595650479317 0.6884654966645412 0
1595651834993 0.6889099478462309 0
1595653189000 0.6906532727989868 0
1595654547618 0.6891063655550217 0
1595655904530 0.6882900114973272 0
1595657250468 0.6899441047492939 0
1595658607888 0.689974729710314 0
1595659953546 0.6892883251842572 0
1595661300515 0.6897217648153517 0
1595662647847 0.6897916044535869 0
1595663989655 0.6899132693216135 0
1595665334505 0.6900488001319586 0
1595666689885 0.6901942760323705 0
1595668049162 0.6894678983471163 0
1595669403660 0.689648423437062 0
1595670759957 0.689998384303677 0
1595672114181 0.6899649415354461 0
1595673462625 0.690338918848363 0
1595674823096 0.6901943586353342 0
1595676166695 0.6907933165407009 0
1595677520041 0.6902397877102744 0
1595678871087 0.6901110483337715 0
1595680215683 0.6900426961644014 0
1595681579702 0.689518883750071 0
1595682927163 0.6894247846364107 0
1595684289787 0.6900405749139688 0
1595685649611 0.6897235594319364 0
1595687011425 0.689487405893601 0
1595688368767 0.6898936977386987 0
1595689723504 0.6894017758940315 0
1595691080365 0.6894234903122857 0
1595692431193 0.689453894548182 0
1595693797180 0.6894171655111021 0
1595695155843 0.6890729845828308 0
1595696511157 0.689410951125461 0
1595697868154 0.6894489345384213 0
1595699216048 0.689333891310666 0
1595700572098 0.68921525016456 0
1595701932292 0.6887383767605453 0
1595703299032 0.689229787650633 0
1595704661540 0.6889356746081569 0
1595706028160 0.6891780434298823 0
1595707384634 0.6890273026178135 0
1595708731078 0.6892504350671037 0
1595710084054 0.6893749682083898 0
1595711447412 0.6892851712253465 0
1595712800527 0.6890922515206752 0
1595714164222 0.6891947402651734 0
1595715514495 0.689359211907725 0
1595716863122 0.6892736492944717 0
1595718219178 0.6893277723756936 0
1595719567634 0.6892623431585018 0
1595720922360 0.6892647077442702 0
1595722263769 0.6892451997341051 0
1595723615720 0.6894185614795836 0
1595724961758 0.6894257139937827 0
1595726319697 0.6894213122717435 0
1595727662076 0.6891366934899881 0
1595729011024 0.689288741109242 0
1595730362086 0.6892823654747031 0
1595731711150 0.6896651583945153 0
1595733052871 0.68951353227937 0
1595734398143 0.6893371857733327 0
1595735757459 0.6895171680702696 0
1595737105983 0.6894979423494538 0
1595738466958 0.6893794857058378 0
1595739811099 0.6889283305673481 0
1595741159757 0.689239201526306 0
1595742499542 0.6892784584044335 0
1595743845991 0.6891819942103711 0
