1595571690038 0.5561836327075772 0
1595573043365 0.5984739887261229 0
1595574406666 0.5876082679319906 0
1595575758732 0.647943185268309 0
1595577115866 0.648740579533926 0
1595578474868 0.6446083786782131 0
1595579839292 0.6324863667852789 0
1595581198682 0.6327933170759419 0
1595582550165 0.6762139002231066 0
1595583915099 0.6918257372889819 0
1595585277905 0.6873241925023461 0
1595586629202 0.7164603196690804 0
1595587988879 0.7084717928400486 0
1595589338983 0.7174571847456149 0
1595590687112 0.705724391000508 0
1595592038978 0.7229345833301284 0
1595593403748 0.7149846739433895 0
1595594740090 0.7435873923975426 0
1595596085561 0.7315853297520203 0
1595597442986 0.7247426604275412 0
1595598796299 0.7448947318595053 0
1595600138211 0.7322833857560179 0
1595601491712 0.7179672480441461 0
1595602839684 0.728249824170658 0
1595604185043 0.723954389006791 0
1595605539518 0.7281460081859328 0
1595606886875 0.7267340539524441 0
1595608239681 0.7317760426068711 0
1595609611025 0.7215211983165515 0
1595610988884 0.7328785862348179 0
1595612346584 0.72751196660983 0
1595613711508 0.7258869715382975 0
1595615077653 0.7342956693155971 0
1595616441172 0.727207955982582 0
1595617808779 0.7354991251174193 0
1595619170860 0.7160402125619654 0
1595620537337 0.7244755922022631 0
1595621909387 0.7168774397559634 0
1595623278721 0.7282076401900406 0
1595624648723 0.7275176945137743 0
1595626017169 0.7268970507776628 0
1595627382971 0.7254362891625561 0
1595628755884 0.7273043197326087 0
1595630112961 0.7247503714554534 0
1595631478568 0.7242851710812978 0
1595632832856 0.726301695359505 0
1595634197612 0.7276792203214627 0
1595635570856 0.7278873326921924 0
1595636934493 0.7245539420963691 0
1595638291014 0.7260589200949071 0
1595639645468 0.7262357447549417 0
1595640991011 0.7245250517270974 0
1595642347557 0.7295158481082744 0
1595643704455 0.7254953519203978 0
1595645052694 0.7266187583954954 0
1595646416823 0.7279543342271435 0
1595647765914 0.7270344304273888 0
1595649129291 0.7275290906590278 0
1595650479312 0.7265919735001442 0
1595651834988 0.7269203908973142 0
1595653188978 0.7292806225132162 0
1595654547613 0.7276102448558205 0
1595655904525 0.7262706377781049 0
1595657250463 0.7278968237917396 0
1595658607879 0.7279297370303301 0
1595659953540 0.7275745323752602 0
1595661300511 0.7280560698158925 0
1595662647836 0.7281899307968092 0
1595663989650 0.7283405548281491 0
1595665334497 0.72845182202141 0
1595666689877 0.7281627446610704 0
1595668049156 0.7275193692331436 0
1595669403655 0.7277826883214953 0
1595670759944 0.7279854255890267 0
1595672114177 0.7279875654658282 0
1595673462615 0.72843495731471 0
1595674823089 0.7283183900131744 0
1595676166690 0.7288687115496607 0
1595677520034 0.728374484572724 0
1595678871081 0.7283934040591731 0
1595680215678 0.7281625068198965 0
1595681579697 0.7274992074575003 0
1595682927133 0.7273852961479019 0
1595684289782 0.7279652211883121 0
1595685649606 0.7277379341732186 0
1595687011420 0.7274798611549769 0
1595688368731 0.7279150207766049 0
1595689723499 0.727505686227148 0
1595691080361 0.7274674543896726 0
1595692431188 0.7275068947347006 0
1595693797175 0.7274494577556251 0
1595695155838 0.7271043584773785 0
1595696511152 0.7274702145455109 0
1595697868149 0.7274379397471941 0
1595699216043 0.7273878679104888 0
1595700572079 0.7273646396132264 0
1595701932288 0.7267790332638333 0
1595703299028 0.7273307335336016 0
1595704661535 0.7270549992408741 0
1595706028150 0.7272420850578296 0
1595707384630 0.7271003413340409 0
1595708731074 0.7272829603179884 0
1595710084049 0.7273673066554128 0
1595711447407 0.7273763130453442 0
1595712800521 0.7271777841578128 0
1595714164208 0.7272833497999592 0
1595715514488 0.7274263889883309 0
1595716863117 0.7273326235242322 0
1595718219172 0.7274386335191513 0
1595719567627 0.7273419009060814 0
1595720922355 0.727314938189655 0
1595722263763 0.7273166894416916 0
1595723615715 0.7275049500537051 0
1595724961753 0.7274805753785775 0
1595726319692 0.7275676783803373 0
1595727662062 0.7272691296499371 0
1595729011019 0.7274795839788599 0
1595730362081 0.7273508711907968 0
1595731711144 0.7277090041687082 0
1595733052866 0.7275168402821056 0
1595734398139 0.7273599432599792 0
1595735757454 0.7275804573297803 0
1595737105965 0.7275261083497905 0
1595738466953 0.727441417837179 0
1595739811092 0.7269493699473616 0
1595741159752 0.727331916761967 0
1595742499537 0.7273127515526433 0
1595743845975 0.7273339941694147 0
