1595571690052 0.532859558424981 0
1595573043373 0.5786125987285512 0
1595574406673 0.5659087131694297 0
1595575758739 0.6269863649040998 0
1595577115883 0.6272287071618173 0
1595578474875 0.622989167789263 0
1595579839299 0.6091087225722456 0
1595581198691 0.6091331025989905 0
1595582550178 0.6447226397713306 0
1595583915106 0.6652584064557652 0
1595585277919 0.6620394402911476 0
1595586629255 0.6899508773054088 0
1595587988887 0.6832457518487957 0
1595589338991 0.6930475639324922 0
1595590687125 0.680470955202087 0
1595592038992 0.6972427079497151 0
1595593403760 0.6891839218913139 0
1595594740097 0.7169750278191619 0
1595596085574 0.7073883287840833 0
1595597442993 0.7001813724529331 0
1595598796306 0.7195416300482451 0
1595600138219 0.7082051297417795 0
1595601491733 0.6951332562750894 0
1595602839716 0.7031631733637775 0
1595604185051 0.7001792773452279 0
1595605539537 0.7021027712746987 0
1595606886893 0.7014768131661414 0
1595608239698 0.7071859011038907 0
1595609611068 0.6979824859923274 0
1595610988891 0.7084992338077053 0
1595612346591 0.7045084917649871 0
1595613711516 0.7022804682711771 0
1595615077660 0.7100177906017691 0
1595616441179 0.7034541858425927 0
1595617808791 0.711047450268557 0
1595619170914 0.6931427633039906 0
1595620537357 0.7012853223616351 0
1595621909422 0.6935920285171348 0
1595623278729 0.7044072505224196 0
1595624648739 0.7039547128373623 0
1595626017185 0.7031959334550164 0
1595627382978 0.7016330678933902 0
1595628755893 0.7035353396123917 0
1595630112976 0.7015969531442744 0
1595631478575 0.7009545384937365 0
1595632832871 0.7028160645118454 0
1595634197625 0.7041665728374356 0
1595635570863 0.7042767500437753 0
1595636934505 0.7008869729184696 0
1595638291028 0.7022258240373097 0
1595639645479 0.7026914398346071 0
1595640991022 0.7010607330611887 0
1595642347587 0.7058038163456667 0
1595643704505 0.7022579914038691 0
1595645052708 0.7031101502400549 0
1595646416838 0.7045166332085085 0
1595647765921 0.7035647143595015 0
1595649129305 0.7041128079575527 0
1595650479327 0.7030107801507427 0
1595651834995 0.7034148781332684 0
1595653189010 0.705520470833264 0
1595654547620 0.7038365316968095 0
1595655904532 0.702819709634345 0
1595657250470 0.7043316732171987 0
1595658607891 0.7043515640552251 0
1595659953563 0.7038987693148604 0
1595661300520 0.7043951200615516 0
1595662647862 0.7044761624785968 0
1595663989658 0.7046613560997083 0
1595665334511 0.7047189642425424 0
1595666689895 0.7045831150215048 0
1595668049165 0.7040053792835783 0
1595669403662 0.7042441124417692 0
1595670759960 0.7043915191310776 0
1595672114192 0.7044267253363942 0
1595673462628 0.7048377697199356 0
1595674823105 0.7046601064412014 0
1595676166697 0.7052047986682641 0
1595677520050 0.7047307712183651 0
1595678871094 0.704721756723024 0
1595680215685 0.7045231111751354 0
1595681579705 0.7038665349725143 0
1595682927181 0.7037790228145154 0
1595684289797 0.7043545310740781 0
1595685649613 0.7041534128529078 0
1595687011428 0.7038721505664233 0
1595688368782 0.7043041934391083 0
1595689723506 0.7038673824177851 0
1595691080368 0.703864513703587 0
1595692431201 0.7038697528432513 0
1595693797182 0.7038733412002798 0
1595695155845 0.7035151224290589 0
1595696511159 0.7038695082462497 0
1595697868163 0.7038568098573451 0
1595699216060 0.7037814621847113 0
1595700572106 0.7037136576239268 0
1595701932295 0.7031899419784388 0
1595703299051 0.7037033098204839 0
1595704661542 0.7034303641897254 0
1595706028162 0.7036497023270328 0
1595707384637 0.7035085654214391 0
1595708731082 0.7037291766410974 0
1595710084056 0.7037995538077607 0
1595711447414 0.7037770627741567 0
1595712800541 0.7035857617698847 0
1595714164229 0.7037176244789407 0
1595715514498 0.7038882738073028 0
1595716863124 0.7037735464629571 0
1595718219188 0.7038493492600999 0
1595719567649 0.7037777428479081 0
1595720922370 0.7037790823820359 0
1595722263777 0.7037516976545497 0
1595723615735 0.7039200830383902 0
1595724961761 0.7039239039848217 0
1595726319705 0.7039644879330641 0
1595727662079 0.7036834181187687 0
1595729011030 0.7038293705229823 0
1595730362088 0.703777964885487 0
1595731711164 0.7041374754830513 0
1595733052874 0.7039848315076834 0
1595734398152 0.7038122672455116 0
1595735757461 0.7040227788438691 0
1595737105989 0.7039871055126202 0
1595738466961 0.703880649097082 0
1595739811117 0.7034336223752137 0
1595741159764 0.7037831650102082 0
1595742499545 0.7037801330576774 0
1595743846001 0.7037445147436806 0
