1595571690055 0.7738415594371313 0
1595573043374 0.7930585462718001 0
1595574406674 0.7982514946201278 0
1595575758740 0.8142938367786688 0
1595577115888 0.8030586523112163 0
1595578474876 0.8072164015681663 0
1595579839300 0.8025874744737674 0
1595581198692 0.8019654428003408 0
1595582550181 0.7953004684190748 0
1595583915107 0.8122990455727446 0
1595585277922 0.8147759518137483 0
1595586629256 0.8190073658572289 0
1595587988888 0.8162908990243897 0
1595589338992 0.8197296828474736 0
1595590687126 0.8164638892938647 0
1595592038996 0.8204897903983546 0
1595593403763 0.8203343803170665 0
1595594740098 0.8256209354164435 0
1595596085575 0.8265486890313632 0
1595597442994 0.8258230099076722 0
1595598796307 0.8269786754926294 0
1595600138220 0.824523973909949 0
1595601491737 0.8255359466027106 0
1595602839723 0.8254822155552237 0
1595604185054 0.824802817817549 0
1595605539540 0.8240666210829695 0
1595606886897 0.8253241271943065 0
1595608239700 0.8261079943996223 0
1595609611070 0.8254297565647356 0
1595610988893 0.8270775492127261 0
1595612346595 0.828163783262595 0
1595613711517 0.8287417633951566 0
1595615077661 0.8277590307298717 0
1595616441180 0.828901865250662 0
1595617808795 0.8287765093605942 0
1595619170916 0.8276128623087022 0
1595620537361 0.8280514167336527 0
1595621909429 0.8293938784281178 0
1595623278730 0.8287176889284726 0
1595624648743 0.8276891396513544 0
1595626017186 0.8274696562194931 0
1595627382979 0.8283710966265164 0
1595628755894 0.8281614633448287 0
1595630112982 0.8280765818758925 0
1595631478579 0.828206476322132 0
1595632832876 0.8282980078276999 0
1595634197626 0.8284620603907357 0
1595635570865 0.8280983908474583 0
1595636934506 0.8278144221819782 0
1595638291032 0.8280894522212914 0
1595639645487 0.8273944040636237 0
1595640991026 0.8282414219010187 0
1595642347590 0.8286101771201734 0
1595643704512 0.8278680504209304 0
1595645052709 0.8278185678433257 0
1595646416839 0.8279153116633516 0
1595647765922 0.8277875544760408 0
1595649129308 0.8277922058425612 0
1595650479331 0.8282433342112389 0
1595651834996 0.8282236020980145 0
1595653189015 0.8281638598511959 0
1595654547621 0.8281713678043865 0
1595655904534 0.827742914960971 0
1595657250471 0.8280335822798175 0
1595658607892 0.8278674059848432 0
1595659953566 0.8278126242947746 0
1595661300521 0.828127921372224 0
1595662647869 0.8282195256084904 0
1595663989660 0.8279371293259604 0
1595665334513 0.8278939261608304 0
1595666689901 0.8281332072580779 0
1595668049166 0.828026320604078 0
1595669403664 0.8282272905657124 0
1595670759962 0.8282202427225621 0
1595672114198 0.8282111149798543 0
1595673462629 0.8282758080290108 0
1595674823109 0.8283133737981309 0
1595676166698 0.8284811875051727 0
1595677520053 0.8283538399682033 0
1595678871097 0.8282733142733811 0
1595680215687 0.8284780089630067 0
1595681579709 0.8281509841906385 0
1595682927225 0.8282318420338658 0
1595684289803 0.8284030873158287 0
1595685649614 0.8282698002707277 0
1595687011431 0.8282398560574638 0
1595688368792 0.828414693948597 0
1595689723507 0.8281804942961718 0
1595691080369 0.8283077306594169 0
1595692431205 0.8283883865023828 0
1595693797184 0.8283002573749847 0
1595695155846 0.8282060750832584 0
1595696511160 0.8283430526708523 0
1595697868169 0.8284791685423862 0
1595699216065 0.8284380167770251 0
1595700572109 0.828295071731843 0
1595701932296 0.8280316763677813 0
1595703299061 0.8282613381249577 0
1595704661543 0.8283879833049709 0
1595706028163 0.8282145254540233 0
1595707384638 0.8282500282438273 0
1595708731086 0.8282307034739257 0
1595710084057 0.8282492078676619 0
1595711447415 0.8282740368191163 0
1595712800547 0.8283081067866268 0
1595714164252 0.8282705406883084 0
1595715514499 0.8281903768294725 0
1595716863125 0.8281931643406751 0
1595718219194 0.8282719286496918 0
1595719567659 0.8282069198428766 0
1595720922375 0.8281959221379656 0
1595722263778 0.8282727070273166 0
1595723615738 0.8282515478041137 0
1595724961763 0.8282084130691596 0
1595726319706 0.8282327931808817 0
1595727662080 0.8281675834926697 0
1595729011034 0.8281280940126677 0
1595730362090 0.82832773527268 0
1595731711170 0.828307840951316 0
1595733052875 0.8282827172654769 0
1595734398156 0.8282630369683254 0
1595735757463 0.8282887211535881 0
1595737105991 0.8282956749159271 0
1595738466962 0.8283522509065716 0
1595739811118 0.8283292446826092 0
1595741159767 0.8282754880193668 0
1595742499546 0.8282869591455432 0
1595743846003 0.8283803388544239 0
