1595571690071 0.7379155892010815 0
1595573043404 0.7614632774735369 0
1595574406688 0.7654005117467619 0
1595575758748 0.7833960331287234 0
1595577115929 0.7714514451142861 0
1595578474886 0.775989751402708 0
1595579839307 0.7687801878845599 0
1595581198700 0.7687890210777466 0
1595582550218 0.7583683202904137 0
1595583915120 0.7794962947337272 0
1595585277944 0.7833253534560362 0
1595586629293 0.7868263234095286 0
1595587988902 0.785035305939387 0
1595589339000 0.7883328886802023 0
1595590687141 0.784460205444458 0
1595592039022 0.7889726693906679 0
1595593403779 0.7886156296189294 0
1595594740112 0.7956476772798751 0
1595596085593 0.7966804412005345 0
1595597443001 0.7952327507376205 0
1595598796352 0.7975481543488915 0
1595600138319 0.795251129252405 0
1595601491793 0.7962910294588297 0
1595602839753 0.7948361188403305 0
1595604185083 0.7954131290921146 0
1595605539579 0.7927639467988897 0
1595606886948 0.794969378654638 0
1595608239707 0.7956674514230074 0
1595609611145 0.7954882275046695 0
1595610988907 0.7966155917952612 0
1595612346620 0.7987534073940697 0
1595613711525 0.7985146373019382 0
1595615077668 0.7981031783152636 0
1595616441195 0.799236323215093 0
1595617808818 0.7988245277778777 0
1595619170941 0.7974989957219935 0
1595620537425 0.7984325438004353 0
1595621909472 0.7991179289770162 0
1595623278748 0.7991246189905414 0
1595624648769 0.7984759255000154 0
1595626017198 0.7982158499927632 0
1595627383026 0.7985802495203632 0
1595628755907 0.7988703040476995 0
1595630113010 0.7986667728663227 0
1595631478612 0.7986199300566438 0
1595632832980 0.7988401829900581 0
1595634197696 0.7989796967641921 0
1595635570931 0.7986677653859039 0
1595636934515 0.7982296289612124 0
1595638291065 0.7988305766414338 0
1595639645549 0.7983594563241768 0
1595640991071 0.7988636368359191 0
1595642347663 0.7990845849442841 0
1595643704553 0.7987488966505304 0
1595645052733 0.7985528879473867 0
1595646416957 0.7987718623280932 0
1595647765956 0.7985096915469811 0
1595649129337 0.798527451541693 0
1595650479388 0.7990754142598474 0
1595651835081 0.7988973234463921 0
1595653189047 0.7988373099119018 0
1595654547629 0.7986900186993596 0
1595655904593 0.7985431587179158 0
1595657250489 0.7986167391037671 0
1595658607902 0.7986420588595138 0
1595659953586 0.79842112434893 0
1595661300529 0.7987274519556812 0
1595662647897 0.7988184348772785 0
1595663989682 0.7986301739498823 0
1595665334524 0.7986056062685732 0
1595666689931 0.7988411309590289 0
1595668049173 0.7986565764364495 0
1595669403676 0.7988838533169992 0
1595670759974 0.7989454159308247 0
1595672114232 0.7989622278040082 0
1595673462647 0.7988712224495208 0
1595674823129 0.7989002867479477 0
1595676166712 0.7990165886897529 0
1595677520064 0.7988787707598446 0
1595678871117 0.798813379998553 0
1595680215694 0.7990067452034189 0
1595681579732 0.7986918057157176 0
1595682927272 0.7988125321440275 0
1595684289846 0.7989515730899629 0
1595685649628 0.7988312330525179 0
1595687011453 0.7987249797180519 0
1595688368835 0.7989821653155987 0
1595689723529 0.7988004498041733 0
1595691080392 0.7989163767464991 0
1595692431230 0.7989787393864862 0
1595693797202 0.7989923415396126 0
1595695155858 0.7988407857468149 0
1595696511226 0.7989869734588583 0
1595697868203 0.7990506294377252 0
1595699216098 0.7990301909237539 0
1595700572130 0.7988683106045397 0
1595701932303 0.7986283211971252 0
1595703299109 0.7988367545951433 0
1595704661565 0.7988658712604227 0
1595706028193 0.7987885112175473 0
1595707384651 0.7987942516652277 0
1595708731179 0.7988346532028062 0
1595710084067 0.7988452772285036 0
1595711447430 0.798862257221621 0
1595712800578 0.7988395533760307 0
1595714164303 0.7988123803089492 0
1595715514513 0.7987672420306932 0
1595716863139 0.798730092116362 0
1595718219228 0.7987691146277748 0
1595719567701 0.7987655521409555 0
1595720922416 0.7987990802108818 0
1595722263793 0.7988343606213505 0
1595723615754 0.7987730228893913 0
1595724961778 0.798785874378368 0
1595726319718 0.7988028531613586 0
1595727662087 0.7986974339613865 0
1595729011054 0.7986455396286459 0
1595730362143 0.7988109138865728 0
1595731711201 0.798891242894363 0
1595733052882 0.7988387321730407 0
1595734398229 0.7987771171366417 0
1595735757470 0.798860797606241 0
1595737106087 0.7988807503417589 0
1595738466983 0.798916333743815 0
1595739811125 0.7988059964929087 0
1595741159791 0.7988149052383378 0
1595742499560 0.7988607316735159 0
1595743846027 0.7989205327884674 0
