1595571401770 1.8863290798358934 0
1595572764949 1.8821868879749792 0
1595574124746 1.869850941968299 0
1595575482752 1.8748079489125977 0
1595576837000 1.8463213299051187 0
1595578188454 1.8466346699969027 0
1595579549959 1.858384060721866 0
1595580908210 1.8686582736000357 0
1595582259849 1.879698353203538 0
1595583612489 1.8710005490077024 0
1595584966005 1.8478058929978867 0
1595586320748 1.8575078142663843 0
1595587666307 1.8529118772974495 0
1595589005881 1.8633354908173778 0
1595590351635 1.8613813510126165 0
1595591705006 1.8564302565931388 0
1595593062625 1.8637952211964337 0
1595594404688 1.869384934152088 0
1595595746517 1.8559230568977942 0
1595597098682 1.8486701463688315 0
1595598451896 1.8526151126126038 0
1595599796285 1.8495318737037905 0
1595601146920 1.8501633859487923 0
1595602489204 1.8495231894399389 0
1595603837509 1.8486270967541796 0
1595605185844 1.853581210781384 0
1595606534489 1.865304137831577 0
1595607887045 1.8651547311850563 0
1595609249104 1.8606493857948372 0
1595610610761 1.8588161884901644 0
1595611976443 1.8556740487734213 0
1595613333728 1.856594251267286 0
1595614697411 1.8651164449216115 0
1595616058009 1.8633973732356883 0
1595617420692 1.8539338799964091 0
1595618783006 1.8505036239285395 0
1595620144824 1.8656331501550463 0
1595621510377 1.8516822599557488 0
1595622882894 1.8669101569792341 0
1595624246275 1.8570509566244855 0
1595625616897 1.8496014710598796 0
1595626981460 1.8577099913511268 0
1595628348844 1.8595179834216218 0
1595629711427 1.8530840465197576 0
1595631067761 1.8686447870032439 0
1595632431306 1.8531630962570278 0
1595633791566 1.8532455071843823 0
1595635161354 1.8514559099636818 0
1595636527162 1.8568219642418657 0
1595637890611 1.8586273793835566 0
1595639249473 1.8546616991721925 0
1595640596620 1.8591813737946439 0
1595641953289 1.8526584431713617 0
1595643310979 1.8569371218921527 0
1595644670997 1.8521006416427903 0
1595646030019 1.859439448321978 0
1595647383121 1.86443087653027 0
1595648744949 1.8623506645837369 0
1595650098470 1.863290920619823 0
1595651457347 1.8599453452793062 0
1595652811826 1.8597573846160234 0
1595654173345 1.8681003723530412 0
1595655529336 1.8550595932022587 0
1595656885919 1.8528375483858595 0
1595658242220 1.853567875977098 0
1595659590228 1.8568902752007659 0
1595660944995 1.8576694291844829 0
1595662295837 1.8478939623797264 0
1595663640511 1.8560391868273154 0
1595664979807 1.8515252074754307 0
1595666326218 1.855117066156559 0
1595667692535 1.8589776729769592 0
1595669037048 1.8551919356935975 0
1595670399599 1.8716221447329595 0
1595671753335 1.8566741232631818 0
1595673099352 1.860003519412607 0
1595674444627 1.8640193458828032 0
1595675800627 1.8546522425581462 0
1595677143291 1.850594117265413 0
1595678488897 1.8549154617882877 0
1595679831844 1.8622636999796482 0
1595681188863 1.855421628763024 0
1595682533922 1.851524591347484 0
1595683892103 1.856947307543357 0
1595685249968 1.85200099311123 0
1595686615640 1.8545245054238695 0
1595687965996 1.8631694766728963 0
1595689322910 1.8537227183112814 0
1595690681024 1.8575738696004613 0
1595692027501 1.857175302347991 0
1595693381305 1.8597970519747054 0
1595694745073 1.8590601419831583 0
1595696095714 1.853184732693862 0
1595697448129 1.8530022904067665 0
1595698803836 1.8678875654615912 0
1595700154991 1.8519201685238436 0
1595701509513 1.8498672548155466 0
1595702870038 1.8556298096252808 0
1595704241854 1.8515808340146658 0
1595705601983 1.8590893289651091 0
1595706964510 1.854187449278859 0
1595708313002 1.85956512139318 0
1595709661835 1.8607222535805108 0
1595711028037 1.8732524898601504 0
1595712379566 1.8563946299470229 0
1595713738452 1.8553746559716373 0
1595715102975 1.8483333691991528 0
1595716453256 1.8577810901930074 0
1595717805457 1.8568624243275573 0
1595719160794 1.850242224141254 0
1595720511667 1.8636813160804162 0
1595721860427 1.8575534236815032 0
1595723216152 1.8486605095134896 0
1595724561636 1.8594706420756686 0
1595725920723 1.8538963217857354 0
1595727269776 1.854978361964521 0
1595728619950 1.8536765920928842 0
1595729965028 1.8711069327164642 0
1595731315265 1.8545722469232182 0
1595732661170 1.860951928832529 0
1595734002129 1.8448821482433946 0
1595735353245 1.862217089048995 0
1595736713097 1.8563187770071747 0
1595738070723 1.859714983121902 0
1595739420672 1.8634366830649403 0
1595740763463 1.8532785711753084 0
1595742109896 1.8616620819003595 0
1595743450021 1.8617029888978387 0
