1595571401767 0.26185436292092334 0
1595572764920 0.23601219704656143 0
1595574124743 0.2300360135789453 0
1595575482749 0.2240758859833147 0
1595576836997 0.21983389099898365 0
1595578188450 0.21451276769011007 0
1595579549956 0.21157166925370446 0
1595580908206 0.20855667175068332 0
1595582259846 0.20388118153657922 0
1595583612485 0.1993753443834311 0
1595584966002 0.19726824785046693 0
1595586320744 0.18457561544920176 0
1595587666303 0.18075756869539558 0
1595589005877 0.17737760266226052 0
1595590351631 0.1733994937504155 0
1595591705002 0.16971236263101105 0
1595593062622 0.1645188408909161 0
1595594404685 0.157427630275734 0
1595595746514 0.1517359779287871 0
1595597098678 0.14807186308636044 0
1595598451892 0.14676842741317536 0
1595599796282 0.14389775158156057 0
1595601146917 0.14297913841158766 0
1595602489200 0.13700609772929861 0
1595603837506 0.13347042786321986 0
1595605185841 0.13257263063258568 0
1595606534486 0.13202927378794557 0
1595607887041 0.1295435110016316 0
1595609249101 0.12885904712041088 0
1595610610757 0.1267634496880306 0
1595611976437 0.12502429742307627 0
1595613333725 0.12249968573758663 0
1595614697408 0.12116465840910114 0
1595616058005 0.12263541077405928 0
1595617420688 0.1217451027904435 0
1595618783003 0.12041409475487387 0
1595620144821 0.12031611257550344 0
1595621510374 0.1198944938188368 0
1595622882891 0.11887574429192344 0
1595624246272 0.11931065804364266 0
1595625616893 0.11871340356361118 0
1595626981457 0.11825151733198902 0
1595628348841 0.1181470491853408 0
1595629711424 0.11716669161429492 0
1595631067759 0.11794058839974327 0
1595632431302 0.11685471177642548 0
1595633791563 0.11646259994292978 0
1595635161350 0.11584402407303415 0
1595636527159 0.11689936751953513 0
1595637890608 0.1166386220305789 0
1595639249470 0.11683625535628797 0
1595640596617 0.11578848060992608 0
1595641953285 0.1154243063480031 0
1595643310976 0.11642664620955802 0
1595644670994 0.11588676497770872 0
1595646030014 0.11579048208135598 0
1595647383117 0.11522470397334839 0
1595648744946 0.11526511697226276 0
1595650098466 0.11619649923304258 0
1595651457344 0.11604664370596016 0
1595652811823 0.11491994724649718 0
1595654173342 0.11581713747014742 0
1595655529333 0.11519691894718383 0
1595656885908 0.1152890590192561 0
1595658242216 0.11633140233235355 0
1595659590225 0.11524148836953398 0
1595660944992 0.11498423023141681 0
1595662295834 0.11555755927137458 0
1595663640507 0.11538180862234261 0
1595664979803 0.11495413071022952 0
1595666326215 0.11546907120197396 0
1595667692532 0.11532575552967785 0
1595669037045 0.1144561177491834 0
1595670399596 0.11543287562004896 0
1595671753332 0.11579136034853689 0
1595673099349 0.11524390773024813 0
1595674444624 0.11453676694568822 0
1595675800624 0.11464775867243378 0
1595677143288 0.11581464817333724 0
1595678488894 0.11397264268430769 0
1595679831840 0.11508164446859395 0
1595681188859 0.11561423272177467 0
1595682533919 0.11482819463537805 0
1595683892099 0.11636076724229029 0
1595685249964 0.1150225749436203 0
1595686615637 0.11599946345958603 0
1595687965990 0.11484219749711153 0
1595689322906 0.11422200465665609 0
1595690681021 0.11490501125491571 0
1595692027497 0.11493988980982886 0
1595693381302 0.11451298903756944 0
1595694745070 0.11538083245477876 0
1595696095710 0.11433820835292388 0
1595697448126 0.1134946862640187 0
1595698803833 0.11504031634719583 0
1595700154988 0.11471590966995249 0
1595701509507 0.11453138421190415 0
1595702870034 0.1153958748247779 0
1595704241851 0.11586726995755654 0
1595705601980 0.11539910498677355 0
1595706964506 0.11462023428815835 0
1595708312998 0.11619492508255677 0
1595709661832 0.11425060179918192 0
1595711028034 0.11512830827622056 0
1595712379562 0.11602819246769837 0
1595713738449 0.11564012484595758 0
1595715102971 0.11595608959086762 0
1595716453252 0.11546939249826452 0
1595717805454 0.11505863338348961 0
1595719160791 0.1153665004124285 0
1595720511664 0.11536365376460857 0
1595721860424 0.11621475012390009 0
1595723216149 0.11405108679273619 0
1595724561633 0.11580792616385256 0
1595725920720 0.11473101225522409 0
1595727269773 0.11511049018657522 0
1595728619942 0.11439481312693593 0
1595729965025 0.11576566300997057 0
1595731315261 0.1143474782733239 0
1595732661166 0.11529265200637717 0
1595734002125 0.11474231070847328 0
1595735353241 0.11605460802285411 0
1595736713094 0.11540814724763891 0
1595738070720 0.11650078188440309 0
1595739420668 0.11430663230631294 0
1595740763460 0.11555419804591417 0
1595742109893 0.11520307410960597 0
1595743450018 0.11545341086445467 0
