1595571401768 0.11061931533152952 0
1595572764921 0.06727219024145534 0
1595574124744 0.05897957800166923 0
1595575482750 0.05358565309562534 0
1595576836998 0.05088545582707107 0
1595578188451 0.047511107048356614 0
1595579549957 0.04536123652531036 0
1595580908208 0.043321495786890644 0
1595582259847 0.04173790616010993 0
1595583612486 0.0397958770639653 0
1595584966003 0.03889326838135079 0
1595586320745 0.0347065731766153 0
1595587666305 0.03255743767914664 0
1595589005879 0.03345934796038612 0
1595590351632 0.0324169632987966 0
1595591705004 0.030753448286284495 0
1595593062623 0.029147212572386574 0
1595594404686 0.028932000005127082 0
1595595746515 0.02751399003104618 0
1595597098679 0.02698975435475812 0
1595598451894 0.02738538676062268 0
1595599796283 0.026246480223173652 0
1595601146918 0.02715954499209221 0
1595602489202 0.026444268523343216 0
1595603837507 0.024825408236099782 0
1595605185842 0.025399790456923053 0
1595606534487 0.02505571599976674 0
1595607887042 0.025132334150214743 0
1595609249102 0.025176214237645895 0
1595610610759 0.0257723287452 0
1595611976438 0.024106172868608198 0
1595613333726 0.024429821068690943 0
1595614697409 0.02321900569548881 0
1595616058007 0.02486388158165826 0
1595617420689 0.023590993990296457 0
1595618783004 0.023569055183073097 0
1595620144822 0.02277476663793907 0
1595621510375 0.02351752475404329 0
1595622882892 0.023161917959680606 0
1595624246273 0.023775297028749327 0
1595625616895 0.023329570891299462 0
1595626981458 0.024170966451225493 0
1595628348842 0.02313227137542252 0
1595629711425 0.023529133328769592 0
1595631067760 0.02434615072116339 0
1595632431303 0.023479307969877516 0
1595633791564 0.021686097893104092 0
1595635161351 0.022260881675938704 0
1595636527160 0.023080755120607033 0
1595637890609 0.022059826863930397 0
1595639249471 0.022929120093957436 0
1595640596618 0.023430149370464507 0
1595641953286 0.022219892009930464 0
1595643310977 0.023880861777159316 0
1595644670995 0.02297767257017201 0
1595646030016 0.02334677042663759 0
1595647383118 0.022584715914723334 0
1595648744947 0.02273945383272656 0
1595650098467 0.023874650640212443 0
1595651457345 0.022599687696469934 0
1595652811824 0.021984849397775976 0
1595654173343 0.02350980694664136 0
1595655529334 0.022781463807604863 0
1595656885909 0.023024569214594687 0
1595658242217 0.022469029382900216 0
1595659590226 0.023163282186904974 0
1595660944993 0.022692810574951747 0
1595662295835 0.022998154538514018 0
1595663640508 0.022098649011230407 0
1595664979804 0.0229766614947385 0
1595666326216 0.023247012171689937 0
1595667692533 0.023114636781703123 0
1595669037046 0.022118828285171734 0
1595670399597 0.023033149431987945 0
1595671753333 0.02332417978234143 0
1595673099350 0.023127276385122252 0
1595674444625 0.02269211016769554 0
1595675800625 0.022619720320944066 0
1595677143289 0.023285973222584414 0
1595678488895 0.022648355259804607 0
1595679831841 0.02303256279537816 0
1595681188860 0.02376200207820567 0
1595682533920 0.022956928920614496 0
1595683892100 0.02290226077887981 0
1595685249965 0.0226708001035714 0
1595686615638 0.02277640809248679 0
1595687965992 0.02243485266539252 0
1595689322907 0.023812629798797138 0
1595690681022 0.022411308882136625 0
1595692027498 0.02158486223637344 0
1595693381303 0.022112100476454438 0
1595694745071 0.02265114434750583 0
1595696095711 0.023401518397030908 0
1595697448127 0.02302364001921928 0
1595698803834 0.023637177850235898 0
1595700154989 0.022641003664243046 0
1595701509511 0.023429774891357856 0
1595702870035 0.022879160946222755 0
1595704241852 0.022920147735974655 0
1595705601981 0.023625637903543457 0
1595706964507 0.022890080609489587 0
1595708312999 0.02259998891270365 0
1595709661833 0.02282107522526393 0
1595711028035 0.022814613984321712 0
1595712379563 0.02266976153763537 0
1595713738450 0.023046996869269105 0
1595715102972 0.02340702445977456 0
1595716453254 0.023542815264415158 0
1595717805455 0.02252787291900963 0
1595719160792 0.022660799702405653 0
1595720511665 0.02243136675671915 0
1595721860425 0.022458048045756733 0
1595723216150 0.022642919938499147 0
1595724561634 0.022708892177222842 0
1595725920721 0.022923650133806494 0
1595727269774 0.02353763645316815 0
1595728619943 0.02284192466505816 0
1595729965026 0.023283716864710095 0
1595731315263 0.022516528672721733 0
1595732661167 0.023383706485184293 0
1595734002126 0.022772739293948924 0
1595735353242 0.023086863957613887 0
1595736713095 0.022950507339661516 0
1595738070721 0.02388707294419537 0
1595739420670 0.02331021134926177 0
1595740763461 0.02286800146662391 0
1595742109894 0.022153569674476962 0
1595743450019 0.023311257009851285 0
