1595571401765 0.2886619865402124 0
1595572764918 0.2586051874496443 0
1595574124741 0.24956634049446105 0
1595575482747 0.2413648169681516 0
1595576836995 0.23587105005462736 0
1595578188448 0.23507132779262363 0
1595579549954 0.23048798497504777 0
1595580908205 0.22591348408323786 0
1595582259844 0.22010452307693038 0
1595583612484 0.22229599929318558 0
1595584966000 0.21827441508690254 0
1595586320742 0.2036891384165608 0
1595587666302 0.19736175880168313 0
1595589005876 0.19454614896231895 0
1595590351625 0.19141852352414418 0
1595591705001 0.18899923722351217 0
1595593062620 0.1845634681173438 0
1595594404683 0.1789108892482829 0
1595595746513 0.17198100009307105 0
1595597098677 0.17184251067586226 0
1595598451891 0.16996168257540953 0
1595599796281 0.16898532512633885 0
1595601146915 0.16414039094127178 0
1595602489199 0.15974591933283108 0
1595603837504 0.15731157182195185 0
1595605185840 0.15784260306375072 0
1595606534484 0.15488471818009653 0
1595607887039 0.15365299166577795 0
1595609249099 0.1536052559989233 0
1595610610756 0.15257458924065928 0
1595611976435 0.14986224086766003 0
1595613333724 0.14754404787137232 0
1595614697406 0.14681921622152175 0
1595616058004 0.14882852084793205 0
1595617420685 0.14617828287731804 0
1595618783001 0.1459541838988354 0
1595620144819 0.14465668978374127 0
1595621510367 0.14426264920811038 0
1595622882889 0.142839722458387 0
1595624246270 0.14392970335030733 0
1595625616892 0.14320671897378467 0
1595626981455 0.14187195643315031 0
1595628348839 0.14232861929250887 0
1595629711422 0.1408253569251294 0
1595631067758 0.14197767135540285 0
1595632431301 0.1413753472305496 0
1595633791561 0.14061143108382881 0
1595635161349 0.13957631479084345 0
1595636527157 0.14136887520157926 0
1595637890607 0.14099885606684534 0
1595639249468 0.14196330324910478 0
1595640596613 0.1408536002150653 0
1595641953284 0.13936733392018802 0
1595643310974 0.14130029167816915 0
1595644670992 0.14013789555105566 0
1595646030013 0.14038961804929495 0
1595647383116 0.13955219827967671 0
1595648744944 0.13899102598785568 0
1595650098465 0.14087210037890888 0
1595651457343 0.14041201303029335 0
1595652811821 0.13871828217173193 0
1595654173340 0.13992984611371842 0
1595655529331 0.13965065673941132 0
1595656885906 0.13919572810266354 0
1595658242214 0.1398429027631645 0
1595659590223 0.1384229480321992 0
1595660944990 0.13828029026739563 0
1595662295832 0.13891642571763005 0
1595663640506 0.1397285238062174 0
1595664979801 0.13916983787034978 0
1595666326213 0.13916879884043476 0
1595667692530 0.1386331510749314 0
1595669037043 0.13873843697971003 0
1595670399595 0.1397711015948572 0
1595671753330 0.13974546398706025 0
1595673099348 0.13940698812191984 0
1595674444622 0.13784875479872122 0
1595675800622 0.13898718327862186 0
1595677143286 0.13906385586846967 0
1595678488892 0.13826890254714683 0
1595679831839 0.13955185405485498 0
1595681188858 0.13992249104328927 0
1595682533917 0.13938276172853226 0
1595683892097 0.1399957603820339 0
1595685249962 0.1393867075769346 0
1595686615635 0.14016710962826412 0
1595687965988 0.1387055215420406 0
1595689322904 0.13869450005689601 0
1595690681020 0.13778937151494053 0
1595692027496 0.13965528712759423 0
1595693381300 0.13919434910540143 0
1595694745068 0.14021518258923937 0
1595696095708 0.1394909568235561 0
1595697448124 0.1381227297079307 0
1595698803831 0.1395035935896522 0
1595700154986 0.13870238909585528 0
1595701509505 0.1382399029771372 0
1595702870033 0.13944925488419616 0
1595704241849 0.13869968580864955 0
1595705601978 0.1397564323091438 0
1595706964505 0.13847033874517034 0
1595708312996 0.13986756522777552 0
1595709661830 0.137810963598979 0
1595711028032 0.13946440349264544 0
1595712379561 0.13980107652338747 0
1595713738448 0.13952230751932798 0
1595715102970 0.13995746428702213 0
1595716453250 0.14004999514543057 0
1595717805452 0.13889552599617414 0
1595719160789 0.1388467444086941 0
1595720511662 0.1385564106761868 0
1595721860422 0.14047605343759798 0
1595723216147 0.13830104616065345 0
1595724561631 0.1393866233287716 0
1595725920718 0.13900637841059785 0
1595727269771 0.13885441618724662 0
1595728619940 0.13801206428400747 0
1595729965023 0.13928539006302515 0
1595731315260 0.1382266652149715 0
1595732661164 0.1395953453701946 0
1595734002123 0.139093234264511 0
1595735353239 0.13998483094939707 0
1595736713092 0.13951217977777677 0
1595738070718 0.1396923861493265 0
1595739420667 0.13831780290094217 0
1595740763457 0.13955967402059513 0
1595742109891 0.1397530568515979 0
1595743450016 0.13940705529096498 0
